3:30:40,0.16,-1.03,-0.28
3:30:40,0.14,-1.02,-0.33
3:30:41,0.06,-1.02,-0.26
3:30:41,0.14,-0.99,-0.27
3:30:41,0.12,-0.98,-0.26
3:30:41,0.13,-1.00,-0.26
3:30:41,0.14,-1.00,-0.29
3:30:41,0.06,-0.98,-0.26
3:30:41,0.06,-0.95,-0.24
3:30:41,0.06,-0.97,-0.25
3:30:41,0.03,-0.94,0.02
3:30:41,0.10,-1.01,-0.01
3:30:42,0.12,-1.00,-0.32
3:30:42,0.49,-1.24,-0.38
3:30:42,0.02,-1.10,-0.31
3:30:42,0.28,-1.06,-0.30
3:30:42,0.19,-1.01,-0.29
3:30:42,0.17,-0.99,-0.27
3:30:42,0.28,-0.98,-0.23
3:30:42,0.17,-0.98,-0.32
3:30:42,0.25,-0.97,-0.27
3:30:42,0.21,-0.99,-0.26
3:30:43,0.23,-0.96,-0.27
3:30:43,0.23,-0.96,-0.28
3:30:43,0.22,-0.98,-0.27
3:30:43,0.21,-0.98,-0.27
3:30:43,0.21,-0.98,-0.30
3:30:43,0.16,-1.03,-0.24
3:30:43,-0.28,-0.83,-0.45
3:30:43,0.43,-0.88,-0.24
3:30:43,0.17,-0.95,-0.22
3:30:43,0.19,-0.99,-0.25
3:30:44,0.28,-0.98,-0.23
3:30:44,0.31,-0.98,-0.25
3:30:44,0.28,-0.95,-0.22
3:30:55,0.18,-1.41,-0.23
3:30:56,-0.34,-0.86,-0.37
3:30:56,-0.47,-0.91,-0.41
3:30:56,-0.48,-0.93,-0.37
3:30:56,-0.34,-0.92,-0.28
3:30:56,-0.38,-0.90,-0.29
3:30:56,-0.31,-0.94,-0.33
3:30:56,-0.36,-0.94,-0.24
3:30:56,-0.36,-0.90,-0.28
3:30:56,-0.25,-0.96,-0.29
3:30:56,-0.24,-0.98,-0.26
3:30:57,-0.23,-0.97,-0.28
3:30:57,-0.22,-0.98,-0.27
3:30:57,-0.21,-0.96,-0.26
3:30:57,-0.22,-0.97,-0.24
3:30:57,-0.21,-0.97,-0.26
3:30:57,-0.20,-0.95,-0.28
3:30:57,-0.20,-0.96,-0.27
3:30:57,-0.22,-0.96,-0.25
3:30:57,-0.21,-0.99,-0.26
3:30:57,-0.21,-0.95,-0.25
3:30:58,-0.21,-0.97,-0.26
3:30:58,-0.22,-0.96,-0.26
3:31:3,-1.01,-0.06,0.04
3:31:3,-0.92,-0.06,0.04
3:31:3,-0.97,-0.21,0.01
3:31:3,-1.84,0.05,-0.60
3:31:4,-0.89,-0.32,-0.25
3:31:4,-0.93,0.20,-0.63
3:31:4,-0.88,-0.03,-0.44
3:31:4,-0.84,-0.02,-0.50
3:31:4,-0.84,-0.04,-0.50
3:31:4,-0.86,-0.04,-0.49
3:31:4,-0.87,-0.04,-0.48
3:31:4,-0.85,-0.03,-0.49
3:31:4,-0.86,-0.02,-0.45
3:31:4,-0.84,-0.03,-0.47
3:31:5,-0.85,-0.02,-0.48
3:31:5,-0.85,-0.02,-0.47
3:31:5,-0.86,-0.02,-0.47
3:31:5,-0.85,-0.02,-0.48
3:31:5,-0.85,-0.03,-0.48
3:31:5,-0.86,-0.03,-0.47
3:31:5,-0.85,-0.02,-0.48
3:31:5,-0.85,-0.02,-0.47
3:31:5,-0.86,-0.02,-0.48
3:31:5,-0.86,-0.02,-0.47
3:31:6,-0.85,-0.03,-0.49
3:31:6,-0.85,-0.02,-0.46
3:31:6,-0.85,-0.02,-0.48
3:31:6,-0.85,-0.01,-0.47
3:31:9,-0.80,-0.07,-0.55
3:31:9,-0.82,-0.06,-0.54
3:31:9,-0.81,-0.07,-0.56
3:31:9,-0.83,-0.06,-0.56
3:31:9,-0.81,-0.05,-0.55
3:31:9,-0.82,-0.08,-0.54
3:31:9,-0.80,-0.07,-0.55
3:31:9,-0.80,-0.08,-0.54
3:31:10,-0.82,-0.06,-0.52
3:31:10,-0.83,-0.07,-0.53
3:31:10,-0.81,-0.06,-0.54
3:31:10,-0.82,-0.07,-0.55
3:31:10,-0.80,-0.05,-0.56
3:31:10,-0.82,-0.07,-0.52
3:31:10,-0.81,-0.07,-0.51
3:31:10,-0.82,-0.04,-0.53
3:31:10,-0.83,-0.06,-0.51
3:31:10,-0.83,-0.05,-0.52
3:31:11,-0.83,-0.05,-0.50
3:31:14,-0.84,0.00,0.50
3:31:14,-0.79,0.09,0.29
3:31:14,-0.80,-0.08,0.47
3:31:14,-0.70,-0.40,-0.21
3:31:14,-0.71,-0.61,0.32
3:31:14,-0.75,-0.60,0.28
3:31:14,-0.74,-0.61,0.30
3:31:14,-0.78,-0.62,0.31
3:31:14,-0.73,-0.61,0.30
3:31:14,-0.74,-0.61,0.31
3:31:15,-0.75,-0.62,0.31
3:31:15,-0.74,-0.64,0.35
3:31:15,-0.63,-0.61,0.41
3:31:15,-0.49,-0.92,0.19
3:31:15,-0.30,-0.89,0.37
3:31:15,-0.20,-0.54,0.24
3:31:15,-0.74,-0.57,0.17
3:31:15,-0.82,-0.56,0.26
3:31:15,-0.84,-0.54,0.19
3:31:15,-0.84,-0.49,0.20
3:31:16,-0.86,-0.49,0.21
3:31:16,-0.90,-0.35,0.18
3:31:16,-0.83,-0.44,0.31
3:31:16,-0.88,-0.44,0.25
3:31:16,-0.94,-0.42,0.21
3:31:16,-0.88,-0.44,0.22
3:31:16,-0.87,-0.41,0.20
3:31:16,-0.90,-0.40,0.19
3:31:16,-0.89,-0.39,0.21
3:31:16,-0.90,-0.37,0.20
3:31:17,-0.90,-0.37,0.23
3:31:17,-0.91,-0.36,0.22
3:31:17,-0.90,-0.35,0.24
3:31:17,-0.90,-0.35,0.23
3:31:17,-0.90,-0.35,0.24
3:31:22,-0.81,-0.68,-0.22
3:31:22,-0.68,-0.62,-0.08
3:31:22,-0.65,-0.79,-0.15
3:31:22,-0.65,-0.74,-0.11
3:31:22,-0.80,-0.60,-0.24
3:31:22,-0.81,-0.63,-0.28
3:31:23,-0.66,-0.58,-0.27
3:31:23,-0.80,-0.60,-0.19
3:31:23,-0.67,-0.73,-0.75
3:31:23,-0.90,-0.56,-0.29
3:31:23,-0.77,-0.61,-0.24
3:31:23,-0.76,-0.64,-0.17
3:31:23,-0.70,-0.68,-0.31
3:31:23,-0.74,-0.71,-0.20
3:31:23,-0.52,-0.91,-0.17
3:31:23,-0.69,-0.82,-0.08
3:31:24,-0.73,-0.58,-0.19
3:31:24,-0.61,-0.96,-0.21
3:31:24,-0.61,-0.70,-0.26
4:39:48,-0.74,0.42,-0.25
4:39:49,-0.58,0.63,-0.22
4:39:49,-0.77,0.55,-0.24
4:39:49,-0.75,0.56,-0.21
4:39:49,-0.73,0.54,-0.20
4:39:49,-0.75,0.56,-0.22
4:39:49,-0.72,0.50,-0.25
4:39:49,-0.78,0.56,-0.25
4:39:49,-0.75,0.55,-0.22
4:39:49,-0.73,0.60,-0.16
4:39:49,-0.74,0.61,-0.17
4:39:50,-0.71,0.64,-0.18
4:39:50,-0.72,0.60,-0.16
4:39:50,-0.74,0.62,-0.20
4:39:50,-0.73,0.62,-0.17
4:39:50,-0.72,0.62,-0.17
4:39:50,-0.70,0.61,-0.15
4:39:50,-0.74,0.63,-0.09
4:39:50,-0.71,0.63,-0.14
4:39:52,-0.27,0.59,0.67
4:39:52,-0.31,0.59,0.71
4:39:52,-0.31,0.59,0.67
4:39:53,-0.32,0.58,0.69
4:39:53,-0.33,0.65,0.65
4:39:53,-0.33,0.65,0.66
4:39:53,-0.34,0.64,0.66
4:39:53,-0.33,0.65,0.64
4:39:53,-0.36,0.67,0.61
4:39:53,-0.33,0.66,0.63
4:39:53,-0.37,0.66,0.61
4:39:53,-0.34,0.66,0.62
4:39:53,-0.34,0.66,0.63
4:39:54,-0.35,0.66,0.63
4:39:54,-0.35,0.66,0.62
4:39:54,-0.35,0.67,0.63
4:39:54,-0.35,0.71,0.63
4:39:54,-0.52,0.51,0.64
4:39:54,-0.12,0.69,0.66
4:40:4,-0.89,0.35,-0.15
4:40:5,-0.89,0.36,-0.16
4:40:5,-0.89,0.35,-0.15
4:40:5,-0.88,0.36,-0.16
4:40:5,-0.90,0.35,-0.15
4:40:5,-0.88,0.35,-0.16
4:40:5,-0.88,0.36,-0.16
4:40:5,-0.89,0.35,-0.16
4:40:5,-0.89,0.35,-0.16
4:40:5,-0.90,0.35,-0.15
4:40:5,-0.88,0.34,-0.17
4:40:6,-0.89,0.35,-0.16
4:40:6,-0.89,0.34,-0.17
4:40:6,-0.89,0.34,-0.16
4:40:6,-0.90,0.35,-0.16
4:40:6,-0.91,0.33,-0.15
4:40:6,-0.90,0.32,-0.15
4:40:6,-0.92,0.33,-0.16
4:40:6,-0.90,0.29,-0.13
4:40:11,-0.82,0.14,-0.52
4:40:11,-0.81,0.15,-0.51
4:40:12,-0.80,0.13,-0.50
4:40:12,-0.81,0.16,-0.51
4:40:12,-0.80,0.19,-0.52
4:40:12,-0.81,0.21,-0.52
4:40:12,-0.79,0.22,-0.51
4:40:12,-0.79,0.21,-0.50
4:40:12,-0.81,0.23,-0.50
4:40:12,-0.80,0.21,-0.51
4:40:12,-0.79,0.25,-0.48
4:40:12,-0.79,0.23,-0.48
4:40:13,-0.81,0.27,-0.48
4:40:13,-0.80,0.27,-0.47
4:40:13,-0.80,0.27,-0.47
4:40:13,-0.80,0.28,-0.47
4:40:13,-0.81,0.29,-0.47
4:40:13,-0.80,0.30,-0.46
4:40:13,-0.78,0.28,-0.49
4:40:17,-0.86,0.09,-0.37
4:40:17,-0.88,-0.08,-0.37
4:40:17,-0.93,-0.04,-0.36
4:40:17,-0.92,-0.06,-0.31
4:40:17,-0.95,-0.10,-0.31
4:40:17,-0.92,-0.21,-0.35
4:40:17,-0.94,-0.26,-0.75
4:40:17,-0.92,-0.31,-0.28
4:40:17,-0.92,0.01,-0.40
4:40:17,-0.88,-0.31,-0.23
4:40:18,-0.94,-0.33,-0.20
4:40:18,-0.87,-0.33,-0.25
4:40:18,-0.90,-0.20,-0.28
4:40:18,-0.89,-0.23,-0.29
4:40:18,-0.81,-0.33,-0.27
4:40:18,-0.93,-0.17,-0.25
4:40:18,-1.07,-0.47,-0.25
4:40:18,-0.84,-0.17,-0.29
4:40:18,-0.91,-0.25,-0.28
5:37:28,-0.69,0.24,-0.63
5:37:28,-0.69,0.21,-0.64
5:37:28,-0.69,0.25,-0.66
5:37:28,-0.64,0.14,-0.73
5:37:29,-0.62,0.03,-0.80
5:37:29,-0.68,0.02,-0.66
5:37:29,-0.67,0.08,-0.71
5:37:29,-0.71,0.12,-0.66
5:37:29,-0.68,0.11,-0.67
5:37:29,-0.69,0.15,-0.66
5:37:29,-0.69,0.15,-0.67
5:37:29,-0.68,0.14,-0.65
5:37:29,-0.74,0.22,-0.67
5:37:29,-0.74,0.28,-0.57
5:37:30,-0.67,-0.00,-0.61
5:37:30,-0.73,0.27,-0.61
5:37:30,-0.73,0.23,-0.61
5:37:30,-0.72,0.24,-0.60
5:37:30,-0.73,0.24,-0.59
5:37:33,-0.18,0.07,-0.91
5:37:33,-0.23,0.15,-0.93
5:37:33,-0.17,0.17,-0.99
5:37:33,-0.10,0.40,-0.96
5:37:33,-0.06,0.40,-0.88
5:37:33,-0.02,0.38,-0.84
5:37:33,-0.04,0.35,-0.84
5:37:34,-0.29,0.31,-0.84
5:37:34,-0.48,-0.14,-0.80
5:37:34,-1.02,-0.20,-0.57
5:37:34,-0.69,-0.01,-0.69
5:37:34,-0.65,-0.03,-0.68
5:37:34,-0.78,-0.07,-0.63
5:37:34,-0.73,-0.06,-0.65
5:37:34,-0.70,-0.10,-0.58
5:37:34,-0.28,-0.09,-0.86
5:37:34,-0.54,0.16,-1.34
5:37:35,-0.46,0.17,-0.64
5:37:35,-0.69,-0.04,-0.66
5:37:35,-0.69,-0.07,-0.71
5:37:35,-0.69,-0.04,-0.68
5:37:35,-0.70,-0.10,-0.66
5:37:35,-0.67,-0.09,-0.74
5:37:35,-0.67,-0.17,-0.69
5:37:35,-0.71,-0.23,-0.64
5:37:35,-0.77,-0.18,-0.62
5:37:35,-0.65,-0.27,-0.63
5:37:36,-0.89,-0.39,-0.78
5:37:36,-0.66,-0.17,-0.73
5:37:36,-0.54,-0.05,-0.74
5:37:36,-0.70,-0.23,-0.69
5:37:36,-0.69,-0.31,-0.66
5:37:36,-0.71,-0.29,-0.65
5:37:36,-0.74,-0.41,-0.74
5:37:36,-0.76,-0.30,-0.61
5:37:36,-0.68,-0.31,-0.56
5:37:36,-0.69,-0.31,-0.65
6:5:24,-0.42,-0.30,-0.82
6:5:24,-0.48,-0.29,-0.85
6:5:24,-0.44,-0.39,-0.79
6:5:24,-0.45,-0.33,-0.85
6:5:24,-0.41,-0.42,-0.77
6:5:24,-0.52,-0.20,-0.82
6:5:24,-0.53,0.14,-0.78
6:5:24,-0.99,1.55,-0.56
6:5:24,-0.32,0.40,-0.59
6:5:24,-0.16,0.72,-0.78
6:5:25,0.38,0.94,-0.52
6:5:25,0.14,0.65,-0.77
6:5:25,0.10,0.64,-0.65
6:5:25,0.19,0.73,-0.62
6:5:25,0.18,0.70,-0.63
6:5:25,0.19,0.72,-0.60
6:5:25,0.20,0.72,-0.63
6:5:25,0.19,0.73,-0.61
6:5:25,0.18,0.73,-0.61
6:5:25,0.19,0.73,-0.61
6:5:26,0.18,0.73,-0.61
6:5:26,0.18,0.72,-0.61
6:5:26,0.18,0.73,-0.60
6:5:26,0.20,0.73,-0.61
6:5:26,0.21,0.73,-0.63
6:5:26,0.19,0.73,-0.62
6:5:26,0.19,0.74,-0.61
6:5:26,0.19,0.73,-0.62
6:5:26,0.19,0.72,-0.61
6:5:33,0.82,0.54,-0.05
6:5:33,0.82,0.27,-0.04
6:5:33,0.95,0.77,-0.27
6:5:33,0.27,0.12,0.00
6:5:34,0.41,0.48,-0.64
6:5:34,0.52,0.50,-0.64
6:5:34,0.51,0.58,-0.67
6:5:34,0.49,0.54,-0.66
6:5:34,0.46,0.57,-0.69
6:5:34,0.45,0.58,-0.66
6:5:34,0.52,0.60,-0.65
6:5:34,0.34,0.52,-0.71
6:5:34,0.37,0.62,-0.68
6:5:34,0.26,0.60,-0.69
6:5:35,0.02,0.78,-0.52
6:5:35,0.01,0.87,-0.50
6:5:35,0.02,0.83,-0.49
6:5:35,-0.02,0.85,-0.47
6:5:35,-0.00,0.85,-0.48
6:5:35,-0.01,0.85,-0.48
6:5:35,0.00,0.84,-0.50
6:5:35,0.04,0.84,-0.45
6:5:35,0.15,0.86,-0.43
6:5:35,0.08,0.85,-0.46
6:5:36,0.12,0.84,-0.43
6:5:36,0.08,0.86,-0.44
6:5:36,0.11,0.86,-0.43
6:5:36,0.10,0.87,-0.44
6:5:36,0.11,0.84,-0.45
6:5:36,0.09,0.87,-0.43
6:5:36,0.09,0.89,-0.43
6:5:36,0.09,0.86,-0.44
6:5:36,0.14,0.84,-0.41
6:5:36,0.06,0.85,-0.46
6:5:39,-0.27,0.60,-0.56
6:5:39,-0.39,0.69,-0.63
6:5:39,-0.28,0.67,-0.61
6:5:39,-0.29,0.69,-0.63
6:5:39,-0.27,0.65,-0.60
6:5:39,-0.28,0.70,-0.55
6:5:39,-0.33,0.71,-0.50
6:5:39,-0.30,0.62,-0.52
6:5:39,-0.37,0.72,-0.65
6:5:39,-0.44,0.60,-0.63
6:5:40,-0.51,0.47,-0.62
6:5:40,-0.48,0.51,-0.65
6:5:40,-0.51,0.52,-0.65
6:5:40,-0.49,0.59,-0.67
6:5:40,-0.39,0.69,-0.69
6:5:40,-0.54,0.70,-0.74
6:5:40,-0.63,0.39,-0.59
6:5:40,-0.23,0.50,-0.73
6:5:40,-0.19,0.57,-0.76
6:25:17,-0.49,0.76,-0.32
6:25:17,-0.48,0.77,-0.33
6:25:17,-0.51,0.76,-0.32
6:25:17,-0.50,0.76,-0.32
6:25:17,-0.52,0.76,-0.33
6:25:17,-0.50,0.76,-0.33
6:25:17,-0.49,0.77,-0.32
6:25:17,-0.48,0.77,-0.31
6:25:18,-0.48,0.77,-0.31
6:25:18,-0.48,0.77,-0.31
6:25:18,-0.48,0.77,-0.32
6:25:18,-0.48,0.77,-0.32
6:25:18,-0.49,0.78,-0.34
6:25:18,-0.47,0.78,-0.32
6:25:18,-0.47,0.76,-0.32
6:25:18,-0.45,0.79,-0.33
6:25:18,-0.47,0.76,-0.35
6:25:18,-0.47,0.78,-0.33
6:25:19,-0.49,0.76,-0.35
6:25:21,-0.86,0.14,-0.49
6:25:21,-0.85,0.12,-0.53
6:25:21,-0.76,0.18,-0.57
6:25:21,-0.72,0.23,-0.67
6:25:21,-0.80,0.17,-0.50
6:25:21,-0.65,0.49,-0.78
6:25:21,-0.59,0.17,-0.50
6:25:21,-0.73,-0.13,-0.42
6:25:21,-0.61,0.18,-0.85
6:25:22,-0.64,0.10,-0.82
6:25:22,-0.66,0.16,-0.71
6:25:22,-0.79,-0.15,-0.57
6:25:22,-0.79,0.06,-0.65
6:25:22,-0.84,0.22,-0.67
6:25:22,-0.79,0.03,-0.57
6:25:22,-0.79,0.05,-0.57
6:25:22,-0.79,0.03,-0.57
6:25:22,-0.79,0.04,-0.58
6:25:22,-0.78,0.05,-0.58
6:25:23,-0.80,0.05,-0.58
6:25:23,-0.79,0.04,-0.57
6:25:23,-0.78,0.04,-0.58
6:25:23,-0.79,0.04,-0.56
6:25:23,-0.79,0.03,-0.57
6:25:23,-0.78,0.03,-0.57
6:25:23,-0.79,0.03,-0.57
6:25:27,-0.39,-0.12,-0.88
6:25:27,-0.44,-0.09,-0.87
6:25:27,-0.49,-0.10,-0.87
6:25:27,-0.46,-0.09,-0.87
6:25:27,-0.47,-0.09,-0.88
6:25:28,-0.45,-0.10,-0.83
6:25:28,-0.48,-0.06,-0.83
6:25:28,-0.50,-0.05,-0.83
6:25:28,-0.51,-0.02,-0.87
6:25:28,-0.53,0.01,-0.83
6:25:28,-0.52,-0.01,-0.83
6:25:28,-0.52,-0.02,-0.81
6:25:28,-0.55,0.04,-0.85
6:25:28,-0.49,0.12,-0.88
6:25:28,-0.50,-0.14,-0.85
6:25:29,-0.46,-0.14,-0.88
6:25:29,-0.47,-0.11,-0.86
6:25:29,-0.46,-0.10,-0.87
6:25:29,-0.48,-0.10,-0.89
6:25:29,-0.48,0.05,-0.93
6:25:31,-0.31,0.34,-0.85
6:25:31,-0.31,0.35,-0.87
6:25:31,-0.31,0.35,-0.86
6:25:31,-0.30,0.33,-0.85
6:25:31,-0.31,0.35,-0.86
6:25:31,-0.31,0.36,-0.85
6:25:31,-0.30,0.35,-0.87
6:25:31,-0.28,0.34,-0.85
6:25:31,-0.29,0.34,-0.84
6:25:32,-0.34,0.30,-0.92
6:25:32,-0.77,0.02,-0.79
6:25:32,-0.49,-0.18,-0.82
6:25:32,-0.46,-0.10,-0.86
6:25:32,-0.47,-0.06,-0.85
6:25:32,-0.47,-0.02,-0.86
6:25:32,-0.46,0.01,-0.86
6:25:32,-0.45,0.10,-0.85
6:25:32,-0.49,0.11,-0.86
6:25:32,-0.49,0.07,-0.88
6:25:33,-0.42,0.06,-0.86
6:25:33,-0.46,0.03,-0.91
6:25:33,-0.28,-0.01,-0.88
6:25:33,-0.47,0.06,-0.98
6:25:33,-0.17,0.18,-0.89
6:25:33,-0.38,0.13,-0.93
6:25:33,-0.39,0.19,-0.89
6:25:33,-0.42,0.19,-0.89
6:25:33,-0.46,0.20,-0.87
6:25:33,-0.43,0.19,-0.78
6:25:34,-0.50,0.14,-0.86
6:25:34,-0.50,0.23,-0.85
6:25:34,-0.52,0.22,-0.86
6:34:11,-0.76,-0.45,-0.37
6:34:11,-0.77,-0.50,-0.40
6:34:11,-0.79,-0.40,-0.41
6:34:11,-0.76,-0.54,-0.44
6:34:11,-0.81,-0.50,-0.40
6:34:11,-0.66,-0.59,-0.44
6:34:11,-0.68,-0.58,-0.45
6:34:11,-0.66,-0.60,-0.48
6:34:11,-0.64,-0.61,-0.42
6:34:11,-0.68,-0.58,-0.36
6:34:12,-0.60,-0.70,-0.42
6:34:12,-0.66,-0.66,-0.36
6:34:12,-0.64,-0.71,-0.34
6:34:12,-0.63,-0.72,-0.37
6:34:12,-0.64,-0.72,-0.37
6:34:12,-0.65,-0.72,-0.35
6:34:12,-0.64,-0.72,-0.37
6:34:12,-0.62,-0.70,-0.37
6:34:12,-0.63,-0.69,-0.36
6:34:19,-0.43,0.55,-0.66
6:34:19,-0.42,0.55,-0.68
6:34:19,-0.42,0.58,-0.66
6:34:20,-0.40,0.56,-0.64
6:34:20,-0.44,0.53,-0.66
6:34:20,-0.42,0.52,-0.68
6:34:20,-0.43,0.54,-0.67
6:34:20,-0.43,0.55,-0.67
6:34:20,-0.43,0.53,-0.65
6:34:20,-0.45,0.52,-0.66
6:34:20,-0.46,0.54,-0.69
6:34:20,-0.45,0.53,-0.69
6:34:20,-0.44,0.53,-0.67
6:34:21,-0.42,0.59,-0.66
6:34:21,-0.60,0.46,-0.55
6:34:21,0.19,0.92,-0.75
6:34:21,-0.33,0.69,-0.58
6:34:21,-0.38,0.64,-0.60
6:34:21,-0.35,0.64,-0.63
7:20:41,-0.38,0.67,-0.63
7:20:41,-0.36,0.71,-0.59
7:20:41,-0.36,0.65,-0.65
7:20:41,-0.37,0.69,-0.57
7:20:41,-0.40,0.64,-0.50
7:20:41,-0.39,0.65,-0.62
7:20:41,-0.42,0.68,-0.57
7:20:42,-0.43,0.63,-0.61
7:20:42,-0.44,0.60,-0.62
7:20:42,-0.44,0.64,-0.61
7:20:42,-0.41,0.67,-0.56
7:20:42,-0.47,0.63,-0.57
7:20:42,-0.50,0.63,-0.59
7:20:42,-0.53,0.73,-0.49
7:20:42,-0.47,0.70,-0.56
7:20:42,-0.49,0.64,-0.56
7:20:42,-0.49,0.63,-0.56
7:20:43,-0.45,0.69,-0.55
7:20:43,-0.53,0.59,-0.64
8:36:19,-0.78,-0.26,-0.54
8:36:19,-0.78,-0.29,-0.55
8:36:19,-0.78,-0.27,-0.56
8:36:19,-0.75,-0.32,-0.53
8:36:20,-0.76,-0.29,-0.55
8:36:20,-0.78,-0.30,-0.54
8:36:20,-0.77,-0.30,-0.55
8:36:20,-0.76,-0.32,-0.55
8:36:20,-0.77,-0.32,-0.54
8:36:20,-0.77,-0.30,-0.54
8:36:20,-0.77,-0.31,-0.53
8:36:20,-0.77,-0.31,-0.54
8:36:20,-0.76,-0.31,-0.53
8:36:20,-0.77,-0.30,-0.54
8:36:21,-0.78,-0.31,-0.54
8:36:21,-0.77,-0.31,-0.55
8:36:21,-0.76,-0.32,-0.54
8:36:21,-0.76,-0.31,-0.53
8:36:21,-0.77,-0.31,-0.54
8:36:24,-0.70,-0.04,-0.68
8:36:24,-0.70,-0.04,-0.68
8:36:24,-0.71,-0.04,-0.68
8:36:24,-0.72,-0.04,-0.70
8:36:24,-0.70,-0.05,-0.70
8:36:24,-0.72,-0.06,-0.68
8:36:24,-0.74,-0.07,-0.68
8:36:24,-0.71,-0.07,-0.67
8:36:24,-0.71,-0.07,-0.67
8:36:24,-0.71,-0.09,-0.68
8:36:25,-0.72,-0.09,-0.67
8:36:25,-0.72,-0.08,-0.67
8:36:25,-0.71,-0.09,-0.67
8:36:25,-0.72,-0.08,-0.66
8:36:25,-0.70,-0.08,-0.66
8:36:25,-0.67,-0.11,-0.67
8:36:25,-0.71,-0.08,-0.68
8:36:25,-0.71,-0.07,-0.67
8:36:25,-0.68,-0.05,-0.66
8:36:40,-0.01,-0.86,-0.57
8:36:40,0.01,-0.84,-0.59
8:36:41,0.01,-0.86,-0.58
8:36:41,-0.02,-0.83,-0.62
8:36:41,0.01,-0.83,-0.61
8:36:41,0.01,-0.84,-0.59
8:36:41,-0.00,-0.79,-0.61
8:36:41,0.04,-1.11,-0.49
8:36:41,0.01,-0.84,-0.59
8:36:41,0.01,-0.83,-0.61
8:36:41,0.00,-0.83,-0.60
8:36:41,0.01,-0.82,-0.62
8:36:42,0.01,-0.83,-0.61
8:36:42,0.01,-0.84,-0.62
8:36:42,0.01,-0.82,-0.61
8:36:42,-0.02,-0.82,-0.61
8:36:42,-0.01,-0.82,-0.58
8:36:42,-0.03,-0.83,-0.53
8:36:42,-0.00,-0.84,-0.61
8:37:0,-0.22,-0.67,-0.73
8:37:0,-0.33,-0.68,-0.68
8:37:0,-0.41,-0.62,-0.78
8:37:0,-0.36,-0.68,-0.62
8:37:0,-0.45,-0.59,-0.62
8:37:0,-0.35,-0.77,-0.58
8:37:0,-0.45,-0.72,-0.54
8:37:0,-0.45,-0.71,-0.56
8:37:0,-0.46,-0.72,-0.56
8:37:0,-0.44,-0.72,-0.54
8:37:1,-0.45,-0.74,-0.53
8:37:1,-0.48,-0.77,-0.46
8:37:1,-0.46,-0.75,-0.52
8:37:1,-0.47,-0.76,-0.52
8:37:1,-0.44,-0.74,-0.56
8:37:1,-0.41,-0.68,-0.61
8:37:1,-0.43,-0.69,-0.62
8:37:1,-0.22,-0.78,-0.66
8:37:1,-0.25,-0.74,-0.52
9:0:45,1.00,0.08,-0.20
9:0:45,0.99,0.10,-0.21
9:0:45,0.99,0.10,-0.19
9:0:46,0.99,0.10,-0.20
9:0:46,0.99,0.09,-0.20
9:0:46,1.00,0.10,-0.20
9:0:46,1.00,0.10,-0.20
9:0:46,0.99,0.10,-0.20
9:0:46,0.99,0.10,-0.21
9:0:46,0.98,0.10,-0.21
9:0:46,0.98,0.13,-0.21
9:0:46,0.99,0.12,-0.20
9:0:46,0.98,0.14,-0.23
9:0:46,0.98,0.15,-0.22
9:0:47,0.99,0.16,-0.19
9:0:47,0.98,0.19,-0.18
9:0:47,0.97,0.18,-0.19
9:0:47,0.96,0.22,-0.18
9:0:47,0.98,0.24,-0.19
9:1:16,0.89,0.47,-0.08
9:1:16,0.89,0.46,-0.10
9:1:17,0.92,0.47,-0.09
9:1:17,0.90,0.45,-0.08
9:1:17,0.91,0.45,-0.09
9:1:17,0.90,0.44,-0.09
9:1:17,0.90,0.44,-0.10
9:1:17,0.90,0.44,-0.08
9:1:17,0.90,0.44,-0.11
9:1:17,0.90,0.42,-0.09
9:1:17,0.90,0.43,-0.09
9:1:17,0.90,0.43,-0.10
9:1:18,0.91,0.42,-0.11
9:1:18,0.91,0.41,-0.10
9:1:18,0.90,0.41,-0.09
9:1:18,0.91,0.41,-0.09
9:1:18,0.90,0.43,-0.09
9:1:18,0.91,0.41,-0.08
9:1:18,0.92,0.41,-0.08
9:1:21,0.88,0.43,-0.23
9:1:21,0.88,0.42,-0.23
9:1:21,0.89,0.42,-0.22
9:1:21,0.89,0.41,-0.24
9:1:21,0.90,0.39,-0.23
9:1:21,0.91,0.38,-0.23
9:1:21,0.90,0.39,-0.24
9:1:21,0.91,0.39,-0.22
9:1:21,0.91,0.38,-0.23
9:1:22,0.91,0.38,-0.23
9:1:22,0.91,0.38,-0.22
9:1:22,0.91,0.38,-0.21
9:1:22,0.90,0.38,-0.24
9:1:22,0.91,0.38,-0.23
9:1:22,0.91,0.38,-0.21
9:1:22,0.91,0.38,-0.21
9:1:22,0.90,0.37,-0.22
9:1:22,0.91,0.38,-0.22
9:1:22,0.90,0.38,-0.22
9:1:31,0.92,-0.24,-0.42
9:1:31,0.90,-0.21,-0.47
9:1:31,0.92,-0.18,-0.48
9:1:31,0.94,-0.20,-0.41
9:1:31,0.90,-0.22,-0.30
9:1:31,1.00,-0.22,-0.36
9:1:31,0.95,-0.24,-0.40
9:1:31,0.94,-0.22,-0.37
9:1:32,0.91,-0.21,-0.40
9:1:32,0.93,-0.23,-0.37
9:1:32,0.93,-0.21,-0.36
9:1:32,0.92,-0.19,-0.41
9:1:32,0.93,-0.19,-0.39
9:1:32,0.96,-0.28,-0.32
9:1:32,0.92,-0.10,-0.05
9:1:32,0.97,-0.42,0.32
9:1:32,0.33,-0.47,0.51
9:1:32,0.67,-0.48,0.64
9:1:33,0.83,-0.52,0.37
9:1:33,0.83,-0.48,0.36
9:1:33,0.83,-0.47,0.33
9:1:33,0.84,-0.54,0.30
9:1:33,0.80,-0.52,0.33
9:1:33,0.85,-0.48,0.33
9:1:33,0.86,-0.48,0.33
9:1:33,0.81,-0.51,0.28
9:1:33,0.96,-0.38,0.23
9:1:33,0.70,-0.48,0.47
9:1:34,0.85,-0.43,0.41
9:1:34,0.92,-0.48,0.28
9:1:34,0.89,-0.44,0.23
9:1:34,0.89,-0.45,0.25
9:1:34,0.87,-0.38,0.24
9:1:34,0.97,-0.37,0.20
9:1:34,0.92,-0.38,0.24
9:1:34,0.88,-0.34,0.36
9:42:32,0.92,-0.20,-0.36
9:42:32,0.91,-0.21,-0.37
9:42:32,0.94,-0.19,-0.36
9:42:32,0.99,-0.17,-0.40
9:42:33,0.93,-0.15,-0.35
9:42:33,0.94,-0.18,-0.35
9:42:33,0.99,-0.15,-0.36
9:42:33,0.96,-0.20,-0.39
9:42:33,0.91,-0.28,-0.42
9:42:33,0.94,-0.14,-0.37
9:42:33,0.95,-0.16,-0.38
9:42:33,0.95,-0.12,-0.38
9:42:33,0.95,-0.10,-0.36
9:42:33,0.94,-0.11,-0.37
9:42:34,0.94,-0.14,-0.35
9:42:34,0.97,-0.09,-0.35
9:42:34,0.95,-0.10,-0.38
9:42:34,0.94,-0.10,-0.38
9:42:34,0.94,-0.09,-0.39
9:43:16,0.96,-0.00,-0.33
9:43:16,0.96,-0.00,-0.33
9:43:16,0.96,0.01,-0.34
9:43:16,0.96,0.01,-0.34
9:43:16,0.97,0.01,-0.32
9:43:16,0.96,0.00,-0.33
9:43:16,0.97,0.01,-0.33
9:43:16,0.98,0.01,-0.32
9:43:16,0.97,0.00,-0.34
9:43:16,0.97,0.02,-0.34
9:43:17,1.02,-0.07,-0.38
9:43:17,1.00,0.01,-0.26
9:43:17,0.98,-0.01,-0.25
9:43:17,0.98,0.01,-0.24
9:43:17,0.99,-0.00,-0.23
9:43:17,0.98,-0.02,-0.23
9:43:17,1.02,0.17,-0.34
9:43:17,0.99,0.01,-0.21
9:43:17,0.95,0.03,-0.20
9:43:20,1.00,-0.31,-0.18
9:43:20,0.99,-0.25,-0.07
9:43:20,0.97,-0.36,-0.02
9:43:20,1.04,-0.14,0.14
9:43:20,0.75,-0.17,0.84
9:43:20,0.76,-0.20,0.67
9:43:20,0.90,-0.23,0.55
9:43:20,0.92,-0.14,0.44
9:43:20,1.08,-0.16,0.59
9:43:20,0.92,-0.11,0.40
9:43:21,0.94,-0.06,0.32
9:43:21,0.95,-0.02,0.31
9:43:21,1.00,-0.02,0.27
9:43:21,1.15,-0.17,0.23
9:43:21,0.88,-0.14,0.27
9:43:21,1.27,0.02,-0.02
9:43:21,1.01,-0.16,0.17
9:43:21,1.01,-0.11,0.14
9:43:21,1.13,-0.13,0.11
9:43:21,1.00,-0.14,0.15
9:43:22,0.99,-0.10,0.12
9:43:22,1.10,-0.06,0.09
9:43:22,1.00,-0.16,0.18
9:43:22,0.98,-0.08,0.14
9:43:22,1.00,-0.10,0.11
10:27:5,0.75,0.61,-0.16
10:27:5,0.82,0.62,-0.16
10:27:6,0.78,0.62,-0.19
10:27:6,0.76,0.56,-0.18
10:27:6,0.87,0.58,-0.17
10:27:6,0.77,0.63,-0.19
10:27:6,0.72,0.64,-0.18
10:27:6,0.80,0.61,-0.08
10:27:6,0.77,0.61,-0.20
10:27:6,0.71,0.71,-0.23
10:27:6,0.67,0.67,-0.21
10:27:6,0.65,0.71,-0.18
10:27:7,0.67,0.73,-0.21
10:27:7,0.67,0.71,-0.20
10:27:7,0.67,0.70,-0.21
10:27:7,0.68,0.70,-0.22
10:27:7,0.67,0.69,-0.21
10:27:7,0.67,0.70,-0.22
10:27:7,0.68,0.69,-0.21
10:27:47,1.01,-0.18,-0.03
10:27:47,1.03,-0.21,-0.04
10:27:47,1.02,-0.22,-0.04
10:27:48,0.98,-0.24,-0.05
10:27:48,1.06,-0.27,-0.02
10:27:48,1.30,0.03,-0.08
10:27:48,1.54,0.03,-0.74
10:27:48,0.96,0.04,-0.20
10:27:48,0.98,0.10,-0.20
10:27:48,0.99,0.17,-0.16
10:27:48,0.99,0.17,-0.23
10:27:48,1.02,0.20,-0.27
10:27:48,1.12,0.09,-0.20
10:27:49,1.12,0.03,0.25
10:27:49,0.86,-0.57,0.27
10:27:49,-0.01,-0.58,0.42
10:27:49,2.00,-2.00,0.33
10:27:49,0.61,-0.79,-0.32
10:27:49,0.59,-0.78,-0.35
10:27:49,0.59,-0.77,-0.35
10:27:49,0.59,-0.77,-0.35
10:27:49,0.59,-0.85,-0.30
10:27:49,0.57,-0.81,-0.35
10:27:50,0.55,-0.84,-0.40
10:27:50,0.55,-0.84,-0.40
10:27:50,0.44,-0.79,-0.43
10:27:50,0.76,-0.83,-0.43
10:27:50,0.46,-0.79,-0.45
10:27:50,0.64,-0.56,-0.49
10:27:50,0.09,-0.84,-0.38
10:27:50,0.47,-0.82,-0.47
10:27:50,0.29,-0.80,-0.60
10:27:50,0.20,-0.87,-0.65
10:27:51,0.33,-0.76,-0.51
10:27:51,0.30,-0.81,-0.63
10:27:51,0.13,-0.78,-0.49
10:27:51,0.20,-0.69,-0.55
10:27:51,0.38,-0.73,-0.60
10:27:51,0.31,-0.76,-0.63
10:27:51,0.32,-0.76,-0.63
10:27:51,0.31,-0.74,-0.62
10:27:51,0.35,-0.75,-0.62
10:27:51,0.34,-0.74,-0.64
10:27:52,0.36,-0.73,-0.66
10:27:52,0.36,-0.73,-0.65
10:27:52,0.36,-0.73,-0.63
10:27:52,0.36,-0.72,-0.62
10:27:52,0.36,-0.71,-0.65
10:27:52,0.36,-0.72,-0.64
11:17:18,1.03,-0.53,-0.31
11:17:18,0.82,-1.13,-0.23
11:17:18,0.37,-0.96,-0.17
11:17:18,0.44,-0.95,-0.22
11:17:18,0.38,-0.94,-0.21
11:17:18,0.39,-0.93,-0.19
11:17:18,0.41,-0.96,-0.20
11:17:18,0.41,-1.02,-0.19
11:17:19,0.40,-0.95,-0.17
11:17:19,0.39,-0.95,-0.15
11:17:19,0.41,-0.95,-0.14
11:17:19,0.39,-0.92,-0.14
11:17:19,0.51,-1.20,-0.68
11:17:19,0.39,-0.96,-0.15
11:17:19,0.42,-0.97,-0.15
11:17:19,0.40,-0.98,-0.13
11:17:19,0.36,-1.00,-0.14
11:17:19,0.29,-1.00,-0.14
11:17:20,0.21,-1.06,-0.22
11:17:20,0.26,-1.02,0.15
11:17:20,0.38,-1.09,0.06
11:17:49,-0.37,-0.89,-0.36
11:17:49,-0.42,-0.86,-0.36
11:17:49,-0.52,-0.85,-0.33
11:17:49,-0.42,-0.86,-0.36
11:17:49,-0.65,-0.75,-0.37
11:17:49,-0.93,-0.91,-0.34
11:17:50,-1.16,-0.51,0.35
11:17:50,-0.33,0.29,0.54
11:17:50,-2.00,-1.28,-0.31
11:17:50,-0.99,0.24,0.05
11:17:50,-0.96,0.17,-0.09
11:17:50,-1.04,0.22,-0.03
11:17:50,-0.98,0.14,-0.10
11:17:50,-0.93,0.14,-0.11
11:17:50,-0.93,0.14,-0.20
11:17:50,-0.93,0.22,-0.16
11:17:51,-0.88,0.27,0.06
11:17:51,-0.74,0.40,0.37
11:17:51,-0.76,0.40,0.32
11:17:51,-0.89,0.31,0.07
11:17:51,-0.83,0.28,0.11
11:17:51,-0.85,0.33,0.07
11:17:51,-0.93,0.26,0.06
11:17:51,-0.83,0.38,0.02
11:17:51,-1.41,-0.12,0.15
11:17:51,-0.80,0.44,0.17
11:17:52,-0.90,0.19,0.19
11:17:52,-0.84,0.41,0.13
11:17:52,-0.87,0.20,0.06
11:17:52,-1.09,0.29,-0.27
11:17:52,-0.83,0.45,0.19
11:17:52,-0.91,0.16,0.07
11:17:52,-0.92,0.29,0.05
11:17:52,-0.63,0.47,0.27
11:17:52,-0.87,0.33,0.15
11:17:52,-0.92,0.28,0.13
11:17:53,-0.92,0.28,0.10
11:17:53,-1.00,0.24,0.09
11:50:31,-0.95,0.11,-0.21
11:50:31,-0.95,0.12,-0.21
11:50:31,-0.96,0.11,-0.21
11:50:32,-0.94,0.12,-0.21
11:50:32,-0.95,0.12,-0.21
11:50:32,-0.95,0.12,-0.21
11:50:32,-0.94,0.12,-0.21
11:50:32,-0.94,0.11,-0.20
11:50:32,-0.94,0.12,-0.21
11:50:32,-0.94,0.12,-0.20
11:50:32,-0.94,0.12,-0.20
11:50:32,-0.94,0.12,-0.20
11:50:32,-0.94,0.12,-0.20
11:50:33,-0.95,0.12,-0.20
11:50:33,-0.94,0.13,-0.20
11:50:33,-0.94,0.13,-0.20
11:50:33,-0.94,0.13,-0.21
11:50:33,-0.94,0.13,-0.20
11:50:33,-0.95,0.13,-0.20
11:51:0,-0.92,0.06,-0.36
11:51:0,-0.86,0.05,-0.42
11:51:0,-0.87,0.07,-0.42
11:51:1,-0.89,0.06,-0.41
11:51:1,-0.90,0.05,-0.38
11:51:1,-0.89,0.06,-0.39
11:51:1,-0.95,0.02,-0.36
11:51:1,-0.88,0.06,-0.39
11:51:1,-0.88,0.06,-0.37
11:51:1,-0.89,0.06,-0.37
11:51:1,-0.90,0.05,-0.37
11:51:1,-0.89,0.06,-0.36
11:51:1,-0.89,0.06,-0.37
11:51:2,-0.89,0.02,-0.37
11:51:2,-0.88,0.01,-0.38
11:51:2,-0.85,-0.10,-0.46
11:51:2,-0.92,0.04,-0.36
11:51:2,-0.93,0.07,-0.37
11:51:2,-0.92,0.05,-0.30
11:51:26,-0.20,-0.77,-0.71
11:51:26,-0.17,-0.69,-0.72
11:51:26,-0.20,-0.71,-0.72
11:51:26,-0.19,-0.70,-0.66
11:51:26,-0.03,-1.61,-0.76
11:51:27,-0.14,-0.70,-0.70
11:51:27,-0.21,-0.71,-0.70
11:51:27,-0.21,-0.70,-0.69
11:51:27,-0.23,-0.70,-0.69
11:51:27,-0.24,-0.68,-0.71
11:51:27,-0.23,-0.70,-0.70
11:51:27,-0.22,-0.70,-0.70
11:51:27,-0.23,-0.69,-0.71
11:51:27,-0.22,-0.70,-0.70
11:51:27,-0.23,-0.71,-0.69
11:51:28,-0.23,-0.70,-0.69
11:51:28,-0.23,-0.69,-0.69
11:51:28,-0.23,-0.71,-0.68
11:51:28,-0.24,-0.71,-0.70
11:51:31,-0.78,-0.20,-0.61
11:51:31,-1.07,-0.34,-0.36
11:51:31,-0.82,-0.29,-0.34
11:51:31,-0.84,-0.28,-0.92
11:51:31,-1.05,-0.17,-0.21
11:51:31,-0.88,0.33,-0.15
11:51:31,-0.87,0.15,-0.08
11:51:31,-1.00,0.01,-0.07
11:51:32,-1.00,0.00,-0.02
11:51:32,-1.00,-0.07,0.03
11:51:32,-0.97,-0.05,0.01
11:51:32,-0.98,-0.06,0.01
11:51:32,-0.95,-0.03,0.04
11:51:32,-0.97,-0.05,0.04
11:51:32,-0.95,-0.04,0.05
11:51:32,-0.99,-0.04,0.03
11:51:32,-0.96,-0.03,0.07
11:51:32,-1.00,0.06,0.03
11:51:33,-1.00,-0.04,0.06
11:51:33,-1.00,-0.05,0.17
11:51:33,-0.88,-0.23,0.12
11:51:33,-0.99,-0.22,0.07
11:51:33,-0.97,-0.19,0.08
11:51:33,-1.08,0.17,-0.01
11:51:33,-0.84,0.24,0.19
11:51:35,-0.56,0.59,0.48
11:51:35,-0.60,0.59,0.45
11:51:35,-0.58,0.66,0.41
11:51:35,-0.65,0.55,0.52
11:51:35,-0.26,0.64,0.46
11:51:35,-0.73,0.66,0.42
11:51:35,-0.27,0.72,0.40
11:51:35,-0.58,0.57,0.49
11:51:35,-0.75,0.90,0.42
11:51:35,-0.41,0.67,0.39
11:51:36,-0.63,0.52,0.41
11:51:36,-0.75,0.67,0.34
11:51:36,-0.41,0.66,0.34
11:51:36,-0.59,0.57,0.40
11:51:36,-0.60,0.67,0.39
11:51:36,-0.63,0.63,0.40
11:51:36,-0.59,0.86,0.40
11:51:36,-0.53,0.79,0.48
11:51:36,-0.57,0.70,0.37
11:51:36,-0.66,0.64,0.41
11:51:37,-0.63,0.66,0.37
11:51:37,-0.75,0.71,0.34
11:51:37,-0.37,0.68,0.26
11:51:37,-0.50,0.72,0.43
11:51:37,-0.58,0.64,0.36
12:25:1,-0.90,0.05,-0.23
12:25:1,-0.93,0.07,-0.22
12:25:1,-0.96,0.02,-0.27
12:25:1,-0.91,-0.01,-0.20
12:25:1,-0.96,-0.08,-0.27
12:25:1,-0.93,-0.05,-0.27
12:25:1,-0.93,-0.01,-0.24
12:25:1,-0.94,-0.04,-0.28
12:25:2,-0.92,-0.11,-0.33
12:25:2,-0.91,-0.10,-0.34
12:25:2,-0.93,-0.12,-0.34
12:25:2,-0.90,-0.16,-0.33
12:25:2,-0.96,-0.31,-0.44
12:25:2,-0.92,-0.23,-0.32
12:25:2,-0.89,-0.28,-0.35
12:25:2,-0.87,-0.28,-0.33
12:25:2,-0.68,-0.32,-0.39
12:25:2,-0.59,-0.20,-0.12
12:25:3,-0.60,-0.67,-0.24
12:25:3,-0.59,-0.77,-0.29
12:25:3,-0.60,-0.75,-0.35
12:25:3,-0.59,-0.77,-0.31
12:25:3,-0.59,-0.76,-0.33
12:25:3,-0.58,-0.76,-0.31
12:25:3,-0.60,-0.76,-0.31
12:25:3,-0.61,-0.76,-0.30
12:25:3,-0.60,-0.78,-0.27
12:25:3,-0.61,-0.76,-0.25
12:25:4,-0.61,-0.77,-0.25
12:25:4,-0.62,-0.77,-0.25
12:25:4,-0.61,-0.77,-0.26
12:25:4,-0.60,-0.77,-0.25
12:25:4,-0.60,-0.77,-0.25
12:25:4,-0.61,-0.78,-0.25
12:25:4,-0.61,-0.77,-0.26
12:25:4,-0.60,-0.77,-0.24
12:25:4,-0.60,-0.77,-0.25
12:25:4,-0.60,-0.77,-0.25
12:25:32,-0.73,-0.43,-0.53
12:25:32,-0.73,-0.42,-0.53
12:25:32,-0.73,-0.42,-0.55
12:25:32,-0.74,-0.42,-0.52
12:25:32,-0.73,-0.42,-0.52
12:25:32,-0.73,-0.43,-0.52
12:25:32,-0.72,-0.43,-0.53
12:25:33,-0.73,-0.42,-0.53
12:25:33,-0.73,-0.43,-0.53
12:25:33,-0.73,-0.44,-0.52
12:25:33,-0.73,-0.42,-0.52
12:25:33,-0.73,-0.44,-0.51
12:25:33,-0.73,-0.44,-0.52
12:25:33,-0.71,-0.45,-0.53
12:25:33,-0.72,-0.45,-0.53
12:25:33,-0.72,-0.47,-0.52
12:25:33,-0.71,-0.46,-0.52
12:25:34,-0.72,-0.46,-0.52
12:25:34,-0.70,-0.49,-0.51
12:25:42,-0.87,-0.48,-0.32
12:25:42,-0.83,-0.48,-0.32
12:25:42,-0.79,-0.50,-0.33
12:25:42,-0.79,-0.52,-0.33
12:25:42,-0.79,-0.53,-0.35
12:25:42,-0.79,-0.52,-0.35
12:25:42,-0.82,-0.50,-0.33
12:25:42,-0.79,-0.49,-0.33
12:25:42,-0.79,-0.50,-0.35
12:25:42,-0.79,-0.51,-0.35
12:25:43,-0.79,-0.51,-0.33
12:25:43,-0.80,-0.49,-0.35
12:25:43,-0.78,-0.50,-0.36
12:25:43,-0.79,-0.50,-0.35
12:25:43,-0.79,-0.49,-0.33
12:25:43,-0.75,-0.47,-0.39
12:25:43,-0.86,-0.40,-0.20
12:25:43,-1.15,-0.19,-0.06
12:25:43,-0.83,0.28,0.26
12:25:43,-1.48,-0.26,0.38
12:25:44,-1.16,-0.02,-0.01
12:25:44,-0.96,-0.01,-0.06
12:25:44,-0.98,-0.00,-0.05
12:25:44,-0.98,-0.01,-0.06
12:25:44,-1.00,-0.02,-0.06
12:25:44,-0.91,-0.02,-0.05
12:25:44,-0.97,-0.10,-0.05
12:25:44,-1.00,-0.13,-0.07
12:25:44,-0.98,-0.16,-0.04
12:25:44,-0.98,-0.12,-0.20
12:25:45,-0.98,-0.13,-0.02
12:25:45,-0.92,0.03,0.53
12:25:45,-1.07,0.04,0.49
12:25:45,-0.86,0.07,-0.34
12:25:45,-0.97,0.12,-0.04
12:25:45,-0.98,0.06,-0.01
12:25:45,-1.03,0.20,-0.01
12:25:45,-0.34,1.97,1.21
12:25:45,-1.00,0.16,0.14
12:25:45,-0.92,0.25,0.12
12:25:46,-0.95,0.16,0.12
12:25:46,-2.00,-1.30,0.05
12:25:46,-0.88,0.09,0.39
12:25:46,-0.92,0.36,0.27
12:25:46,-0.57,0.42,0.21
12:25:46,-0.97,0.35,0.40
12:25:46,-0.70,0.49,0.45
12:25:46,-0.91,-0.10,0.28
12:25:46,-0.58,0.53,0.17
12:25:46,-0.94,0.29,0.28
12:25:47,-1.00,0.14,0.31
12:25:47,-0.84,0.38,0.33
12:58:16,-0.95,0.15,-0.15
12:58:16,-0.97,0.13,-0.13
12:58:16,-0.95,0.13,-0.14
12:58:16,-0.94,0.13,-0.13
12:58:16,-0.96,0.14,-0.15
12:58:16,-0.95,0.13,-0.13
12:58:16,-0.96,0.12,-0.13
12:58:16,-0.97,0.11,-0.16
12:58:17,-0.95,0.13,-0.12
12:58:17,-0.96,0.13,-0.12
12:58:17,-0.97,0.14,-0.15
12:58:17,-0.96,0.12,-0.11
12:58:17,-0.95,0.11,-0.13
12:58:17,-0.96,0.12,-0.12
12:58:17,-0.93,0.11,-0.09
12:58:17,-0.96,0.11,-0.12
12:58:17,-0.97,0.10,-0.08
12:58:17,-0.98,0.12,-0.10
12:58:18,-0.97,0.11,-0.10
12:58:41,-0.30,0.89,0.23
12:58:41,-0.29,0.89,0.24
12:58:41,-0.31,0.89,0.23
12:58:41,-0.29,0.89,0.23
12:58:41,-0.31,0.90,0.23
12:58:41,-0.25,0.90,0.25
12:58:41,-0.28,0.90,0.24
12:58:41,-0.25,0.91,0.24
12:58:42,-0.23,0.93,0.23
12:58:42,-0.20,0.93,0.19
12:58:42,-0.15,0.95,0.13
12:58:42,-0.15,0.97,0.16
12:58:42,-0.19,0.88,0.17
12:58:42,-0.16,0.85,0.20
12:58:42,-0.43,0.81,0.04
12:58:42,-0.39,0.84,-0.03
12:58:42,-0.36,0.90,0.06
12:58:42,-0.46,1.06,0.12
12:58:43,-0.41,0.93,0.21
12:58:43,0.21,0.89,0.32
12:58:43,0.23,0.85,0.11
12:58:43,-0.03,0.82,-0.44
12:58:43,0.11,0.94,-0.27
12:58:43,0.15,0.96,-0.24
12:58:43,0.10,0.93,-0.23
12:58:43,0.13,0.94,-0.20
12:58:43,0.21,0.90,-0.19
12:58:43,0.10,0.92,-0.21
12:58:44,0.11,0.93,-0.21
12:58:44,0.08,0.95,-0.15
12:58:44,0.03,1.05,-0.18
12:58:44,0.23,0.92,-0.23
12:58:44,0.12,0.89,-0.19
12:58:44,0.11,1.08,0.01
12:58:44,0.29,0.90,-0.34
12:58:44,0.25,1.08,-0.47
12:58:44,0.74,0.19,-0.03
12:58:44,0.27,0.92,-0.07
12:58:45,0.55,0.65,0.08
12:58:45,0.43,0.83,0.14
12:58:45,0.42,0.92,0.09
12:58:45,0.31,0.99,0.07
12:58:45,0.51,0.74,0.31
12:58:45,0.27,0.88,0.14
12:58:45,0.40,0.87,0.18
12:58:45,0.39,0.88,0.17
12:58:45,0.37,0.90,0.15
12:58:45,0.36,0.90,0.16
12:58:46,0.37,0.91,0.15
12:58:46,0.35,0.90,0.16
12:58:46,0.36,0.90,0.17
12:58:46,0.33,0.90,0.16
12:58:46,0.34,0.92,0.14
12:58:46,0.34,0.91,0.17
12:58:46,0.34,0.91,0.15
12:58:46,0.33,0.91,0.15
12:58:46,0.33,0.92,0.14
12:58:46,0.34,0.90,0.17
14:18:44,0.03,0.98,-0.16
14:18:44,-0.03,0.96,-0.18
14:18:44,-0.09,0.90,-0.26
14:18:44,-0.14,0.96,-0.34
14:18:44,-0.13,0.82,-0.18
14:18:44,-0.03,0.82,-0.18
14:18:44,0.28,0.54,0.68
14:18:44,-0.06,0.95,-0.17
14:18:44,0.56,0.34,-0.47
14:18:45,-0.02,0.93,-0.25
14:18:45,-0.04,0.83,-0.26
14:18:45,0.09,0.94,-0.41
14:18:45,0.06,0.88,-0.35
14:18:45,0.07,0.90,-0.30
14:18:45,0.12,0.90,-0.33
14:18:45,0.11,0.89,-0.38
14:18:45,0.10,0.88,-0.39
14:18:45,0.13,0.89,-0.38
14:18:45,0.11,0.88,-0.39
14:19:32,0.25,0.92,-0.23
14:19:32,0.22,0.90,-0.26
14:19:32,0.29,0.94,-0.15
14:19:32,0.06,1.11,-0.27
14:19:33,0.19,0.90,-0.27
14:19:33,0.16,0.84,-0.20
14:19:33,0.16,0.92,-0.31
14:19:33,0.21,0.91,-0.27
14:19:33,0.20,0.92,-0.27
14:19:33,0.22,0.92,-0.23
14:19:33,0.22,0.95,-0.24
14:19:33,0.19,0.92,-0.22
14:19:33,0.16,1.01,-0.21
14:19:33,0.27,0.91,-0.21
14:19:34,0.22,1.02,-0.19
14:19:34,-0.02,1.00,-0.12
14:19:34,0.14,0.86,-0.30
14:19:34,0.30,0.96,-0.21
14:19:34,0.24,0.89,-0.20
14:19:36,0.48,0.79,-0.32
14:19:36,0.39,0.80,-0.04
14:19:36,0.45,0.77,0.48
14:19:36,0.37,0.84,0.36
14:19:36,0.41,0.81,0.15
14:19:36,0.46,0.85,0.27
14:19:36,0.48,0.86,0.23
14:19:37,0.55,0.83,0.27
14:19:37,0.44,0.86,0.19
14:19:37,0.45,0.86,0.18
14:19:37,0.19,0.93,0.26
14:19:37,0.36,0.86,0.19
14:19:37,0.37,0.90,0.15
14:19:37,0.37,0.90,0.15
14:19:37,0.35,0.87,0.15
14:19:37,0.48,0.81,0.11
14:19:37,0.53,0.83,0.11
14:19:38,0.44,0.86,0.12
14:19:38,0.46,0.90,0.12
14:19:38,0.58,0.85,0.08
14:19:38,0.56,0.83,0.16
14:19:38,0.52,0.65,0.21
14:19:38,0.48,0.83,0.36
15:29:35,0.70,0.71,-0.08
15:29:35,0.69,0.71,-0.08
15:29:35,0.68,0.71,-0.07
15:29:35,0.69,0.71,-0.07
15:29:35,0.69,0.72,-0.07
15:29:35,0.68,0.70,-0.08
15:29:35,0.69,0.71,-0.08
15:29:35,0.68,0.71,-0.08
15:29:35,0.69,0.70,-0.08
15:29:35,0.69,0.71,-0.07
15:29:36,0.69,0.70,-0.07
15:29:36,0.69,0.70,-0.08
15:29:36,0.71,0.71,-0.07
15:29:36,0.70,0.71,-0.07
15:29:36,0.69,0.71,-0.08
15:29:36,0.69,0.70,-0.05
15:29:36,0.70,0.70,-0.07
15:29:36,0.70,0.70,-0.07
15:29:36,0.71,0.69,-0.06
15:30:15,0.80,0.58,-0.01
15:30:15,0.85,0.54,-0.02
15:30:15,0.83,0.56,-0.01
15:30:15,0.73,0.57,0.19
15:30:15,0.77,0.67,0.02
15:30:15,0.86,0.44,-0.10
15:30:15,0.75,0.70,0.07
15:30:15,0.71,0.69,0.03
15:30:15,0.74,0.52,-0.03
15:30:16,0.65,0.69,0.14
15:30:16,0.74,0.66,-0.06
15:30:16,0.80,0.60,0.05
15:30:16,0.62,0.61,0.34
15:30:16,0.81,0.55,0.12
15:30:16,0.84,0.56,0.04
15:30:16,0.82,0.56,0.04
15:30:16,0.82,0.57,0.11
15:30:16,0.82,0.55,0.08
15:30:16,0.86,0.53,0.08
15:55:31,0.89,0.46,-0.06
15:55:31,0.90,0.46,-0.04
15:55:31,0.88,0.46,-0.05
15:55:32,0.88,0.47,-0.05
15:55:32,0.89,0.47,-0.12
15:55:32,0.77,0.59,-0.20
15:55:32,0.74,0.46,-0.12
15:55:32,0.72,0.66,-0.19
15:55:32,0.73,0.65,-0.25
15:55:32,0.74,0.63,-0.27
15:55:32,0.72,0.64,-0.25
15:55:32,0.70,0.62,-0.28
15:55:32,0.73,0.66,-0.24
15:55:33,0.71,0.65,-0.27
15:55:33,0.72,0.67,-0.22
15:55:33,0.71,0.66,-0.23
15:55:33,0.71,0.65,-0.24
15:55:33,0.72,0.65,-0.22
15:55:33,0.71,0.66,-0.23
16:31:58,1.05,-0.14,0.06
16:31:58,1.02,-0.14,0.07
16:31:58,1.03,-0.13,0.02
16:31:58,1.01,-0.11,0.03
16:31:59,1.02,-0.11,0.04
16:31:59,1.01,-0.12,0.03
16:31:59,1.00,-0.12,0.02
16:31:59,1.11,-0.02,-0.08
16:31:59,0.87,0.03,0.07
16:31:59,1.04,-0.06,0.03
16:31:59,1.02,-0.13,-0.04
16:31:59,1.02,-0.13,-0.03
16:31:59,1.00,-0.15,-0.04
16:31:59,1.01,-0.16,-0.08
16:32:0,1.02,-0.16,-0.06
16:32:0,1.01,-0.19,-0.14
16:32:0,1.00,-0.14,-0.11
16:32:0,1.00,-0.14,-0.06
16:32:0,0.99,-0.16,-0.10
16:32:2,0.75,-0.70,0.20
16:32:2,0.84,-0.53,0.34
16:32:2,0.76,-0.70,0.26
16:32:3,0.80,-0.73,0.23
16:32:3,0.78,-0.54,0.20
16:32:3,0.65,-0.75,0.35
16:32:3,0.84,-0.68,0.13
16:32:3,0.85,-0.52,0.17
16:32:3,0.70,-0.74,0.03
16:32:3,0.80,-0.67,0.15
16:32:3,0.80,-0.58,0.20
16:32:3,0.92,-0.63,0.14
16:32:3,0.71,-0.73,0.16
16:32:4,0.75,-0.66,0.13
16:32:4,0.79,-0.70,0.14
16:32:4,0.81,-0.64,0.13
16:32:4,0.87,-0.70,-0.03
16:32:4,0.73,-0.68,0.17
16:32:4,0.76,-0.70,0.15
16:47:10,0.79,-0.49,-0.34
16:47:10,0.85,-0.55,-0.34
16:47:10,0.90,-0.45,-0.28
16:47:10,0.86,-0.47,-0.28
16:47:10,0.88,-0.47,-0.27
16:47:10,0.88,-0.47,-0.28
16:47:10,0.87,-0.48,-0.28
16:47:10,0.90,-0.49,-0.21
16:47:10,0.89,-0.48,-0.22
16:47:11,0.88,-0.47,-0.21
16:47:11,0.89,-0.48,-0.21
16:47:11,0.90,-0.48,-0.20
16:47:11,0.90,-0.48,-0.21
16:47:11,0.89,-0.46,-0.20
16:47:11,0.90,-0.48,-0.19
16:47:11,0.89,-0.48,-0.21
16:47:11,0.90,-0.48,-0.20
16:47:11,0.89,-0.48,-0.22
16:47:11,0.90,-0.47,-0.21
16:47:23,0.75,-0.71,-0.14
16:47:23,0.73,-0.77,-0.19
16:47:23,0.72,-0.75,-0.16
16:47:23,0.66,-0.78,-0.21
16:47:23,0.74,-0.72,-0.11
16:47:23,0.74,-0.72,-0.14
16:47:23,0.77,-0.73,-0.17
16:47:23,0.74,-0.72,-0.15
16:47:23,0.75,-0.74,-0.12
16:47:23,0.73,-0.73,-0.13
16:47:24,0.73,-0.72,-0.12
16:47:24,0.73,-0.75,-0.13
16:47:24,0.72,-0.74,-0.12
16:47:24,0.73,-0.74,-0.12
16:47:24,0.72,-0.75,-0.12
16:47:24,0.73,-0.74,-0.14
16:47:24,0.72,-0.74,-0.13
16:47:24,0.72,-0.74,-0.14
16:47:24,0.73,-0.74,-0.12
16:52:24,0.55,-0.76,-0.35
16:52:24,0.56,-0.71,-0.40
16:52:24,0.58,-0.77,-0.40
16:52:24,0.59,-0.77,-0.35
16:52:24,0.60,-0.73,-0.41
16:52:24,0.53,-0.78,-0.36
16:52:24,0.56,-0.77,-0.39
16:52:24,0.54,-0.82,-0.38
16:52:25,0.53,-0.83,-0.38
16:52:25,0.55,-0.80,-0.37
16:52:25,0.60,-0.81,-0.39
16:52:25,0.49,-0.85,-0.37
16:52:25,0.64,-0.78,-0.33
16:52:25,0.47,-0.78,-0.32
16:52:25,0.54,-0.83,-0.34
16:52:25,0.60,-0.80,-0.36
16:52:25,0.56,-0.84,-0.30
16:52:25,0.62,-0.78,-0.34
16:52:26,0.63,-0.83,-0.35
17:7:4,0.87,-0.58,-0.04
17:7:4,0.85,-0.59,-0.03
17:7:4,0.86,-0.58,-0.04
17:7:4,0.86,-0.57,-0.05
17:7:4,0.86,-0.57,-0.05
17:7:4,0.87,-0.58,-0.04
17:7:4,0.86,-0.59,-0.04
17:7:4,0.86,-0.58,-0.02
17:7:5,0.88,-0.58,-0.05
17:7:5,0.86,-0.58,-0.04
17:7:5,0.86,-0.58,-0.04
17:7:5,0.87,-0.58,-0.05
17:7:5,0.86,-0.57,-0.04
17:7:5,0.85,-0.58,-0.04
17:7:5,0.86,-0.57,-0.06
17:7:5,0.86,-0.57,-0.05
17:7:5,0.87,-0.57,-0.06
17:7:5,0.86,-0.58,-0.03
17:7:6,0.87,-0.57,-0.05
17:7:20,0.79,-0.65,-0.27
17:7:21,1.04,-0.50,-0.24
17:7:21,0.84,-0.56,-0.23
17:7:21,0.96,-0.51,-0.22
17:7:21,0.78,-0.62,-0.24
17:7:21,1.34,-0.41,-0.14
17:7:21,0.85,-0.58,-0.23
17:7:21,0.82,-0.59,-0.25
17:7:21,0.77,-0.72,-0.27
17:7:21,0.79,-0.64,-0.23
17:7:21,0.82,-0.59,-0.22
17:7:22,0.81,-0.60,-0.26
17:7:22,0.81,-0.59,-0.24
17:7:22,0.81,-0.60,-0.23
17:7:22,0.81,-0.61,-0.24
17:7:22,0.81,-0.59,-0.22
17:7:22,0.82,-0.60,-0.22
17:7:22,0.81,-0.60,-0.22
17:7:22,0.81,-0.60,-0.22
17:12:11,0.78,-0.60,-0.30
17:12:11,0.80,-0.60,-0.30
17:12:11,0.79,-0.62,-0.26
17:12:11,0.79,-0.61,-0.31
17:12:11,0.79,-0.60,-0.30
17:12:11,0.78,-0.59,-0.29
17:12:11,0.79,-0.61,-0.26
17:12:11,0.80,-0.59,-0.27
17:12:12,0.80,-0.60,-0.31
17:12:12,0.84,-0.60,-0.27
17:12:12,0.77,-0.61,-0.25
17:12:12,0.78,-0.60,-0.16
17:12:12,0.82,-0.59,-0.24
17:12:12,1.34,-0.33,0.01
17:12:12,0.86,-0.53,-0.26
17:12:12,0.84,-0.53,-0.27
17:12:12,0.85,-0.53,-0.28
17:12:12,0.85,-0.53,-0.25
17:12:13,0.85,-0.53,-0.26
17:42:46,0.88,-0.46,-0.16
17:42:46,0.87,-0.39,-0.18
17:42:46,0.93,-0.35,-0.11
17:42:46,0.95,-0.35,-0.11
17:42:46,0.88,-0.31,-0.12
17:42:46,0.91,-0.36,-0.10
17:42:46,1.56,-0.05,-0.33
17:42:47,0.76,-0.62,-0.60
17:42:47,0.90,-0.63,-0.42
17:42:47,0.90,-0.58,-0.21
17:42:47,0.69,-0.72,-0.21
17:42:47,0.75,-0.72,-0.18
17:42:47,0.74,-0.63,-0.21
17:42:47,0.97,-0.59,-0.25
17:42:47,0.20,-0.15,0.15
17:42:47,0.75,0.44,-0.64
17:42:47,0.80,0.26,-0.54
17:42:48,0.80,0.24,-0.57
17:42:48,0.81,0.21,-0.58
17:42:48,0.79,0.27,-0.61
17:42:48,0.86,0.31,-0.59
17:42:48,0.85,0.27,-0.55
17:42:48,0.79,0.51,-0.49
17:42:48,0.79,0.42,-0.47
17:42:48,0.78,0.43,-0.47
17:42:48,0.77,0.42,-0.47
17:42:48,0.78,0.42,-0.47
17:42:49,0.76,0.44,-0.47
17:42:49,0.79,0.44,-0.46
17:42:49,0.81,0.43,-0.47
17:42:49,0.79,0.41,-0.46
17:42:49,0.82,0.40,-0.44
17:42:49,0.81,0.45,-0.45
17:42:49,0.78,0.49,-0.45
17:42:49,0.76,0.50,-0.41
17:42:51,0.68,0.55,-0.26
17:42:51,0.77,0.68,-0.34
17:42:51,0.71,0.65,-0.29
17:42:51,0.87,0.24,-0.43
17:42:52,0.69,0.52,-0.45
17:42:52,0.64,0.59,-0.30
17:42:52,0.67,0.62,-0.34
17:42:52,0.72,0.62,-0.35
17:42:52,0.73,0.52,-0.38
17:42:52,0.67,0.63,-0.42
17:42:52,0.61,0.61,-0.52
17:42:52,0.72,0.63,-0.36
17:42:52,0.67,0.59,-0.41
17:42:52,0.89,0.74,-0.23
17:42:53,0.70,0.63,-0.32
17:42:53,0.58,1.31,-0.12
17:42:53,0.75,0.65,-0.14
17:42:53,0.73,0.63,-0.38
17:42:53,0.75,0.59,-0.37
18:16:39,-0.39,0.92,-0.02
18:16:39,-0.44,0.86,-0.06
18:16:39,-0.42,0.78,-0.08
18:16:40,-0.50,0.83,-0.09
18:16:40,-0.50,0.52,-0.35
18:16:40,-0.46,0.81,-0.16
18:16:40,-0.50,0.86,-0.09
18:16:40,-0.48,0.83,-0.06
18:16:40,-0.49,0.85,-0.06
18:16:40,-0.48,0.84,-0.07
18:16:40,-0.49,0.82,-0.08
18:16:40,-0.58,0.88,-0.06
18:16:40,-0.57,0.79,-0.10
18:16:41,-0.45,0.86,-0.02
18:16:41,-0.48,0.82,-0.04
18:16:41,-0.50,0.95,-0.05
18:16:41,-0.45,0.78,-0.15
18:16:41,-0.49,0.76,-0.07
18:16:41,-0.57,0.80,-0.04
19:27:52,-0.12,-0.95,-0.36
19:27:52,-0.10,-1.00,-0.29
19:27:52,-0.09,-0.98,-0.29
19:27:52,-0.12,-0.98,-0.33
19:27:52,-0.12,-0.94,-0.29
19:27:52,-0.07,-0.99,-0.30
19:27:53,-0.07,-0.98,-0.28
19:27:53,-0.08,-0.99,-0.30
19:27:53,-0.09,-0.98,-0.32
19:27:53,-0.08,-0.98,-0.29
19:27:53,-0.07,-0.99,-0.29
19:27:53,-0.07,-0.98,-0.30
19:27:53,-0.08,-0.98,-0.29
19:27:53,-0.08,-0.99,-0.30
19:27:53,-0.09,-0.98,-0.29
19:27:53,-0.08,-0.99,-0.32
19:27:54,-0.12,-0.97,-0.35
19:27:54,-0.11,-0.98,-0.32
19:27:54,-0.11,-1.00,-0.31
19:28:17,-0.06,-0.95,-0.40
19:28:17,-0.06,-0.94,-0.40
19:28:17,-0.16,-0.90,-0.45
19:28:17,-0.14,-0.89,-0.41
19:28:18,-0.12,-0.94,-0.38
19:28:18,-0.05,-0.94,-0.38
19:28:18,-0.09,-0.94,-0.39
19:28:18,-0.09,-0.94,-0.40
19:28:18,-0.09,-0.95,-0.40
19:28:18,-0.07,-0.94,-0.39
19:28:18,-0.10,-0.95,-0.40
19:28:18,-0.09,-0.95,-0.41
19:28:18,-0.09,-0.94,-0.42
19:28:18,-0.09,-0.95,-0.39
19:28:19,-0.09,-0.95,-0.39
19:28:19,-0.09,-0.94,-0.39
19:28:19,-0.09,-0.94,-0.40
19:28:19,-0.08,-0.94,-0.42
19:28:19,-0.10,-0.95,-0.40
20:39:13,-0.37,-0.92,-0.24
20:39:13,-0.38,-0.93,-0.30
20:39:13,-0.51,-0.92,-0.29
20:39:14,-0.38,-0.82,-0.41
20:39:14,-0.34,-0.86,-0.30
20:39:14,-0.75,-0.70,-0.33
20:39:14,-0.43,-0.88,-0.35
20:39:14,-0.32,-1.05,-0.27
20:39:14,-0.40,-0.87,-0.26
20:39:14,-0.26,-1.04,-0.17
20:39:14,-0.46,-0.81,-0.29
20:39:14,-0.43,-0.81,-0.31
20:39:14,-0.43,-0.83,-0.28
20:39:15,-0.41,-0.89,-0.25
20:39:15,-0.50,-0.91,-0.35
20:39:15,-0.46,-0.86,-0.32
20:39:15,-0.39,-0.87,-0.33
20:39:15,-0.44,-0.88,-0.28
20:39:15,-0.42,-0.97,-0.29
21:15:20,-0.87,0.03,-0.45
21:15:20,-0.86,0.03,-0.46
21:15:20,-0.86,0.01,-0.46
21:15:20,-0.85,0.03,-0.49
21:15:20,-0.85,0.03,-0.49
21:15:20,-0.84,0.03,-0.50
21:15:20,-0.84,0.02,-0.47
21:15:21,-0.84,0.02,-0.48
21:15:21,-0.83,0.02,-0.51
21:15:21,-0.84,0.02,-0.50
21:15:21,-0.85,0.02,-0.49
21:15:21,-0.85,0.02,-0.50
21:15:21,-0.84,0.02,-0.51
21:15:21,-0.85,0.01,-0.50
21:15:21,-0.84,0.02,-0.48
21:15:21,-0.85,0.02,-0.48
21:15:21,-0.85,0.02,-0.51
21:15:22,-0.84,0.01,-0.50
21:15:22,-0.85,0.03,-0.50
21:15:33,-0.89,0.24,0.11
21:15:33,-1.07,0.42,0.30
21:15:33,-0.68,0.23,0.08
21:15:33,-0.77,0.52,0.25
21:15:33,-0.77,0.55,0.22
21:15:33,-0.79,0.55,0.21
21:15:33,-0.82,0.53,0.24
21:15:33,-0.79,0.53,0.20
21:15:34,-0.79,0.54,0.21
21:15:34,-0.78,0.52,0.22
21:15:34,-0.78,0.54,0.20
21:15:34,-0.78,0.53,0.20
21:15:34,-0.79,0.52,0.20
21:15:34,-0.79,0.52,0.22
21:15:34,-0.79,0.52,0.20
21:15:34,-0.79,0.53,0.21
21:15:34,-0.78,0.52,0.21
21:15:34,-0.78,0.52,0.20
21:15:35,-0.78,0.52,0.21
21:15:49,-0.75,-0.65,-0.13
21:15:49,-0.75,-0.67,-0.14
21:15:49,-0.73,-0.65,-0.13
21:15:49,-0.74,-0.66,-0.15
21:15:49,-0.73,-0.67,-0.14
21:15:49,-0.74,-0.65,-0.13
21:15:49,-0.75,-0.67,-0.13
21:15:49,-0.75,-0.67,-0.13
21:15:50,-0.61,-0.61,-0.16
21:15:50,-0.67,-0.70,-0.35
21:15:50,-0.66,-0.62,-0.35
21:15:50,-0.91,-0.70,-0.41
21:15:50,-0.77,-0.50,-0.45
21:15:50,-0.76,-0.52,-0.44
21:15:50,-0.76,-0.53,-0.43
21:15:50,-0.61,-0.46,-0.37
21:15:50,-0.81,-0.40,-0.40
21:15:50,-0.92,-0.09,-0.25
21:15:51,-0.94,-0.16,-0.23
21:15:51,-1.00,-0.12,-0.11
21:15:51,-0.87,-0.21,-0.05
21:15:51,-0.97,-0.18,-0.15
21:15:51,-0.96,-0.17,-0.14
21:15:51,-0.93,-0.20,0.05
21:15:51,-0.95,-0.21,-0.18
21:15:51,-0.88,-0.27,-0.24
21:15:51,-0.94,-0.26,-0.17
21:15:51,-0.94,-0.31,-0.16
21:15:52,-0.92,-0.37,-0.18
21:15:52,-0.88,-0.28,-0.22
21:15:52,-0.90,-0.26,-0.11
21:15:52,-1.18,0.11,0.16
21:15:52,-0.94,-0.31,-0.17
21:15:52,-0.93,-0.38,-0.14
21:15:52,-0.89,-0.35,-0.15
21:15:52,-0.92,-0.35,-0.14
21:15:52,-0.95,-0.31,-0.13
21:15:52,-0.91,-0.33,-0.13
21:15:53,-0.88,-0.37,-0.16
21:15:53,-0.89,-0.36,-0.14
22:0:41,-0.89,-0.38,-0.20
22:0:41,-0.91,-0.38,-0.19
22:0:41,-0.91,-0.39,-0.17
22:0:42,-0.90,-0.37,-0.17
22:0:42,-0.91,-0.37,-0.19
22:0:42,-0.90,-0.40,-0.19
22:0:42,-0.90,-0.37,-0.18
22:0:42,-0.90,-0.38,-0.19
22:0:42,-0.93,-0.38,-0.19
22:0:42,-0.90,-0.36,-0.18
22:0:42,-0.90,-0.38,-0.19
22:0:42,-0.89,-0.35,-0.21
22:0:42,-0.88,-0.36,-0.19
22:0:43,-0.92,-0.37,-0.18
22:0:43,-0.91,-0.37,-0.21
22:0:43,-0.95,-0.34,-0.18
22:0:43,-0.90,-0.37,-0.19
22:0:43,-0.91,-0.38,-0.18
22:0:43,-0.90,-0.37,-0.19
22:0:52,-0.94,0.22,-0.12
22:0:52,-0.95,0.19,-0.10
22:0:52,-0.96,0.20,-0.11
22:0:52,-0.95,0.19,-0.12
22:0:52,-0.95,0.19,-0.12
22:0:52,-0.94,0.19,-0.13
22:0:52,-0.95,0.19,-0.13
22:0:52,-0.94,0.19,-0.12
22:0:53,-0.95,0.19,-0.13
22:0:53,-0.95,0.19,-0.13
22:0:53,-0.94,0.19,-0.12
22:0:53,-0.94,0.18,-0.12
22:0:53,-0.95,0.20,-0.13
22:0:53,-0.95,0.19,-0.13
22:0:53,-0.94,0.20,-0.12
22:0:53,-0.95,0.19,-0.12
22:0:53,-0.94,0.19,-0.12
22:0:53,-0.95,0.19,-0.12
22:0:54,-0.95,0.20,-0.12
22:34:12,0.30,-0.22,-0.95
22:34:12,0.32,-0.22,-0.94
22:34:12,0.30,-0.20,-0.94
22:34:12,0.30,-0.20,-0.95
22:34:12,0.11,-0.30,-0.91
22:34:12,0.41,-0.13,-1.05
22:34:12,0.34,-0.22,-0.90
22:34:12,0.27,-0.14,-0.97
22:34:13,0.28,-0.16,-0.96
22:34:13,0.27,-0.16,-0.96
22:34:13,0.29,-0.17,-0.96
22:34:13,0.27,-0.17,-0.96
22:34:13,0.28,-0.14,-0.95
22:34:13,0.27,-0.16,-0.96
22:34:13,0.29,-0.15,-0.94
22:34:13,0.29,-0.16,-0.97
22:34:13,0.29,-0.16,-0.96
22:34:13,0.27,-0.15,-0.96
22:34:14,0.27,-0.16,-0.95
22:34:51,-0.13,0.82,-0.41
22:34:51,-0.06,0.85,-0.48
22:34:51,-0.01,0.79,-0.47
22:34:51,-0.06,0.82,-0.50
22:34:51,-0.23,0.90,-0.60
22:34:51,0.05,0.89,-0.49
22:34:51,0.00,0.84,-0.48
22:34:51,-0.13,0.88,-0.53
22:34:51,-0.05,0.83,-0.50
22:34:51,-0.14,0.87,-0.59
22:34:52,0.03,0.81,-0.48
22:34:52,0.02,0.80,-0.45
22:34:52,-0.05,0.85,-0.49
22:34:52,-0.05,0.82,-0.51
22:34:52,-0.04,0.84,-0.50
22:34:52,-0.04,0.83,-0.49
22:34:52,-0.04,0.83,-0.50
22:34:52,-0.04,0.83,-0.50
22:34:52,-0.04,0.83,-0.50
