1:41:38,-0.68,0.09,-0.66
1:41:38,-0.68,0.12,-0.70
1:41:39,-0.70,0.08,-0.66
1:41:39,-0.66,0.18,-0.61
1:41:39,-0.69,0.08,-0.68
1:41:39,-0.68,0.11,-0.69
1:41:39,-0.69,0.12,-0.68
1:41:39,-0.70,0.11,-0.69
1:41:39,-0.71,0.11,-0.68
1:41:39,-0.70,0.09,-0.67
1:41:39,-0.69,0.12,-0.68
1:41:39,-0.69,0.12,-0.70
1:41:40,-0.69,0.10,-0.70
1:41:40,-0.71,0.09,-0.67
1:41:40,-0.68,0.12,-0.70
1:41:40,-0.69,0.11,-0.67
1:41:40,-0.68,0.11,-0.67
1:41:40,-0.69,0.11,-0.67
1:41:40,-0.70,0.10,-0.66
3:13:26,-0.56,0.19,-0.84
3:13:26,-0.49,0.08,-0.82
3:13:26,-0.55,0.13,-0.94
3:13:26,-0.36,0.01,-0.74
3:13:26,-0.34,0.53,-0.80
3:13:26,-0.16,0.33,-1.06
3:13:26,-0.19,0.33,-0.87
3:13:26,-0.19,0.31,-0.91
3:13:27,-0.25,0.35,-0.78
3:13:27,-0.24,0.42,-0.85
3:13:27,-0.31,0.38,-0.85
3:13:27,-0.22,0.62,-0.80
3:13:27,-0.34,0.59,-0.65
3:13:27,-0.35,0.61,-0.72
3:13:27,-0.29,0.52,-0.71
3:13:27,-0.39,0.60,-0.66
3:13:27,-0.41,0.61,-0.69
3:13:27,-0.47,0.64,-0.67
3:13:28,-0.41,0.66,-0.68
3:13:28,-0.36,0.62,-0.66
3:13:28,-0.38,0.64,-0.61
3:13:28,-0.42,0.66,-0.68
3:13:28,-0.43,0.63,-0.59
3:13:28,-0.43,0.63,-0.60
3:13:28,-0.43,0.64,-0.59
3:13:28,-0.44,0.63,-0.58
3:13:28,-0.45,0.62,-0.59
3:13:28,-0.44,0.62,-0.57
3:13:29,-0.44,0.62,-0.59
3:13:29,-0.45,0.63,-0.58
3:13:29,-0.46,0.62,-0.59
3:13:29,-0.46,0.61,-0.60
3:13:29,-0.44,0.63,-0.58
3:13:43,-0.77,0.58,0.17
3:13:43,-0.75,0.59,0.18
3:13:43,-0.75,0.59,0.17
3:13:43,-0.75,0.60,0.17
3:13:43,-0.74,0.59,0.17
3:13:44,-0.74,0.60,0.18
3:13:44,-0.74,0.60,0.17
3:13:44,-0.75,0.60,0.17
3:13:44,-0.74,0.59,0.17
3:13:44,-0.73,0.59,0.18
3:13:44,-0.74,0.57,0.17
3:13:44,-0.75,0.61,0.17
3:13:44,-0.72,0.43,0.08
3:13:44,-0.75,0.94,-0.01
3:13:44,-0.75,0.18,0.07
3:13:45,-0.77,0.43,0.21
3:13:45,-0.80,0.48,0.20
3:13:45,-0.80,0.51,0.20
3:13:45,-0.80,0.53,0.20
3:13:50,-0.84,0.42,0.25
3:13:50,-0.84,0.42,0.22
3:13:50,-0.85,0.42,0.22
3:13:50,-0.84,0.42,0.24
3:13:50,-0.85,0.43,0.24
3:13:50,-0.84,0.43,0.23
3:13:50,-0.84,0.44,0.22
3:13:51,-0.85,0.43,0.21
3:13:51,-0.84,0.41,0.26
3:13:51,-0.80,0.57,0.34
3:13:51,-0.84,0.45,0.26
3:13:51,-0.81,0.45,0.22
3:13:51,-0.78,0.50,0.16
3:13:51,-0.81,0.49,0.21
3:13:51,-0.89,0.49,0.22
3:13:51,-0.88,0.42,0.22
3:13:51,-0.85,0.41,0.24
3:13:52,-0.92,0.37,0.20
3:13:52,-0.96,0.26,0.21
4:21:28,-0.48,0.80,0.27
4:21:29,-0.43,0.84,0.22
4:21:29,-0.44,0.84,0.20
4:21:29,-0.42,0.86,0.17
4:21:29,-0.42,0.87,0.19
4:21:29,-0.42,0.86,0.19
4:21:29,-0.39,0.85,0.18
4:21:29,-0.43,0.85,0.17
4:21:29,-0.40,0.84,0.16
4:21:29,-0.41,0.86,0.17
4:21:29,-0.39,0.86,0.16
4:21:29,-0.38,0.86,0.16
4:21:30,-0.38,0.87,0.15
4:21:30,-0.39,0.88,0.15
4:21:30,-0.38,0.87,0.13
4:21:30,-0.39,0.88,0.15
4:21:30,-0.39,0.88,0.15
4:21:30,-0.39,0.87,0.13
4:21:30,-0.39,0.87,0.14
4:21:49,-0.41,0.85,-0.15
4:21:49,-0.42,0.85,-0.15
4:21:49,-0.41,0.84,-0.16
4:21:49,-0.41,0.85,-0.18
4:21:50,-0.42,0.86,-0.17
4:21:50,-0.41,0.85,-0.16
4:21:50,-0.42,0.86,-0.16
4:21:50,-0.42,0.85,-0.17
4:21:50,-0.41,0.86,-0.17
4:21:50,-0.42,0.86,-0.17
4:21:50,-0.43,0.85,-0.15
4:21:50,-0.42,0.84,-0.16
4:21:50,-0.41,0.85,-0.16
4:21:50,-0.43,0.88,-0.13
4:21:51,-0.42,0.86,-0.14
4:21:51,-0.42,0.87,-0.10
4:21:51,-0.49,0.85,-0.04
4:21:51,-0.45,0.85,-0.06
4:21:51,-0.48,0.85,-0.05
5:33:51,-0.15,0.92,0.13
5:33:51,-0.19,0.93,0.02
5:33:52,-0.30,0.94,0.04
5:33:52,-0.29,0.91,0.04
5:33:52,-0.33,0.89,0.06
5:33:52,-0.60,0.81,0.00
5:33:52,-0.58,0.76,-0.01
5:33:52,-0.59,0.76,-0.01
5:33:52,-0.59,0.76,-0.01
5:33:52,-0.59,0.77,-0.01
5:33:52,-0.59,0.76,-0.01
5:33:52,-0.60,0.76,-0.01
5:33:53,-0.59,0.76,-0.00
5:33:53,-0.60,0.76,0.00
5:33:53,-0.59,0.76,-0.01
5:33:53,-0.59,0.75,-0.00
5:33:53,-0.59,0.76,0.00
5:33:53,-0.59,0.75,0.00
5:33:53,-0.60,0.76,-0.00
5:33:53,-0.60,0.76,0.00
5:33:53,-0.60,0.76,0.00
5:33:53,-0.59,0.75,0.01
5:33:54,-0.59,0.76,-0.01
5:33:54,-0.59,0.75,-0.00
5:33:54,-0.59,0.77,0.00
5:33:54,-0.59,0.76,-0.00
5:33:54,-0.58,0.76,0.02
5:34:7,-0.81,0.51,-0.08
5:34:7,-0.75,0.58,-0.10
5:34:7,-0.76,0.59,-0.08
5:34:7,-0.84,0.47,-0.01
5:34:7,-0.71,0.75,0.08
5:34:7,-0.81,0.52,-0.13
5:34:7,-0.82,0.53,-0.06
5:34:8,-0.80,0.55,-0.12
5:34:8,-0.78,0.56,-0.09
5:34:8,-0.79,0.56,-0.12
5:34:8,-0.82,0.60,-0.09
5:34:8,-0.85,0.71,-0.07
5:34:8,-0.83,0.53,-0.03
5:34:8,-0.79,0.45,-0.02
5:34:8,-0.90,0.51,-0.04
5:34:8,-0.81,0.53,-0.08
5:34:8,-0.85,0.49,-0.04
5:34:9,-0.81,0.49,-0.01
5:34:9,-0.91,0.45,-0.02
6:21:28,-0.77,0.55,-0.14
6:21:28,-0.82,0.58,-0.12
6:21:28,-0.81,0.57,-0.07
6:21:28,-0.74,0.58,-0.10
6:21:28,-0.77,0.62,-0.08
6:21:28,-0.73,0.67,-0.13
6:21:28,-0.78,0.60,-0.09
6:21:28,-0.81,0.65,-0.06
6:21:28,-0.70,0.63,-0.15
6:21:28,-0.75,0.61,-0.11
6:21:29,-0.69,0.61,-0.01
6:21:29,-0.69,0.56,-0.08
6:21:29,-0.72,0.60,-0.12
6:21:29,-0.73,0.65,-0.09
6:21:29,-0.72,0.62,-0.07
6:21:29,-0.73,0.60,-0.08
6:21:29,-0.75,0.64,-0.09
6:21:29,-0.77,0.65,-0.13
6:21:29,-0.75,0.61,-0.11
6:44:8,0.01,0.83,-0.50
6:44:8,0.00,0.84,-0.50
6:44:9,0.01,0.83,-0.50
6:44:9,0.00,0.84,-0.50
6:44:9,0.01,0.83,-0.50
6:44:9,-0.00,0.83,-0.50
6:44:9,0.00,0.83,-0.50
6:44:9,0.00,0.83,-0.50
6:44:9,0.01,0.83,-0.50
6:44:9,0.02,0.83,-0.51
6:44:9,0.11,0.67,-0.60
6:44:9,-0.05,0.94,-0.38
6:44:10,-0.01,0.89,-0.33
6:44:10,0.05,0.86,-0.49
6:44:10,-0.09,0.87,-0.40
6:44:10,0.06,0.83,-0.60
6:44:10,0.17,0.91,-0.82
6:44:10,0.10,0.54,-0.37
6:44:10,-0.10,0.47,-0.50
6:44:10,0.18,0.74,-0.66
6:44:10,-0.37,0.89,-0.36
6:44:10,-0.16,0.34,-0.71
6:44:11,-0.82,0.85,-0.12
6:44:11,-0.11,1.01,-1.13
6:44:11,-0.31,0.74,-0.72
6:44:11,0.66,-2.00,-0.64
6:44:11,-0.37,-0.99,-0.33
6:44:11,-0.32,-0.81,-0.52
6:44:11,-0.42,-0.81,-0.62
6:44:11,-0.26,-0.70,-0.65
6:44:11,-0.25,-0.66,-0.73
6:44:11,-0.20,-0.69,-0.73
6:44:12,-0.20,-0.65,-0.77
6:44:12,-0.21,-0.63,-0.78
6:44:12,-0.19,-0.63,-0.74
6:44:12,-0.32,-0.79,-0.74
6:44:12,-0.35,-0.56,-0.95
6:44:12,-0.24,-0.62,-0.77
6:44:12,-0.20,-0.65,-0.72
6:44:12,-0.21,-0.60,-0.69
6:44:12,0.09,-0.49,-0.62
6:44:12,-0.56,-0.93,-0.77
6:44:13,-0.36,-0.74,-0.61
6:44:33,-0.51,0.35,-0.82
6:44:33,-0.50,0.26,-0.78
6:44:33,-0.48,0.27,-0.80
6:44:34,-0.54,0.30,-0.77
6:44:34,-0.52,0.32,-0.79
6:44:34,-0.53,0.33,-0.73
6:44:34,-0.51,0.30,-0.75
6:44:34,-0.52,0.33,-0.76
6:44:34,-0.85,0.18,-0.52
6:44:34,-0.25,-0.13,-0.67
6:44:34,-0.68,-0.05,-0.71
6:44:34,-0.68,-0.06,-0.73
6:44:34,-0.68,-0.04,-0.72
6:44:35,-0.71,0.00,-0.75
6:44:35,-0.69,-0.03,-0.69
6:44:35,-0.69,-0.03,-0.72
6:44:35,-0.69,-0.03,-0.72
6:44:35,-0.69,-0.05,-0.69
6:44:35,-0.69,-0.03,-0.69
6:44:51,-0.58,-0.59,0.07
6:44:51,-0.62,-0.76,0.19
6:44:51,-0.58,-0.88,0.26
6:44:51,-0.55,-0.83,0.18
6:44:51,-0.72,-0.86,0.26
6:44:51,-0.56,-1.03,-0.00
6:44:51,-0.65,-0.90,-0.03
6:44:52,-0.48,-0.86,0.04
6:44:52,-0.53,-0.88,0.05
6:44:52,-0.54,-0.89,0.08
6:44:52,-0.54,-0.85,0.07
6:44:52,-0.61,-0.87,0.05
6:44:52,-0.45,-0.92,0.14
6:44:52,-0.45,-0.90,0.12
6:44:52,-0.48,-0.89,0.07
6:44:52,-0.50,-0.89,0.09
6:44:52,-0.45,-0.90,0.11
6:44:53,-0.45,-0.91,0.11
6:44:53,-0.51,-0.88,0.12
6:44:53,-0.50,-0.87,0.07
6:44:53,-0.45,-0.90,0.11
7:17:5,-0.93,-0.36,0.08
7:17:5,-0.92,-0.34,0.07
7:17:5,-0.92,-0.32,0.05
7:17:5,-0.95,-0.30,0.03
7:17:5,-0.95,-0.29,0.04
7:17:5,-0.95,-0.32,0.06
7:17:5,-0.95,-0.28,0.02
7:17:5,-0.96,-0.29,0.04
7:17:5,-0.95,-0.28,0.04
7:17:6,-0.95,-0.28,0.03
7:17:6,-0.94,-0.28,0.04
7:17:6,-0.94,-0.28,0.02
7:17:6,-0.95,-0.29,0.03
7:17:6,-0.96,-0.28,0.04
7:17:6,-0.96,-0.28,0.05
7:17:6,-0.94,-0.29,0.02
7:17:6,-0.95,-0.29,0.02
7:17:6,-0.96,-0.29,0.02
7:17:6,-0.94,-0.28,0.02
7:17:11,-0.95,0.23,-0.11
7:17:11,-1.01,0.19,-0.11
7:17:11,-0.95,0.19,-0.10
7:17:11,-0.96,0.17,-0.20
7:17:11,-0.96,0.25,-0.15
7:17:12,-0.71,0.22,-0.13
7:17:12,-0.93,0.25,-0.19
7:17:12,-0.91,0.25,-0.20
7:17:12,-0.93,0.26,-0.19
7:17:12,-0.90,0.25,-0.21
7:17:12,-0.93,0.27,-0.20
7:17:12,-0.91,0.27,-0.20
7:17:12,-0.91,0.28,-0.20
7:17:12,-0.88,0.28,-0.21
7:17:12,-0.90,0.29,-0.18
7:17:13,-0.91,0.30,-0.19
7:17:13,-0.90,0.30,-0.20
7:17:13,-0.90,0.31,-0.21
7:17:13,-0.88,0.34,-0.22
7:17:27,-0.97,-0.03,-0.17
7:17:27,-0.98,-0.02,-0.17
7:17:27,-0.97,-0.03,-0.16
7:17:28,-0.96,-0.03,-0.15
7:17:28,-0.97,-0.03,-0.16
7:17:28,-0.97,-0.04,-0.15
7:17:28,-0.97,-0.05,-0.16
7:17:28,-0.97,-0.04,-0.17
7:17:28,-0.97,-0.03,-0.17
7:17:28,-0.96,-0.03,-0.16
7:17:28,-0.97,-0.04,-0.17
7:17:28,-0.95,-0.04,-0.17
7:17:28,-0.96,-0.04,-0.17
7:17:29,-0.96,-0.04,-0.16
7:17:29,-0.97,-0.03,-0.16
7:17:29,-0.97,-0.02,-0.17
7:17:29,-0.96,-0.04,-0.16
7:17:29,-0.97,-0.04,-0.18
7:17:29,-0.96,-0.04,-0.17
7:17:52,-0.92,0.11,-0.27
7:17:52,-0.91,0.09,-0.26
7:17:53,-0.92,0.10,-0.28
7:17:53,-0.88,0.07,-0.27
7:17:53,-1.02,0.03,-0.32
7:17:53,-0.85,-0.21,-0.37
7:17:53,-0.90,-0.14,-0.35
7:17:53,-0.95,-0.14,-0.31
7:17:53,-0.87,-0.13,-0.35
7:17:53,-0.94,-0.16,-0.33
7:17:53,-0.94,-0.20,-0.29
7:17:53,-0.94,-0.12,-0.35
7:17:54,-0.88,-0.19,-0.35
7:17:54,-0.92,-0.14,-0.26
7:17:54,-0.94,-0.21,-0.35
7:17:54,-0.44,-0.13,-0.42
7:17:54,-0.59,-0.31,-0.44
7:17:54,-0.74,-0.42,-0.44
7:17:54,-0.99,0.04,-0.27
7:17:54,-0.96,-0.06,-0.20
7:17:54,-0.94,-0.09,-0.18
7:17:54,-0.96,-0.06,-0.18
7:17:55,-0.97,-0.09,-0.17
7:17:55,-0.95,-0.14,-0.16
7:17:55,-0.95,-0.17,-0.16
7:17:55,-0.97,-0.16,-0.14
7:17:55,-0.97,-0.10,-0.12
7:17:55,-0.68,-0.62,-0.19
7:17:55,-0.96,-0.14,-0.14
7:17:55,-0.95,-0.20,-0.13
7:17:55,-0.98,-0.21,-0.07
7:17:55,-0.94,-0.22,-0.09
7:17:56,-0.96,-0.23,-0.10
7:17:56,-0.96,-0.25,-0.06
7:17:56,-1.01,-0.26,-0.09
7:17:56,-0.96,-0.26,-0.05
7:17:56,-0.97,-0.30,-0.04
7:17:56,-0.96,-0.22,-0.06
7:58:3,-0.95,0.21,-0.06
7:58:3,-0.95,0.21,-0.07
7:58:3,-0.95,0.21,-0.06
7:58:3,-0.95,0.21,-0.07
7:58:3,-0.95,0.21,-0.06
7:58:3,-0.94,0.21,-0.07
7:58:3,-0.95,0.21,-0.07
7:58:3,-0.95,0.20,-0.06
7:58:4,-0.95,0.21,-0.07
7:58:4,-0.95,0.21,-0.08
7:58:4,-0.95,0.21,-0.06
7:58:4,-0.95,0.21,-0.07
7:58:4,-0.95,0.21,-0.06
7:58:4,-0.95,0.20,-0.07
7:58:4,-0.94,0.20,-0.07
7:58:4,-0.95,0.21,-0.06
7:58:4,-0.95,0.21,-0.07
7:58:4,-0.95,0.21,-0.07
7:58:5,-0.94,0.21,-0.06
7:58:35,-0.80,0.46,-0.29
7:58:35,-0.80,0.46,-0.28
7:58:35,-0.81,0.45,-0.29
7:58:35,-0.81,0.44,-0.29
7:58:35,-0.81,0.44,-0.28
7:58:35,-0.81,0.44,-0.29
7:58:36,-0.81,0.44,-0.29
7:58:36,-0.85,0.50,-0.28
7:58:36,-0.81,0.44,-0.30
7:58:36,-0.81,0.43,-0.29
7:58:36,-0.81,0.42,-0.29
7:58:36,-0.81,0.44,-0.29
7:58:36,-0.81,0.44,-0.30
7:58:36,-0.81,0.43,-0.29
7:58:36,-0.80,0.44,-0.29
7:58:36,-0.82,0.43,-0.30
7:58:37,-0.81,0.44,-0.29
7:58:37,-0.81,0.43,-0.28
7:58:37,-0.80,0.43,-0.29
7:58:46,-0.87,-0.27,-0.38
7:58:46,-0.88,-0.27,-0.37
7:58:46,-0.87,-0.27,-0.38
7:58:46,-0.87,-0.27,-0.38
7:58:46,-0.87,-0.27,-0.37
7:58:46,-0.87,-0.27,-0.37
7:58:47,-0.87,-0.27,-0.39
7:58:47,-0.89,-0.25,-0.39
7:58:47,-0.88,-0.26,-0.36
7:58:47,-0.88,-0.27,-0.37
7:58:47,-0.88,-0.26,-0.37
7:58:47,-0.87,-0.27,-0.37
7:58:47,-0.88,-0.27,-0.38
7:58:47,-0.87,-0.26,-0.37
7:58:47,-0.87,-0.27,-0.37
7:58:47,-0.88,-0.27,-0.37
7:58:48,-0.87,-0.26,-0.38
7:58:48,-0.88,-0.27,-0.37
7:58:48,-0.86,-0.27,-0.38
7:58:51,-0.62,-0.73,-0.33
7:58:51,-0.63,-0.73,-0.32
7:58:51,-0.62,-0.75,-0.32
7:58:51,-0.60,-0.75,-0.34
7:58:51,-0.55,-0.76,-0.36
7:58:51,-0.59,-0.79,-0.33
7:58:51,-0.66,-0.75,-0.38
7:58:51,-0.45,-0.75,-0.43
7:58:52,-0.32,-0.88,-0.42
7:58:52,-0.23,-0.91,-0.26
7:58:52,-0.18,-0.97,-0.24
7:58:52,-0.51,-0.83,0.05
7:58:52,-0.43,-0.43,-0.20
7:58:52,-0.39,-0.63,-0.63
7:58:52,-0.46,-0.53,-0.65
7:58:52,-0.46,-0.57,-0.66
7:58:52,-0.51,-0.58,-0.66
7:58:52,-0.42,-0.52,-0.76
7:58:53,-0.42,-0.69,-0.56
9:9:5,-0.76,-0.22,-0.56
9:9:5,-0.79,-0.24,-0.56
9:9:5,-0.78,-0.21,-0.54
9:9:5,-0.78,-0.21,-0.56
9:9:6,-0.80,-0.21,-0.54
9:9:6,-0.78,-0.21,-0.54
9:9:6,-0.80,-0.19,-0.56
9:9:6,-0.78,-0.21,-0.55
9:9:6,-0.79,-0.22,-0.54
9:9:6,-0.78,-0.21,-0.57
9:9:6,-0.78,-0.22,-0.56
9:9:6,-0.76,-0.24,-0.57
9:9:6,-0.79,-0.21,-0.57
9:9:6,-0.78,-0.22,-0.57
9:9:7,-0.78,-0.22,-0.57
9:9:7,-0.77,-0.22,-0.56
9:9:7,-0.78,-0.22,-0.56
9:9:7,-0.77,-0.21,-0.55
9:9:7,-0.76,-0.18,-0.56
9:9:9,0.45,-0.83,-0.55
9:9:9,0.92,-0.61,-0.35
9:9:9,0.55,-0.81,-0.55
9:9:9,0.18,-1.01,-0.58
9:9:9,0.22,-0.57,-1.14
9:9:9,0.77,-0.77,-0.72
9:9:9,0.09,-0.22,-0.82
9:9:9,0.28,-0.36,-0.71
9:9:9,0.41,-0.36,-0.77
9:9:10,0.60,-0.35,-0.65
9:9:10,0.54,-0.21,-0.67
9:9:10,0.49,-0.22,-0.84
9:9:10,0.21,0.12,-0.74
9:9:10,0.39,0.29,-0.91
9:9:10,0.34,0.18,-0.90
9:9:10,0.35,0.16,-0.93
9:9:10,0.33,0.16,-0.93
9:9:10,0.35,0.15,-0.93
9:9:10,0.34,0.15,-0.93
9:9:11,0.34,0.15,-0.92
9:9:11,0.34,0.15,-0.93
9:9:11,0.33,0.13,-0.92
9:9:11,0.34,0.15,-0.92
9:9:11,0.33,0.15,-0.92
9:9:11,0.33,0.15,-0.94
9:9:11,0.33,0.15,-0.93
9:9:11,0.34,0.14,-0.94
9:9:11,0.34,0.15,-0.94
9:9:11,0.33,0.15,-0.92
9:9:12,0.34,0.15,-0.94
9:9:12,0.34,0.15,-0.92
9:9:12,0.33,0.15,-0.94
9:9:12,0.34,0.14,-0.93
9:9:12,0.35,0.14,-0.93
9:9:17,0.78,-0.27,-0.60
9:9:17,0.77,-0.29,-0.61
9:9:17,0.77,-0.28,-0.62
9:9:17,0.78,-0.28,-0.61
9:9:17,0.76,-0.28,-0.61
9:9:17,0.77,-0.27,-0.61
9:9:18,0.77,-0.28,-0.61
9:9:18,0.78,-0.28,-0.61
9:9:18,0.78,-0.28,-0.63
9:9:18,0.78,-0.28,-0.62
9:9:18,0.77,-0.27,-0.61
9:9:18,0.77,-0.29,-0.61
9:9:18,0.77,-0.28,-0.61
9:9:18,0.77,-0.29,-0.60
9:9:18,0.77,-0.29,-0.62
9:9:18,0.77,-0.28,-0.61
9:9:19,0.76,-0.28,-0.61
9:9:19,0.77,-0.29,-0.60
9:9:19,0.78,-0.28,-0.60
9:9:37,0.47,0.04,-0.89
9:9:37,0.47,0.04,-0.88
9:9:37,0.46,0.05,-0.91
9:9:37,0.48,0.05,-0.90
9:9:37,0.46,0.05,-0.88
9:9:37,0.47,0.04,-0.90
9:9:37,0.47,0.04,-0.88
9:9:37,0.47,0.04,-0.89
9:9:37,0.46,0.03,-0.89
9:9:38,0.46,0.05,-0.88
9:9:38,0.47,0.04,-0.90
9:9:38,0.47,0.04,-0.88
9:9:38,0.47,0.04,-0.89
9:9:38,0.47,0.04,-0.90
9:9:38,0.47,0.04,-0.90
9:9:38,0.47,0.04,-0.88
9:9:38,0.47,0.03,-0.89
9:9:38,0.47,0.04,-0.90
9:9:38,0.46,0.04,-0.90
9:9:57,0.41,-0.93,-0.22
9:9:57,-0.11,-0.79,-0.15
9:9:57,0.56,-0.47,0.10
9:9:57,0.53,-0.54,0.50
9:9:57,0.59,-0.60,0.64
9:9:57,0.65,-0.57,0.67
9:9:58,0.36,-0.47,0.82
9:9:58,0.55,-0.49,0.73
9:9:58,0.39,-0.69,0.41
9:9:58,0.59,-0.86,0.39
9:9:58,0.54,-0.86,0.44
9:9:58,0.53,-0.80,0.32
9:9:58,0.65,-0.82,0.44
9:9:58,0.66,-0.75,0.39
9:9:58,0.62,-0.71,0.45
9:9:58,0.77,-0.75,0.62
9:9:59,0.42,-0.68,0.47
9:9:59,0.52,-0.81,0.28
9:9:59,0.36,-0.85,0.55
9:9:59,0.38,-0.78,0.59
9:9:59,0.35,-0.82,0.64
9:9:59,0.21,-0.75,0.50
9:9:59,0.17,-0.75,0.57
9:9:59,0.53,-0.71,0.37
9:9:59,0.31,-0.77,0.58
9:9:59,0.06,-0.70,0.70
9:10:0,0.07,-0.83,0.51
9:10:0,0.11,-0.88,0.67
9:10:0,0.25,-0.76,0.52
9:10:0,0.27,-1.02,0.63
9:10:0,0.22,-0.92,0.61
9:10:0,0.25,-0.77,0.56
9:10:0,0.24,-0.80,0.60
9:10:0,0.21,-0.85,0.51
9:10:0,0.26,-0.87,0.49
9:10:0,0.26,-0.90,0.52
9:10:0,0.21,-0.82,0.51
9:10:1,0.13,-0.95,0.47
9:10:1,0.26,-0.86,0.50
10:27:20,-0.14,-0.89,-0.41
10:27:20,-0.11,-0.94,-0.40
10:27:20,-0.13,-0.93,-0.45
10:27:21,-0.12,-0.93,-0.44
10:27:21,-0.14,-0.93,-0.46
10:27:21,-0.14,-0.92,-0.45
10:27:21,-0.14,-0.93,-0.44
10:27:21,-0.15,-0.92,-0.44
10:27:21,-0.15,-0.92,-0.45
10:27:21,-0.15,-0.92,-0.44
10:27:21,-0.15,-0.92,-0.44
10:27:21,-0.15,-0.92,-0.43
10:27:21,-0.14,-0.91,-0.44
10:27:22,-0.15,-0.89,-0.44
10:27:22,-0.14,-0.92,-0.44
10:27:22,-0.14,-0.91,-0.45
10:27:22,-0.15,-0.92,-0.45
10:27:22,-0.15,-0.91,-0.45
10:27:22,-0.14,-0.92,-0.45
11:44:48,-0.44,0.85,0.03
11:44:48,-0.36,0.88,0.01
11:44:48,-0.36,0.90,0.04
11:44:48,-0.36,0.90,0.02
11:44:48,-0.34,0.91,0.04
11:44:48,-0.32,0.90,0.04
11:44:49,-0.33,0.92,0.03
11:44:49,-0.32,0.91,0.04
11:44:49,-0.33,0.91,0.06
11:44:49,-0.33,0.90,0.05
11:44:49,-0.33,0.89,0.04
11:44:49,-0.32,0.92,0.05
11:44:49,-0.32,0.91,0.06
11:44:49,-0.33,0.91,0.08
11:44:49,-0.32,0.91,0.08
11:44:49,-0.31,0.89,0.04
11:44:50,-0.31,0.90,0.11
11:44:50,-0.28,0.91,0.03
11:44:50,-0.29,0.93,0.04
11:45:19,0.05,0.71,-0.65
11:45:19,-0.20,0.82,-0.74
11:45:20,0.06,0.69,-0.68
11:45:20,0.08,0.67,-0.70
11:45:20,0.10,0.72,-0.70
11:45:20,0.11,0.69,-0.64
11:45:20,0.13,0.69,-0.64
11:45:20,0.16,0.70,-0.67
11:45:20,0.16,0.71,-0.66
11:45:20,0.15,0.71,-0.65
11:45:20,0.17,0.70,-0.65
11:45:20,0.16,0.69,-0.96
11:45:21,0.16,0.45,-0.66
11:45:21,0.06,0.66,-0.83
11:45:21,0.29,0.38,-0.63
11:45:21,-0.01,0.22,-0.92
11:45:21,-0.14,0.29,-0.93
11:45:21,-0.19,0.35,-0.66
11:45:21,0.28,0.93,-0.69
11:45:21,-0.26,0.31,-0.94
11:45:21,0.06,0.72,-0.75
11:45:21,0.01,0.69,-0.67
11:45:22,-0.01,0.73,-0.59
11:45:22,0.03,0.72,-0.65
11:45:22,0.05,0.75,-0.61
11:45:22,-0.19,0.93,-0.50
11:45:22,0.05,0.76,-0.61
11:45:22,0.06,0.76,-0.59
11:45:22,0.03,0.78,-0.59
11:45:22,0.06,0.77,-0.60
11:45:22,0.06,0.77,-0.60
11:45:22,0.06,0.76,-0.59
11:45:23,0.06,0.77,-0.59
11:45:23,0.06,0.75,-0.61
11:45:23,0.06,0.77,-0.59
11:45:28,0.12,0.75,-0.50
11:45:29,-0.09,0.87,-0.20
11:45:29,0.20,1.03,-0.23
11:45:29,0.14,0.92,-0.23
11:45:29,0.11,0.74,-0.41
11:45:29,0.19,0.70,-0.53
11:45:29,0.29,0.68,-0.72
11:45:29,0.13,1.25,-0.63
11:45:29,0.19,0.81,-0.54
11:45:29,0.24,0.89,-0.30
11:45:29,0.26,0.88,-0.33
11:45:30,0.23,0.90,-0.26
11:45:30,0.24,0.92,-0.30
11:45:30,0.43,0.84,-0.46
11:45:30,0.20,0.73,-0.30
11:45:30,0.33,0.95,-0.25
11:45:30,0.56,0.60,-0.31
11:45:30,0.46,0.74,-0.26
11:45:30,-0.10,0.93,-0.12
11:45:30,0.58,0.90,-0.21
11:45:30,0.26,0.71,-0.35
12:30:51,-0.50,-0.35,-0.12
12:30:51,-0.77,0.64,-0.05
12:30:51,-0.71,0.57,-0.18
12:30:52,-0.80,0.58,-0.19
12:30:52,-0.80,0.52,-0.09
12:30:52,-0.77,0.56,-0.15
12:30:52,-0.79,0.54,-0.15
12:30:52,-0.78,0.55,-0.11
12:30:52,-0.81,0.54,-0.14
12:30:52,-0.81,0.54,-0.12
12:30:52,-0.79,0.54,-0.14
12:30:52,-0.77,0.51,-0.12
12:30:52,-0.79,0.53,-0.12
12:30:53,-0.79,0.55,-0.12
12:30:53,-0.77,0.55,-0.11
12:30:53,-0.76,0.53,-0.12
12:30:53,-0.83,0.53,-0.16
12:30:53,-0.41,0.71,-0.09
12:30:53,-0.93,0.32,-0.19
12:30:56,-0.58,0.62,-0.39
12:30:56,-0.61,0.69,-0.38
12:30:56,-0.62,0.66,-0.37
12:30:56,-0.59,0.57,-0.11
12:30:56,-0.38,0.61,-0.33
12:30:56,-0.38,0.98,-0.06
12:30:56,-0.35,1.04,-0.23
12:30:56,-0.31,1.07,-0.06
12:30:57,-0.25,0.88,-0.01
12:30:57,-0.08,0.91,0.02
12:30:57,0.11,0.91,0.01
12:30:57,0.01,0.94,0.10
12:30:57,0.03,1.00,0.12
12:30:57,0.39,1.00,0.27
12:30:57,0.09,0.96,0.12
12:30:57,0.08,0.96,0.13
12:30:57,0.08,0.96,0.13
12:30:57,0.08,0.95,0.13
12:30:58,0.09,0.96,0.13
12:30:58,0.08,0.96,0.14
12:30:58,0.09,0.96,0.14
12:30:58,0.09,0.94,0.12
12:30:58,0.08,0.96,0.12
12:30:58,0.09,0.96,0.12
12:30:58,0.08,0.97,0.12
12:31:1,0.53,0.78,0.28
12:31:1,0.52,0.79,0.27
12:31:2,0.54,0.79,0.26
12:31:2,0.53,0.79,0.27
12:31:2,0.53,0.79,0.28
12:31:2,0.53,0.79,0.27
12:31:2,0.53,0.79,0.28
12:31:2,0.54,0.78,0.27
12:31:2,0.53,0.79,0.28
12:31:2,0.53,0.78,0.27
12:31:2,0.53,0.78,0.28
12:31:2,0.53,0.79,0.26
12:31:3,0.53,0.79,0.27
12:31:3,0.53,0.67,0.19
12:31:3,0.56,0.82,0.17
12:31:3,0.35,0.94,-0.13
12:31:3,0.37,0.81,0.41
12:31:3,0.45,0.78,0.30
12:31:3,0.49,0.84,0.35
17:15:33,-0.05,1.01,0.04
17:15:33,-0.11,0.99,0.06
17:15:33,-0.07,0.97,0.05
17:15:33,-0.08,0.92,0.03
17:15:34,-0.06,0.94,0.05
17:15:34,-0.09,0.95,0.03
17:15:34,-0.09,0.98,0.05
17:15:34,-0.13,1.04,0.06
17:15:34,-0.11,0.95,0.01
17:15:34,-0.08,0.98,0.04
17:15:34,-0.11,0.95,0.02
17:15:34,-0.11,0.96,0.02
17:15:34,-0.11,0.98,0.01
17:15:34,-0.09,0.97,0.02
17:15:35,-0.10,0.96,0.02
17:15:35,-0.09,0.97,0.02
17:15:35,-0.12,0.94,0.01
17:15:35,-0.16,0.96,0.02
17:15:35,-0.21,0.95,-0.01
17:18:46,-0.57,0.25,-0.77
17:18:46,-0.56,0.21,-0.78
17:18:47,-0.56,0.20,-0.77
17:18:47,-0.56,0.22,-0.76
17:18:47,-0.57,0.24,-0.75
17:18:47,-0.58,0.22,-0.77
17:18:47,-0.58,0.21,-0.76
17:18:47,-0.57,0.20,-0.75
17:18:47,-0.57,0.23,-0.76
17:18:47,-0.57,0.24,-0.76
17:18:47,-0.59,0.21,-0.73
17:18:47,-0.56,0.23,-0.76
17:18:48,-0.55,0.22,-0.76
17:18:48,-0.55,0.24,-0.75
17:18:48,-0.56,0.24,-0.77
17:18:48,-0.56,0.21,-0.75
17:18:48,-0.58,0.20,-0.77
17:18:48,-0.54,0.23,-0.73
17:18:48,-0.55,0.24,-0.72
17:18:48,-0.59,0.25,-0.68
17:18:48,-0.60,0.27,-0.75
17:18:48,-0.53,0.27,-0.71
17:18:54,-0.73,0.19,-0.64
17:18:54,-0.74,0.20,-0.62
17:18:54,-0.73,0.17,-0.61
17:18:54,-0.74,0.17,-0.61
17:18:54,-0.73,0.18,-0.61
17:18:54,-0.74,0.19,-0.61
17:18:54,-0.74,0.19,-0.62
17:18:54,-0.72,0.18,-0.60
17:18:54,-0.74,0.19,-0.61
17:18:55,-0.75,0.19,-0.57
17:18:55,-0.74,0.17,-0.62
17:18:55,-0.73,0.17,-0.62
17:18:55,-0.73,0.18,-0.62
17:18:55,-0.75,0.18,-0.60
17:18:55,-0.75,0.18,-0.62
17:18:55,-0.72,0.17,-0.62
17:18:55,-0.74,0.16,-0.60
17:18:55,-0.73,0.18,-0.63
17:18:55,-0.75,0.17,-0.62
17:18:58,-0.53,-0.65,-0.57
17:18:58,-0.45,-0.70,-0.52
17:18:58,-0.41,-0.76,-0.59
17:18:58,-0.46,-0.73,-0.54
17:18:58,-0.51,-0.69,-0.54
17:18:58,-0.50,-0.70,-0.54
17:18:58,-0.51,-0.66,-0.54
17:18:58,-0.55,-0.65,-0.53
17:18:59,-0.55,-0.65,-0.54
17:18:59,-0.56,-0.64,-0.54
17:18:59,-0.55,-0.65,-0.53
17:18:59,-0.55,-0.64,-0.54
17:18:59,-0.56,-0.64,-0.53
17:18:59,-0.56,-0.65,-0.55
17:18:59,-0.55,-0.66,-0.54
17:18:59,-0.54,-0.65,-0.55
17:18:59,-0.54,-0.65,-0.54
17:18:59,-0.56,-0.65,-0.54
17:19:0,-0.55,-0.65,-0.54
17:19:0,-0.55,-0.65,-0.54
17:19:0,-0.56,-0.65,-0.54
17:19:6,-0.79,-0.10,0.58
17:19:7,-0.79,-0.16,0.59
17:19:7,-0.77,-0.14,0.61
17:19:7,-0.74,-0.15,0.63
17:19:7,-0.72,-0.13,0.66
17:19:7,-0.65,-0.00,0.58
17:19:7,-0.70,-0.18,0.69
17:19:7,-0.36,-0.17,0.69
17:19:7,-0.18,0.16,0.99
17:19:7,-0.25,0.22,0.93
17:19:7,-0.31,0.18,0.90
17:19:8,-0.31,0.17,0.90
17:19:8,-0.23,0.10,0.91
17:19:8,-0.31,0.26,0.91
17:19:8,-0.32,0.21,0.89
17:19:8,-0.37,0.19,0.92
17:19:8,-0.22,0.27,0.85
17:19:8,-0.35,0.34,0.88
17:19:8,-0.46,-0.00,1.00
17:19:8,-0.35,0.35,0.83
17:19:8,-0.28,0.13,0.90
17:19:9,-0.33,0.02,0.84
17:19:9,-0.40,0.30,0.85
17:19:9,-0.43,0.29,0.92
17:19:9,-0.47,0.22,0.89
17:19:9,-0.34,0.19,0.90
17:19:9,-0.46,-0.10,0.82
17:19:9,-0.49,0.21,0.83
17:19:9,-0.53,0.23,0.92
17:19:9,-0.43,0.00,0.88
17:19:9,-0.57,0.03,0.84
17:19:10,-0.52,0.13,0.82
17:19:10,-0.47,0.20,0.80
17:19:10,-0.51,0.13,0.87
17:19:10,-0.49,0.12,0.85
17:19:10,-0.50,0.10,0.84
17:19:10,-0.49,0.12,0.85
17:19:10,-0.50,0.11,0.84
17:19:10,-0.52,0.10,0.84
17:19:10,-0.53,0.05,0.84
17:53:23,0.93,0.38,0.24
17:53:24,0.90,0.41,0.13
17:53:24,0.94,0.34,0.15
17:53:24,0.90,0.43,0.04
17:53:24,0.92,0.48,0.05
17:53:24,0.84,0.48,0.03
17:53:24,0.91,0.42,0.04
17:53:24,0.76,0.57,0.15
17:53:24,0.89,0.45,0.09
17:53:24,0.89,0.46,0.04
17:53:24,0.91,0.44,0.10
17:53:25,0.89,0.42,0.06
17:53:25,0.92,0.40,0.06
17:53:25,0.91,0.39,0.08
17:53:25,0.88,0.39,0.05
17:53:25,0.91,0.45,0.09
17:53:25,0.89,0.43,0.10
17:53:25,0.91,0.43,0.09
17:53:25,0.90,0.43,0.09
17:53:30,0.70,0.65,-0.28
17:53:30,0.75,0.63,-0.22
17:53:30,0.75,0.61,-0.23
17:53:30,0.78,0.54,-0.21
17:53:30,0.80,0.56,-0.23
17:53:31,0.80,0.56,-0.23
17:53:31,0.80,0.55,-0.23
17:53:31,0.81,0.56,-0.24
17:53:31,0.78,0.58,-0.26
17:53:31,0.78,0.57,-0.27
17:53:31,0.72,0.61,-0.28
17:53:31,0.74,0.64,-0.34
17:53:31,0.94,0.47,-0.43
17:53:31,0.79,0.53,-0.25
17:53:31,0.78,0.58,-0.27
17:53:32,0.77,0.55,-0.27
17:53:32,0.79,0.55,-0.24
17:53:32,0.82,0.54,-0.25
17:53:32,0.80,0.53,-0.25
18:32:29,0.95,0.21,0.02
18:32:29,0.98,0.23,-0.05
18:32:29,0.99,0.25,-0.03
18:32:29,0.96,0.22,-0.06
18:32:29,0.99,0.24,-0.01
18:32:29,1.00,0.19,0.00
18:32:29,0.98,0.24,-0.01
18:32:29,1.05,0.20,-0.02
18:32:29,1.04,0.20,-0.02
18:32:30,0.98,0.22,-0.04
18:32:30,0.99,0.20,-0.06
18:32:30,0.99,0.18,-0.07
18:32:30,0.98,0.15,-0.06
18:32:30,1.00,0.13,-0.07
18:32:30,0.99,0.12,-0.07
18:32:30,1.20,-0.26,0.10
18:32:30,0.95,0.09,-0.11
18:32:30,1.01,0.01,-0.09
18:32:30,1.03,-0.07,-0.10
18:32:36,-0.08,0.90,-0.40
18:32:36,-0.10,0.91,-0.41
18:32:36,-0.11,0.90,-0.40
18:32:36,-0.12,0.91,-0.40
18:32:36,-0.13,0.89,-0.39
18:32:36,-0.12,0.90,-0.39
18:32:36,-0.14,0.88,-0.43
18:32:36,-0.28,0.98,-0.40
18:32:36,-0.25,0.91,-0.46
18:32:36,-0.25,0.87,-0.41
18:32:37,-0.25,0.85,-0.43
18:32:37,-0.23,0.87,-0.42
18:32:37,-0.24,0.86,-0.42
18:32:37,-0.23,0.87,-0.42
18:32:37,-0.11,0.62,-0.45
18:32:37,-0.19,0.90,-0.50
18:32:37,0.12,0.76,-0.52
18:32:37,-0.24,0.80,-0.47
18:32:37,-0.28,0.84,-0.43
18:32:42,-0.48,0.58,-0.39
18:32:42,-0.41,0.76,-0.42
18:32:42,-0.53,0.72,-0.38
18:32:42,-0.38,0.77,-0.42
18:32:42,-0.34,0.88,-0.34
18:32:42,-0.36,0.33,-0.66
18:32:42,-0.42,0.78,-0.42
18:32:43,-0.42,0.77,-0.42
18:32:43,-0.41,0.77,-0.42
18:32:43,-0.29,0.87,-0.41
18:32:43,-0.43,0.73,-0.48
18:32:43,-0.49,0.76,-0.52
18:32:43,-0.43,0.81,-0.40
18:32:43,-0.41,0.79,-0.42
18:32:43,-0.37,0.67,-0.50
18:32:43,-0.49,0.77,-0.37
18:32:43,-0.38,0.79,-0.39
18:32:44,-0.38,0.81,-0.43
18:32:44,-0.42,0.78,-0.40
19:18:39,-0.81,0.62,-0.09
19:18:39,-0.78,0.54,-0.12
19:18:40,-0.72,0.59,-0.15
19:18:40,-0.77,0.59,-0.16
19:18:40,-0.84,0.63,-0.08
19:18:40,-0.87,0.45,-0.13
19:18:40,-0.83,0.54,-0.11
19:18:40,-0.83,0.46,-0.14
19:18:40,-0.82,0.49,-0.13
19:18:40,-0.81,0.51,-0.15
19:18:40,-0.82,0.50,-0.15
19:18:40,-0.84,0.45,-0.15
19:18:41,-0.83,0.47,-0.16
19:18:41,-0.81,0.51,-0.19
19:18:41,-0.80,0.45,-0.14
19:18:41,-0.85,0.47,-0.14
19:18:41,-0.86,0.35,0.00
19:18:41,-0.88,0.38,-0.15
19:18:41,-0.88,0.32,-0.23
20:20:37,-0.91,0.14,0.31
20:20:37,-0.91,0.12,0.31
20:20:37,-0.94,0.10,0.26
20:20:37,-0.95,0.08,0.33
20:20:37,-0.95,0.07,0.31
20:20:37,-0.93,0.08,0.31
20:20:37,-0.92,0.06,0.32
20:20:37,-0.93,0.05,0.31
20:20:37,-0.93,0.06,0.32
20:20:37,-0.92,0.04,0.31
20:20:38,-0.93,0.05,0.32
20:20:38,-0.92,0.06,0.33
20:20:38,-0.88,0.02,0.36
20:20:38,-0.92,0.04,0.34
20:20:38,-0.88,0.04,0.34
20:20:38,-0.92,0.04,0.34
20:20:38,-0.91,-0.01,0.37
20:20:38,-0.90,-0.04,0.37
20:20:38,-0.87,-0.08,0.44
21:24:22,-0.92,-0.28,-0.36
21:24:22,-0.91,-0.30,-0.32
21:24:22,-0.93,-0.26,-0.30
21:24:22,-0.91,-0.25,-0.28
21:24:22,-0.88,-0.32,-0.28
21:24:23,-0.91,-0.30,-0.29
21:24:23,-0.94,-0.31,-0.25
21:24:23,-0.93,-0.36,-0.27
21:24:23,-0.89,-0.34,-0.28
21:24:23,-0.88,-0.31,-0.26
21:24:23,-0.89,-0.34,-0.26
21:24:23,-0.88,-0.33,-0.27
21:24:23,-0.90,-0.32,-0.28
21:24:23,-0.90,-0.30,-0.29
21:24:23,-0.91,-0.31,-0.27
21:24:24,-0.90,-0.31,-0.27
21:24:24,-0.90,-0.31,-0.29
21:24:24,-0.90,-0.29,-0.28
21:24:24,-0.89,-0.23,-0.36
