0:22:25,0.76,0.64,0.00
0:22:25,0.77,0.64,0.00
0:22:25,0.77,0.65,0.02
0:22:25,0.76,0.65,-0.01
0:22:25,0.76,0.64,0.01
0:22:25,0.76,0.65,-0.00
0:22:25,0.76,0.64,0.00
0:22:25,0.76,0.64,0.01
0:22:25,0.75,0.64,-0.00
0:22:25,0.76,0.64,0.00
0:22:25,0.77,0.64,0.01
0:22:26,0.76,0.64,-0.00
0:22:26,0.76,0.64,0.00
0:22:26,0.77,0.64,-0.02
0:22:26,0.77,0.63,-0.01
0:22:26,0.76,0.65,-0.01
0:22:26,0.77,0.66,0.00
0:22:26,0.77,0.65,-0.00
0:22:26,0.76,0.64,0.00
0:39:29,0.04,0.90,-0.22
0:39:29,0.12,0.94,-0.21
0:39:29,0.10,0.96,-0.16
0:39:29,0.11,0.91,-0.17
0:39:29,0.16,0.96,-0.20
0:39:29,0.15,0.96,-0.16
0:39:29,0.17,0.85,-0.52
0:39:30,-0.15,0.57,-0.60
0:39:30,0.10,0.94,-0.17
0:39:30,0.11,0.98,-0.14
0:39:30,0.11,0.94,-0.19
0:39:30,0.12,1.03,-0.19
0:39:30,-0.10,1.00,-0.32
0:39:30,0.15,0.94,-0.17
0:39:30,0.10,0.95,-0.19
0:39:30,0.11,0.97,-0.16
0:39:30,0.13,0.99,-0.24
0:39:31,0.12,0.88,-0.25
0:39:31,0.07,0.95,-0.21
2:55:27,-0.36,0.91,-0.03
2:55:27,-0.37,0.87,-0.05
2:55:27,-0.33,0.90,0.01
2:55:27,-0.37,0.88,-0.03
2:55:27,-0.40,0.85,-0.09
2:55:28,-0.37,0.89,-0.05
2:55:28,-0.38,0.88,-0.05
2:55:28,-0.37,0.94,0.00
2:55:28,-0.37,0.88,-0.06
2:55:28,-0.37,0.87,-0.09
2:55:28,-0.38,0.90,-0.03
2:55:28,-0.37,0.89,-0.03
2:55:28,-0.32,0.88,-0.05
2:55:28,-0.36,0.89,-0.03
2:55:28,-0.35,0.91,-0.04
2:55:29,-0.36,0.89,-0.05
2:55:29,-0.35,0.91,0.00
2:55:29,-0.37,0.88,-0.04
2:55:29,-0.38,0.88,-0.06
3:16:15,-0.07,0.93,-0.30
3:16:15,-0.04,0.86,-0.29
3:16:15,-0.07,0.92,-0.30
3:16:16,-0.09,0.93,-0.30
3:16:16,-0.10,0.92,-0.33
3:16:16,-0.08,0.92,-0.31
3:16:16,-0.08,0.90,-0.30
3:16:16,-0.08,0.92,-0.27
3:16:16,-0.11,0.89,-0.30
3:16:16,-0.12,0.91,-0.32
3:16:16,-0.11,0.90,-0.31
3:16:16,-0.12,0.91,-0.33
3:16:16,-0.11,0.89,-0.32
3:16:17,-0.12,0.91,-0.32
3:16:17,-0.13,0.91,-0.32
3:16:17,-0.10,0.92,-0.33
3:16:17,-0.04,0.89,-0.30
3:16:17,-0.12,0.88,-0.32
3:16:17,-0.11,0.88,-0.38
3:28:0,-0.01,0.96,-0.06
3:28:0,-0.03,0.98,-0.06
3:28:0,-0.02,0.97,-0.05
3:28:0,-0.02,0.96,-0.06
3:28:1,-0.03,0.96,-0.05
3:28:1,-0.03,0.98,-0.06
3:28:1,-0.04,0.98,-0.04
3:28:1,-0.06,0.95,-0.04
3:28:1,-0.07,0.95,-0.05
3:28:1,-0.06,0.98,-0.05
3:28:1,-0.07,0.95,-0.05
3:28:1,-0.07,0.97,-0.06
3:28:1,-0.08,0.95,-0.05
3:28:1,-0.12,0.95,-0.05
3:28:2,-0.07,0.97,-0.14
3:28:2,-0.36,0.99,0.10
3:28:2,-0.33,0.83,-0.05
3:28:2,-0.30,0.85,-0.09
3:28:2,-0.30,0.95,-0.12
3:28:2,-0.03,0.92,-0.22
3:28:2,-0.09,0.73,-0.67
3:28:2,0.27,0.88,-0.44
3:28:2,0.24,0.85,-0.34
3:28:2,0.15,0.81,-0.36
3:28:3,0.09,0.85,-0.52
3:28:3,0.09,0.81,-0.54
3:28:3,0.06,0.81,-0.51
3:28:3,0.05,0.80,-0.56
3:28:3,0.04,0.82,-0.55
3:28:3,0.02,0.79,-0.55
3:28:3,-0.01,0.80,-0.54
3:28:3,-0.00,0.79,-0.56
3:28:3,-0.03,0.81,-0.55
3:28:3,-0.05,0.78,-0.56
3:28:4,-0.03,0.80,-0.59
3:28:4,-0.12,0.75,-0.59
3:28:4,-0.13,0.78,-0.58
3:28:26,0.96,0.36,-0.27
3:28:26,0.93,0.30,-0.27
3:28:26,0.86,0.35,-0.29
3:28:27,0.97,0.28,-0.25
3:28:27,0.77,0.36,-0.35
3:28:27,1.01,0.29,-0.19
3:28:27,0.80,0.30,-0.27
3:28:27,1.01,0.25,-0.21
3:28:27,0.95,0.30,-0.29
3:28:27,0.86,0.28,-0.21
3:28:27,0.99,0.27,-0.20
3:28:27,0.97,0.30,-0.16
3:28:27,0.96,0.30,-0.19
3:28:28,0.99,0.24,-0.37
3:28:28,0.94,0.30,-0.21
3:28:28,0.98,0.31,-0.20
3:28:28,1.05,0.23,-0.16
3:28:28,0.94,0.33,-0.19
3:28:28,1.00,0.24,-0.20
3:28:33,0.94,0.29,-0.19
3:28:33,0.95,0.27,-0.20
3:28:33,0.95,0.30,-0.21
3:28:33,0.94,0.30,-0.21
3:28:33,0.94,0.30,-0.20
3:28:33,0.95,0.31,-0.20
3:28:33,0.95,0.29,-0.19
3:28:33,0.95,0.30,-0.21
3:28:33,0.94,0.29,-0.19
3:28:34,0.94,0.29,-0.20
3:28:34,0.94,0.29,-0.21
3:28:34,0.94,0.29,-0.21
3:28:34,0.95,0.29,-0.19
3:28:34,0.95,0.30,-0.19
3:28:34,0.95,0.30,-0.19
3:28:34,0.94,0.30,-0.20
3:28:34,0.94,0.30,-0.21
3:28:34,0.94,0.29,-0.19
3:28:34,0.94,0.30,-0.20
3:54:39,0.81,0.59,-0.01
3:54:39,0.80,0.59,-0.01
3:54:39,0.80,0.59,-0.02
3:54:39,0.79,0.57,-0.03
3:54:39,0.81,0.59,-0.01
3:54:39,0.80,0.58,0.07
3:54:39,0.77,0.65,-0.03
3:54:40,0.75,0.64,-0.02
3:54:40,0.77,0.64,-0.01
3:54:40,0.76,0.67,-0.00
3:54:40,0.73,0.66,-0.01
3:54:40,0.75,0.63,-0.01
3:54:40,0.75,0.66,-0.01
3:54:40,0.75,0.67,0.01
3:54:40,0.74,0.66,-0.02
3:54:40,0.74,0.65,-0.01
3:54:40,0.74,0.65,-0.01
3:54:41,0.74,0.64,-0.01
3:54:41,0.75,0.66,-0.02
3:54:43,-0.06,0.82,-0.44
3:54:43,-0.07,0.87,-0.44
3:54:43,-0.01,0.88,-0.37
3:54:43,-0.07,0.88,-0.42
3:54:43,-0.04,0.90,-0.41
3:54:43,-0.05,0.90,-0.43
3:54:43,-0.06,0.88,-0.42
3:54:43,-0.05,0.88,-0.42
3:54:44,-0.04,0.89,-0.43
3:54:44,-0.05,0.87,-0.43
3:54:44,-0.05,0.89,-0.45
3:54:44,-0.05,0.89,-0.41
3:54:44,-0.05,0.91,-0.43
3:54:44,-0.04,0.88,-0.41
3:54:44,-0.07,0.89,-0.46
3:54:44,-0.07,0.88,-0.43
3:54:44,-0.05,0.89,-0.49
3:54:44,0.02,0.85,-0.46
3:54:45,-0.04,0.90,-0.41
3:54:48,0.04,0.91,-0.46
3:54:49,0.19,0.87,-0.38
3:54:49,0.09,1.21,-0.27
3:54:49,0.10,0.91,-0.45
3:54:49,0.19,0.83,-0.46
3:54:49,0.13,0.91,-0.42
3:54:49,0.56,0.90,-0.14
3:54:49,0.08,0.63,-0.55
3:54:49,0.27,0.95,-0.38
3:54:49,0.19,0.90,-0.40
3:54:49,0.36,1.20,-0.08
3:54:50,0.21,0.93,-0.40
3:54:50,0.14,0.84,-0.46
3:54:50,0.17,0.85,-0.44
3:54:50,0.27,1.13,-0.56
3:54:50,0.06,0.68,-0.48
3:54:50,0.13,0.77,-0.51
3:54:50,0.18,0.86,-0.41
3:54:50,0.16,0.88,-0.42
3:54:56,0.05,0.88,-0.42
3:54:56,0.05,0.88,-0.42
3:54:56,0.05,0.89,-0.43
3:54:56,0.05,0.88,-0.42
3:54:56,0.06,0.88,-0.43
3:54:56,0.06,0.89,-0.42
3:54:56,0.05,0.92,-0.43
3:54:56,-0.03,0.73,-0.58
3:54:57,0.08,0.87,-0.45
3:54:57,0.11,0.83,-0.40
3:54:57,0.09,0.89,-0.41
3:54:57,0.07,0.82,-0.52
3:54:57,0.06,0.90,-0.44
3:54:57,0.12,0.99,-0.21
3:54:57,0.03,0.88,-0.45
3:54:57,0.00,0.89,-0.46
3:54:57,0.04,0.88,-0.43
3:54:57,0.04,0.90,-0.41
3:54:58,0.03,0.88,-0.42
4:31:49,-0.88,-0.33,-0.26
4:31:49,-0.88,-0.30,-0.28
4:31:49,-0.90,-0.37,-0.23
4:31:49,-0.56,-0.32,-0.62
4:31:49,-0.90,-0.36,-0.28
4:31:49,-0.98,-0.21,-0.38
4:31:49,-0.80,-0.23,-0.43
4:31:49,-0.91,-0.21,-0.31
4:31:49,-0.91,-0.23,-0.30
4:31:50,-0.88,-0.20,-0.33
4:31:50,-0.70,-0.12,-0.48
4:31:50,0.09,-0.10,-0.31
4:31:50,-0.95,0.20,-0.57
4:31:50,-1.09,-0.00,-0.52
4:31:50,-0.87,-0.13,-0.40
4:31:50,-0.91,-0.10,-0.46
4:31:50,-0.94,-0.08,-0.35
4:31:50,-0.84,-0.14,-0.41
4:31:50,-0.92,-0.06,-0.66
5:19:8,-0.77,-0.13,-0.59
5:19:9,-0.78,-0.14,-0.59
5:19:9,-0.78,-0.13,-0.58
5:19:9,-0.78,-0.13,-0.59
5:19:9,-0.78,-0.14,-0.59
5:19:9,-0.78,-0.13,-0.58
5:19:9,-0.78,-0.14,-0.58
5:19:9,-0.79,-0.13,-0.59
5:19:9,-0.78,-0.13,-0.59
5:19:9,-0.77,-0.14,-0.58
5:19:9,-0.79,-0.15,-0.59
5:19:10,-0.77,-0.15,-0.60
5:19:10,-0.77,-0.14,-0.59
5:19:10,-0.78,-0.14,-0.59
5:19:10,-0.78,-0.14,-0.59
5:19:10,-0.78,-0.15,-0.59
5:19:10,-0.77,-0.14,-0.58
5:19:10,-0.77,-0.14,-0.58
5:19:10,-0.77,-0.15,-0.60
6:18:41,-0.90,0.36,-0.06
6:18:41,-0.99,0.22,-0.13
6:18:41,-0.96,0.30,-0.02
6:18:41,-0.70,0.67,-0.10
6:18:41,-0.67,0.68,-0.12
6:18:41,-0.60,0.73,-0.14
6:18:41,-0.47,0.91,-0.15
6:18:42,-0.50,0.47,0.08
6:18:42,-0.29,0.73,-0.12
6:18:42,-0.31,0.94,-0.14
6:18:42,-0.20,0.99,-0.10
6:18:42,-0.19,0.95,-0.14
6:18:42,-0.21,0.93,-0.12
6:18:42,-0.19,0.94,-0.11
6:18:42,-0.20,0.94,-0.11
6:18:42,-0.21,0.93,-0.12
6:18:42,-0.20,0.94,-0.12
6:18:43,-0.18,0.95,-0.13
6:18:43,-0.16,0.93,-0.12
6:18:43,-0.16,0.94,-0.13
6:18:43,-0.16,0.91,-0.12
6:18:43,-0.15,0.95,-0.13
6:18:43,-0.14,0.95,-0.10
6:18:43,-0.13,0.92,-0.08
6:18:43,-0.14,0.96,-0.11
6:18:43,-0.13,0.95,-0.11
6:18:56,0.60,1.14,-0.81
6:18:57,0.33,0.90,-0.29
6:18:57,0.32,0.95,-0.35
6:18:57,0.50,0.68,-0.41
6:18:57,0.52,0.40,-0.47
6:18:57,0.48,0.61,-0.38
6:18:57,0.33,0.88,-0.30
6:18:57,0.63,0.39,-0.28
6:18:57,0.22,0.87,-0.31
6:18:57,0.08,0.91,-0.37
6:18:57,0.12,0.89,-0.39
6:18:58,0.11,0.88,-0.40
6:18:58,0.10,0.88,-0.40
6:18:58,0.11,0.88,-0.39
6:18:58,0.11,0.88,-0.40
6:18:58,0.10,0.88,-0.39
6:18:58,0.11,0.88,-0.40
6:18:58,0.11,0.88,-0.41
6:18:58,0.11,0.88,-0.40
6:18:58,-0.04,0.97,-0.41
6:18:58,0.58,0.67,-0.65
6:18:59,0.34,1.03,-0.40
6:18:59,0.58,0.65,-0.51
6:18:59,0.74,0.65,-0.40
6:18:59,0.51,0.86,-0.51
6:18:59,0.66,0.74,-0.36
6:18:59,0.42,0.68,-0.25
6:18:59,0.37,0.76,-0.48
6:18:59,0.69,0.53,-0.89
6:18:59,1.00,0.94,-0.31
6:18:59,0.86,0.52,-0.33
6:19:0,0.85,0.47,-0.27
6:19:0,0.52,0.56,-0.61
6:19:0,0.72,0.55,-0.44
6:19:0,0.67,0.57,-0.46
6:19:0,0.64,0.61,-0.45
6:19:0,0.63,0.62,-0.46
6:19:0,0.62,0.63,-0.47
6:19:0,0.59,0.63,-0.48
6:19:0,0.61,0.65,-0.50
6:19:0,0.55,0.66,-0.47
6:19:1,0.55,0.66,-0.49
6:19:1,0.56,0.66,-0.49
6:19:1,0.55,0.66,-0.48
6:19:1,0.53,0.68,-0.47
6:19:1,0.55,0.68,-0.50
6:19:1,0.57,0.68,-0.47
6:19:1,0.53,0.68,-0.49
6:19:1,0.57,0.70,-0.49
6:19:1,0.52,0.68,-0.50
6:19:9,-0.18,0.90,-0.30
6:19:9,-0.18,0.90,-0.29
6:19:9,-0.17,0.91,-0.28
6:19:9,-0.17,0.92,-0.28
6:19:10,-0.17,0.90,-0.29
6:19:10,-0.19,0.91,-0.28
6:19:10,-0.17,0.91,-0.26
6:19:10,-0.17,0.91,-0.29
6:19:10,-0.17,0.91,-0.31
6:19:10,-0.17,0.92,-0.29
6:19:10,-0.17,0.91,-0.30
6:19:10,-0.17,0.91,-0.28
6:19:10,-0.17,0.90,-0.30
6:19:10,-0.17,0.91,-0.29
6:19:11,-0.18,0.90,-0.28
6:19:11,-0.21,0.71,-0.44
6:19:11,-0.32,0.85,-0.31
6:19:11,-0.34,0.82,-0.39
6:19:11,-0.36,0.85,-0.39
6:19:26,-0.64,0.64,-0.37
6:19:26,-0.38,0.74,-0.34
6:19:26,-0.52,0.68,-0.41
6:19:26,-0.56,0.68,-0.41
6:19:26,-0.50,0.75,-0.39
6:19:26,-0.55,0.73,-0.41
6:19:26,-0.57,0.77,-0.51
6:19:26,0.10,0.62,-0.60
6:19:27,-0.16,0.20,-1.08
6:19:27,-0.30,0.17,-0.83
6:19:27,-0.29,0.47,-0.90
6:19:27,-0.38,0.48,-0.81
6:19:27,-0.35,0.47,-0.75
6:19:27,-0.36,0.45,-0.79
6:19:27,-0.42,0.41,-0.81
6:19:27,-0.39,0.48,-0.79
6:19:27,-0.37,0.50,-0.76
6:19:27,-0.37,0.50,-0.74
6:19:28,-0.36,0.50,-0.77
6:19:28,-0.34,0.58,-0.71
6:19:28,-0.39,0.61,-0.69
6:19:28,-0.16,-0.04,-0.73
6:19:28,-0.30,0.26,-0.88
6:19:28,-0.31,0.44,-0.80
6:19:28,-0.36,0.32,-0.70
6:19:28,-0.28,0.47,-0.85
6:19:28,-0.31,0.45,-0.82
6:19:28,-0.28,0.40,-0.78
6:19:29,-0.25,0.52,-0.81
7:1:3,0.29,-0.13,-0.94
7:1:3,0.68,0.46,-1.22
7:1:3,0.21,0.06,-0.97
7:1:4,0.29,0.25,-1.13
7:1:4,0.11,0.30,-1.01
7:1:4,-0.57,0.79,-0.77
7:1:4,-0.83,0.35,-0.45
7:1:4,-0.77,0.37,-0.46
7:1:4,-0.76,0.38,-0.49
7:1:4,-0.76,0.39,-0.47
7:1:4,-0.77,0.38,-0.46
7:1:4,-0.73,0.39,-0.46
7:1:4,-0.77,0.39,-0.45
7:1:5,-0.75,0.39,-0.46
7:1:5,-0.75,0.39,-0.45
7:1:5,-0.77,0.41,-0.46
7:1:5,-0.77,0.39,-0.44
7:1:5,-0.76,0.39,-0.44
7:1:5,-0.76,0.40,-0.45
7:1:5,-0.76,0.38,-0.45
7:1:5,-0.75,0.38,-0.44
7:1:5,-0.85,0.47,-0.48
7:1:5,-0.75,0.41,-0.45
7:1:6,-0.76,0.39,-0.44
7:1:6,-0.75,0.40,-0.44
7:1:6,-0.76,0.40,-0.44
7:1:27,-0.92,0.33,0.23
7:1:27,-0.91,0.41,0.19
7:1:27,-0.88,0.30,0.22
7:1:27,-0.95,0.16,0.28
7:1:27,-0.90,0.39,0.14
7:1:27,-0.87,0.37,0.22
7:1:27,-0.89,0.34,0.19
7:1:27,-0.88,0.35,0.20
7:1:27,-0.87,0.35,0.21
7:1:28,-0.88,0.34,0.21
7:1:28,-0.89,0.34,0.21
7:1:28,-0.88,0.34,0.22
7:1:28,-0.88,0.34,0.22
7:1:28,-0.88,0.35,0.21
7:1:28,-0.87,0.35,0.22
7:1:28,-0.89,0.34,0.21
7:1:28,-0.88,0.35,0.22
7:1:28,-0.87,0.36,0.21
7:1:28,-0.88,0.35,0.21
7:1:34,-0.92,0.17,0.30
7:1:34,-0.92,0.17,0.30
7:1:34,-0.92,0.17,0.30
7:1:34,-0.91,0.17,0.29
7:1:34,-0.92,0.17,0.30
7:1:34,-0.92,0.19,0.32
7:1:34,-0.90,0.20,0.28
7:1:35,-0.92,0.18,0.30
7:1:35,-0.91,0.18,0.31
7:1:35,-0.91,0.19,0.30
7:1:35,-0.91,0.19,0.30
7:1:35,-0.91,0.19,0.29
7:1:35,-0.92,0.19,0.30
7:1:35,-0.91,0.18,0.30
7:1:35,-0.91,0.19,0.30
7:1:35,-0.92,0.18,0.30
7:1:35,-0.91,0.18,0.28
7:1:36,-0.91,0.19,0.30
7:1:36,-0.92,0.19,0.30
7:1:39,-0.51,0.78,0.10
7:1:39,-0.56,0.80,0.10
7:1:39,-0.54,0.80,0.11
7:1:39,-0.54,0.79,0.10
7:1:39,-0.54,0.78,0.10
7:1:39,-0.52,0.83,0.13
7:1:39,-0.55,0.78,0.10
7:1:39,-0.54,0.79,0.09
7:1:40,-0.53,0.79,0.12
7:1:40,-0.51,0.82,0.10
7:1:40,-0.54,0.79,0.11
7:1:40,-0.53,0.80,0.10
7:1:40,-0.52,0.80,0.11
7:1:40,-0.51,0.80,0.12
7:1:40,-0.52,0.80,0.11
7:1:40,-0.51,0.80,0.09
7:1:40,-0.51,0.82,0.09
7:1:40,-0.50,0.80,0.10
7:1:41,-0.48,0.81,0.13
7:1:42,-0.09,0.81,-0.52
7:1:43,-0.04,0.77,-0.58
7:1:43,-0.05,0.76,-0.58
7:1:43,-0.04,0.79,-0.57
7:1:43,-0.02,0.75,-0.64
7:1:43,-0.08,0.80,-0.73
7:1:43,-0.01,0.70,-0.71
7:1:43,-0.02,0.71,-0.66
7:1:43,-0.00,0.69,-0.63
7:1:43,-0.08,0.70,-0.65
7:1:43,-0.04,0.70,-0.66
7:1:44,-0.07,0.74,-0.61
7:1:44,-0.08,0.75,-0.59
7:1:44,-0.06,0.73,-0.61
7:1:44,-0.08,0.74,-0.62
7:1:44,-0.16,0.58,-0.72
7:1:44,-0.02,0.77,-0.86
7:1:44,-0.05,0.67,-0.23
7:1:44,0.54,0.58,-0.47
7:1:44,0.84,0.29,-0.28
7:1:44,1.06,0.37,-0.25
7:1:45,1.07,0.34,-0.01
7:1:45,1.05,0.35,0.05
7:1:45,0.87,0.41,0.01
7:1:45,0.89,0.44,-0.11
7:1:45,0.91,0.39,-0.13
7:1:45,0.92,0.43,-0.14
7:1:45,0.93,0.39,-0.13
7:1:45,0.91,0.32,-0.12
7:1:45,0.87,0.44,-0.13
7:1:45,0.82,0.39,-0.10
7:1:46,0.90,0.46,-0.05
7:1:46,0.89,0.45,-0.05
7:1:46,0.97,0.41,-0.05
7:1:46,0.91,0.75,-0.08
7:1:46,0.84,0.61,-0.05
7:1:46,0.70,0.30,0.53
7:1:46,0.62,0.05,0.87
7:1:46,1.07,-0.31,0.80
7:1:46,0.94,0.12,0.35
7:1:46,0.97,0.17,0.24
7:1:47,0.89,0.14,0.35
7:1:47,0.94,0.10,0.37
7:1:47,0.92,0.15,0.34
7:1:47,0.97,0.14,0.31
7:1:47,0.79,-0.17,0.47
7:1:47,0.90,0.11,0.40
7:1:47,1.00,-0.09,0.31
7:1:47,1.03,0.03,0.37
7:1:47,1.03,0.09,0.30
7:1:47,0.77,0.02,0.39
7:1:48,0.82,0.05,0.42
7:1:48,0.86,-0.17,0.63
7:1:48,0.80,-0.19,0.32
7:1:48,0.78,0.12,0.52
7:1:48,1.01,0.19,0.30
7:1:48,0.92,-0.12,0.42
7:1:48,0.90,0.13,0.34
7:1:48,0.97,0.13,0.41
7:1:48,1.14,0.15,0.21
7:1:48,0.94,0.01,0.34
7:1:49,0.99,0.20,0.39
7:1:49,0.88,0.17,0.33
7:1:49,0.90,0.33,0.36
7:1:49,0.98,0.38,0.29
7:1:49,0.93,0.10,0.31
7:1:49,1.01,0.09,0.18
7:1:49,0.93,0.19,0.32
7:1:49,0.91,0.22,0.29
7:33:47,0.94,-0.04,0.43
7:33:47,0.93,-0.03,0.42
7:33:47,0.93,-0.02,0.42
7:33:47,0.92,-0.03,0.41
7:33:48,0.94,-0.03,0.41
7:33:48,0.98,0.02,0.42
7:33:48,0.95,-0.01,0.37
7:33:48,0.96,0.00,0.35
7:33:48,0.96,-0.03,0.38
7:33:48,1.09,0.04,0.38
7:33:48,0.93,0.06,0.34
7:33:48,0.99,0.06,0.27
7:33:48,0.98,0.05,0.29
7:33:48,0.97,0.07,0.29
7:33:49,0.98,0.07,0.26
7:33:49,0.99,0.07,0.23
7:33:49,0.98,0.07,0.26
7:33:49,0.99,0.10,0.25
7:33:49,0.99,0.09,0.24
7:37:32,1.01,0.27,-0.09
7:37:32,0.97,0.28,-0.09
7:37:32,1.04,0.21,-0.09
7:37:33,0.86,0.12,0.02
7:37:33,0.95,0.30,-0.11
7:37:33,0.93,0.34,-0.12
7:37:33,0.94,0.28,-0.09
7:37:33,0.92,0.28,-0.08
7:37:33,0.93,0.30,-0.11
7:37:33,0.96,0.31,-0.06
7:37:33,0.97,0.31,-0.06
7:37:33,0.94,0.32,-0.08
7:37:33,0.96,0.31,-0.06
7:37:34,0.98,0.32,-0.06
7:37:34,0.96,0.30,-0.08
7:37:34,1.00,0.31,-0.08
7:37:34,0.94,0.31,-0.08
7:37:34,0.95,0.29,-0.09
7:37:34,0.97,0.32,-0.08
7:37:43,0.12,0.91,-0.39
7:37:43,0.13,0.95,-0.17
7:37:43,0.08,0.88,-0.18
7:37:43,0.16,0.94,-0.13
7:37:44,0.17,0.99,-0.07
7:37:44,0.14,1.01,-0.05
7:37:44,0.17,0.95,-0.17
7:37:44,0.14,0.95,-0.17
7:37:44,0.12,0.92,-0.16
7:37:44,0.17,0.97,-0.10
7:37:44,0.14,0.97,-0.12
7:37:44,0.12,0.92,-0.20
7:37:44,0.10,0.90,-0.23
7:37:44,0.14,0.98,-0.17
7:37:45,0.11,0.93,-0.21
7:37:45,0.11,0.93,-0.19
7:37:45,0.14,0.95,-0.19
7:37:45,0.12,0.98,-0.13
7:37:45,0.17,0.92,-0.18
7:37:45,0.13,0.96,-0.23
7:51:11,0.46,0.85,-0.05
7:51:11,0.44,0.85,0.07
7:51:11,0.48,0.89,0.02
7:51:12,0.47,0.87,-0.01
7:51:12,0.49,0.85,0.01
7:51:12,0.48,0.86,0.02
7:51:12,0.49,0.85,0.06
7:51:12,0.49,0.85,0.05
7:51:12,0.46,0.87,0.05
7:51:12,0.49,0.86,0.07
7:51:12,0.49,0.84,0.10
7:51:12,0.66,1.00,0.12
7:51:12,0.50,0.85,0.07
7:51:13,0.50,0.84,0.07
7:51:13,0.50,0.85,0.05
7:51:13,0.51,0.84,0.06
7:51:13,0.50,0.85,0.08
7:51:13,0.50,0.85,0.07
7:51:13,0.50,0.84,0.07
8:26:46,0.14,0.98,-0.13
8:26:47,0.22,0.92,-0.16
8:26:47,0.20,0.93,-0.17
8:26:47,0.18,0.91,-0.10
8:26:47,0.16,0.93,-0.20
8:26:47,0.19,0.97,-0.19
8:26:47,0.22,0.95,-0.22
8:26:47,0.21,0.93,-0.18
8:26:47,0.21,0.95,-0.19
8:26:47,0.19,0.96,-0.21
8:26:47,0.20,0.93,-0.19
8:26:48,0.24,0.94,-0.18
8:26:48,0.29,0.93,-0.34
8:26:48,0.22,0.88,-0.36
8:26:48,0.24,0.90,-0.39
8:26:48,0.16,0.83,-0.35
8:26:48,0.31,0.87,-0.29
8:26:48,0.29,0.79,-0.37
8:26:48,0.25,0.86,-0.41
9:8:39,-0.14,0.45,-0.85
9:8:39,-0.19,0.56,-0.85
9:8:39,-0.07,0.40,-0.85
9:8:39,-0.47,0.10,-1.24
9:8:40,-0.22,0.30,-0.90
9:8:40,-0.13,0.62,-0.69
9:8:40,-0.08,0.69,-0.69
9:8:40,-0.07,0.69,-0.68
9:8:40,-0.07,0.69,-0.66
9:8:40,-0.07,0.69,-0.67
9:8:40,-0.06,0.70,-0.68
9:8:40,-0.08,0.70,-0.67
9:8:40,-0.06,0.69,-0.68
9:8:40,-0.07,0.70,-0.67
9:8:41,-0.04,0.68,-0.66
9:8:41,0.03,0.19,-0.77
9:8:41,-0.14,0.02,-0.72
9:8:41,-0.30,0.27,-0.98
9:8:41,-0.34,0.30,-0.98
9:8:41,-0.09,0.29,-0.94
9:8:41,-0.22,0.37,-0.88
9:8:41,0.04,0.54,-0.73
9:8:41,0.11,0.66,-0.72
9:8:41,0.03,0.71,-0.77
9:8:42,0.36,0.88,-0.82
9:8:42,0.01,-0.17,-0.84
9:8:42,0.01,0.23,-0.99
9:8:42,0.00,0.30,-0.92
9:8:42,0.18,0.34,-0.77
9:8:42,0.40,0.83,-0.71
9:8:42,0.29,0.63,-0.71
9:8:42,0.31,0.61,-0.65
9:8:42,0.31,0.64,-0.68
9:8:42,0.32,0.64,-0.69
9:8:43,0.32,0.64,-0.68
9:8:43,0.32,0.64,-0.66
9:8:43,0.31,0.64,-0.66
9:8:43,0.32,0.64,-0.67
9:8:43,0.32,0.65,-0.69
9:8:43,0.31,0.64,-0.67
9:8:43,0.33,0.65,-0.67
9:8:43,0.32,0.68,-0.69
9:8:43,0.32,0.65,-0.69
9:8:43,0.31,0.64,-0.67
9:8:44,0.32,0.64,-0.67
9:8:44,0.32,0.64,-0.69
9:8:44,0.32,0.64,-0.66
9:8:44,0.32,0.64,-0.66
9:8:44,0.33,0.64,-0.66
9:8:44,0.33,0.63,-0.61
9:8:44,0.25,0.77,-0.74
9:8:46,0.79,0.94,-0.64
9:8:46,-0.12,-0.20,-0.84
9:8:46,0.24,0.18,-0.84
9:8:46,0.43,0.35,-0.83
9:8:46,0.55,0.45,-0.72
9:8:46,0.40,0.42,-0.71
9:8:46,0.65,0.54,-0.64
9:8:46,0.57,0.45,-0.67
9:8:46,0.57,0.44,-0.68
9:8:47,0.57,0.45,-0.68
9:8:47,0.58,0.45,-0.66
9:8:47,0.58,0.45,-0.67
9:8:47,0.58,0.45,-0.67
9:8:47,0.58,0.45,-0.68
9:8:47,0.59,0.45,-0.67
9:8:47,0.59,0.45,-0.67
9:8:47,0.57,0.45,-0.68
9:8:47,0.58,0.46,-0.67
9:8:47,0.59,0.45,-0.66
9:8:51,0.40,0.87,0.15
9:8:51,0.39,0.88,0.19
9:8:51,0.37,0.87,0.22
9:8:51,0.39,0.84,0.30
9:8:51,0.38,0.87,0.26
9:8:51,0.38,0.86,0.27
9:8:51,0.38,0.86,0.27
9:8:52,0.38,0.87,0.27
9:8:52,0.38,0.86,0.27
9:8:52,0.39,0.90,0.36
9:8:52,0.53,0.92,0.36
9:8:52,0.47,0.86,0.02
9:8:52,0.42,0.85,-0.05
9:8:52,0.46,0.86,0.04
9:8:52,0.47,0.86,0.03
9:8:52,0.47,0.85,0.03
9:8:52,0.47,0.86,0.03
9:8:53,0.48,0.86,0.03
9:8:53,0.47,0.86,0.02
9:9:9,0.88,-0.11,-0.53
9:9:9,0.84,-0.17,-0.52
9:9:9,0.96,-0.17,-0.45
9:9:9,0.91,-0.07,-0.53
9:9:9,0.81,0.01,-0.52
9:9:9,0.86,-0.15,-0.42
9:9:9,0.88,-0.32,-0.50
9:9:9,0.91,-0.20,-0.42
9:9:10,0.80,-0.25,-0.44
9:9:10,0.94,-0.26,-0.55
9:9:10,0.84,-0.15,-0.49
9:9:10,0.92,0.02,-0.48
9:9:10,2.00,1.52,0.17
9:9:10,0.96,-0.03,-0.20
9:9:10,1.04,0.01,-0.29
9:9:10,1.00,-0.03,-0.19
9:9:10,0.99,-0.04,-0.23
9:9:10,1.01,-0.09,-0.22
9:9:11,0.99,-0.10,-0.21
9:9:13,0.92,0.01,-0.58
9:9:13,0.88,0.08,-0.55
9:9:13,0.84,0.19,-0.51
9:9:13,0.60,0.30,-0.74
9:9:13,0.87,0.03,-0.55
9:9:13,0.73,0.21,-0.54
9:9:13,0.85,0.13,-0.54
9:9:13,0.84,0.12,-0.55
9:9:13,0.94,0.14,-0.53
9:9:13,0.84,0.07,-0.55
9:9:14,0.85,0.11,-0.57
9:9:14,0.82,0.10,-0.60
9:9:14,0.84,0.09,-0.56
9:9:14,0.84,0.09,-0.46
9:9:14,0.84,0.10,-0.56
9:9:14,0.83,0.12,-0.61
9:9:14,0.85,0.09,-0.54
9:9:14,0.86,0.10,-0.56
9:9:14,0.84,0.10,-0.56
9:33:32,0.55,0.82,-0.20
9:33:32,0.52,0.82,-0.17
9:33:32,0.52,0.81,-0.24
9:33:32,0.44,0.84,-0.15
9:33:32,0.33,0.90,-0.03
9:33:32,0.39,0.88,-0.08
9:33:32,0.35,0.89,-0.10
9:33:32,0.34,0.95,-0.10
9:33:32,0.21,0.81,-0.05
9:33:33,0.29,1.05,0.10
9:33:33,0.25,0.94,-0.09
9:33:33,0.24,0.94,-0.06
9:33:33,0.27,0.86,-0.15
9:33:33,0.14,0.93,-0.08
9:33:33,0.19,0.95,-0.06
9:33:33,0.18,0.96,-0.06
9:33:33,0.17,0.97,-0.07
9:33:33,0.23,0.90,-0.04
9:33:33,0.16,0.96,-0.06
9:33:37,-0.51,-0.72,-0.50
9:33:37,-0.48,-0.67,-0.57
9:33:37,-0.25,-0.67,-0.77
9:33:37,-0.30,-0.74,-0.68
9:33:37,-0.36,-0.76,-0.59
9:33:37,-0.35,-0.75,-0.58
9:33:37,-0.35,-0.75,-0.58
9:33:37,-0.34,-0.76,-0.59
9:33:37,-0.36,-0.75,-0.62
9:33:38,-0.35,-0.75,-0.58
9:33:38,-0.33,-0.74,-0.55
9:33:38,-0.35,-0.76,-0.59
9:33:38,-0.35,-0.77,-0.58
9:33:38,-0.35,-0.75,-0.59
9:33:38,-0.35,-0.75,-0.58
9:33:38,-0.35,-0.76,-0.58
9:33:38,-0.38,-0.76,-0.58
9:33:38,-0.35,-0.77,-0.58
9:33:38,-0.30,-0.74,-0.58
9:33:39,-0.31,-0.76,-0.63
9:33:39,-0.29,-0.78,-0.60
9:33:39,-0.31,-0.76,-0.58
9:33:39,-0.31,-0.78,-0.55
9:33:39,-0.33,-0.77,-0.56
9:33:39,-0.30,-0.79,-0.56
9:34:1,0.33,-0.93,-0.33
9:34:1,0.34,-0.88,-0.34
9:34:2,0.39,-0.88,-0.37
9:34:2,0.38,-0.89,-0.35
9:34:2,0.40,-0.89,-0.37
9:34:2,0.37,-0.89,-0.36
9:34:2,0.38,-0.90,-0.36
9:34:2,0.38,-0.91,-0.33
9:34:2,0.46,-0.87,-0.27
9:34:2,0.46,-0.87,-0.34
9:34:2,0.43,-0.91,-0.35
9:34:2,0.45,-0.84,-0.34
9:34:3,0.40,-0.89,-0.33
9:34:3,0.28,-0.91,-0.35
9:34:3,0.33,-0.93,-0.36
9:34:3,0.37,-0.89,-0.36
9:34:3,0.35,-0.90,-0.35
9:34:3,0.37,-0.89,-0.35
9:34:3,0.39,-0.94,-0.42
9:34:5,0.37,-0.08,-0.79
9:34:5,0.54,-0.35,-0.83
9:34:5,0.53,-0.22,-0.82
9:34:5,0.67,-0.44,-0.95
9:34:5,0.37,-0.21,-1.06
9:34:5,0.54,-0.21,-0.85
9:34:6,0.54,-0.21,-0.82
9:34:6,0.56,-0.32,-0.84
9:34:6,0.38,-0.33,-0.75
9:34:6,0.49,-0.10,-0.83
9:34:6,0.17,0.17,-0.72
9:34:6,0.48,-0.17,-0.92
9:34:6,0.64,-0.11,-0.94
9:34:6,0.24,0.17,-0.75
9:34:6,0.61,-0.16,-0.85
9:34:6,0.54,-0.00,-0.81
9:34:7,0.25,0.24,-0.96
9:34:7,0.50,-0.13,-0.86
9:34:7,0.66,-0.21,-0.85
10:33:39,1.01,-0.07,-0.20
10:33:39,0.98,-0.08,-0.22
10:33:39,0.97,-0.08,-0.21
10:33:39,1.00,-0.17,-0.18
10:33:40,0.97,-0.35,-0.14
10:33:40,0.98,-0.29,-0.15
10:33:40,1.00,-0.25,-0.12
10:33:40,0.99,-0.26,-0.14
10:33:40,0.99,-0.27,-0.11
10:33:40,0.99,-0.27,-0.11
10:33:40,0.98,-0.25,-0.12
10:33:40,0.99,-0.26,-0.14
10:33:40,0.99,-0.26,-0.11
10:33:40,0.99,-0.27,-0.13
10:33:41,0.99,-0.25,-0.14
10:33:41,1.00,-0.26,-0.13
10:33:41,0.99,-0.27,-0.12
10:33:41,0.99,-0.25,-0.12
10:33:41,0.99,-0.26,-0.12
10:33:44,0.16,-0.95,-0.39
10:33:44,0.16,-0.93,-0.40
10:33:44,0.17,-0.93,-0.40
10:33:44,0.17,-0.93,-0.41
10:33:44,0.15,-0.94,-0.41
10:33:45,0.15,-0.92,-0.41
10:33:45,0.16,-0.95,-0.39
10:33:45,0.16,-0.95,-0.42
10:33:45,0.22,-0.91,-0.41
10:33:45,0.15,-0.93,-0.39
10:33:45,0.15,-0.90,-0.39
10:33:45,0.16,-0.94,-0.41
10:33:45,0.17,-0.95,-0.40
10:33:45,0.16,-0.94,-0.41
10:33:45,0.16,-0.94,-0.40
10:33:46,0.17,-0.93,-0.41
10:33:46,0.17,-0.97,-0.42
10:33:46,0.16,-0.95,-0.40
10:33:46,0.16,-0.94,-0.41
10:34:21,0.37,-0.95,-0.26
10:34:21,0.37,-0.96,-0.24
10:34:21,0.37,-0.93,-0.24
10:34:21,0.38,-0.93,-0.23
10:34:21,0.39,-0.92,-0.22
10:34:21,0.40,-0.93,-0.21
10:34:22,0.40,-0.94,-0.22
10:34:22,0.40,-0.92,-0.22
10:34:22,0.41,-0.94,-0.22
10:34:22,0.43,-0.94,-0.20
10:34:22,0.42,-0.93,-0.20
10:34:22,0.43,-0.94,-0.20
10:34:22,0.43,-0.93,-0.19
10:34:22,0.44,-0.92,-0.19
10:34:22,0.42,-0.93,-0.18
10:34:22,0.43,-0.92,-0.18
10:34:23,0.44,-0.93,-0.18
10:34:23,0.44,-0.94,-0.17
10:34:23,0.45,-0.92,-0.19
10:34:37,0.63,-0.77,-0.17
10:34:37,0.92,-0.41,-0.35
10:34:37,0.42,-0.06,-0.63
10:34:37,0.54,-0.39,-0.70
10:34:37,0.41,-0.39,-0.30
10:34:37,0.86,-0.50,-0.13
10:34:37,0.92,-0.57,-0.06
10:34:37,0.82,-0.49,-0.07
10:34:37,0.88,-0.63,0.07
10:34:37,0.86,-0.58,0.02
10:34:38,0.99,-0.57,0.08
10:34:38,0.63,-0.40,-0.61
10:34:38,1.24,-0.61,-0.51
10:34:38,0.72,-0.38,-0.59
10:34:38,0.77,-0.56,-0.81
10:34:38,0.75,-0.32,-0.57
10:34:38,0.73,-0.36,-0.63
10:34:38,0.81,-0.45,-0.63
10:34:38,0.62,-0.44,-0.56
10:34:38,0.52,-0.51,-0.77
10:34:39,0.59,-0.50,-0.85
10:34:39,0.81,-0.65,-0.96
10:34:39,0.44,-0.44,-0.94
10:34:39,0.62,-0.13,-0.88
10:34:39,0.20,-0.33,-0.84
10:34:39,0.44,-0.25,-0.90
10:34:39,0.47,0.05,-0.86
10:34:39,0.18,-0.47,-0.95
10:34:39,0.24,0.22,-0.93
10:34:39,0.10,-0.96,-1.37
10:34:40,0.28,-0.31,-1.01
10:34:40,0.18,0.36,-1.05
10:34:40,0.53,-0.16,-1.10
10:34:40,0.20,-0.02,-0.92
10:34:40,0.42,0.07,-0.93
10:34:40,0.12,0.40,-0.75
10:34:40,0.21,0.01,-1.02
10:34:40,0.20,0.06,-0.94
10:34:40,0.23,0.10,-0.97
10:34:40,0.23,0.11,-0.98
10:34:41,0.21,0.12,-0.97
10:34:41,0.22,0.11,-0.97
10:34:41,0.22,0.11,-0.97
10:34:41,0.21,0.11,-0.98
10:34:41,0.21,0.11,-0.97
10:34:41,0.21,0.10,-0.97
10:34:41,0.21,0.11,-0.96
10:34:41,0.21,0.11,-0.95
10:34:41,0.21,0.11,-0.97
10:34:41,0.20,0.12,-0.97
10:34:42,0.22,0.11,-0.97
10:34:42,0.21,0.10,-0.96
10:34:42,0.20,0.10,-0.98
10:34:42,0.21,0.11,-0.96
10:34:42,0.21,0.11,-0.96
10:34:42,0.21,0.11,-0.96
10:48:52,0.94,-0.32,-0.33
10:48:52,0.92,-0.28,-0.33
10:48:52,0.92,-0.27,-0.32
10:48:52,0.89,-0.30,-0.37
10:48:52,0.92,-0.17,-0.38
10:48:52,0.88,-0.40,-0.45
10:48:53,0.85,-0.37,-0.40
10:48:53,0.82,-0.45,-0.48
10:48:53,0.82,-0.49,-0.43
10:48:53,0.93,-0.63,-0.36
10:48:53,0.85,-0.79,-0.30
10:48:53,0.69,-0.77,-0.17
10:48:53,0.71,-0.76,-0.19
10:48:53,0.73,-0.75,-0.18
10:48:53,0.73,-0.73,-0.17
10:48:53,0.72,-0.72,-0.17
10:48:54,0.73,-0.73,-0.17
10:48:54,0.72,-0.74,-0.16
10:48:54,0.72,-0.72,-0.17
10:48:54,0.74,-0.72,-0.17
10:48:54,0.74,-0.70,-0.17
10:48:54,0.74,-0.71,-0.17
10:48:54,0.76,-0.70,-0.17
10:48:54,0.77,-0.71,-0.16
10:48:54,0.75,-0.70,-0.16
10:48:54,0.76,-0.71,-0.15
10:48:55,0.76,-0.71,-0.18
10:48:55,0.76,-0.70,-0.16
10:48:55,0.76,-0.69,-0.16
10:48:55,0.76,-0.70,-0.18
10:48:55,0.76,-0.70,-0.16
10:49:1,0.26,-0.99,-0.05
10:49:2,0.25,-0.99,-0.10
10:49:2,0.27,-1.00,-0.09
10:49:2,0.25,-1.00,-0.09
10:49:2,0.27,-0.99,-0.06
10:49:2,0.25,-1.01,-0.08
10:49:2,0.23,-1.01,-0.10
10:49:2,0.23,-1.01,-0.08
10:49:2,0.24,-1.01,-0.08
10:49:2,0.24,-1.01,-0.08
10:49:2,0.23,-1.02,-0.09
10:49:3,0.23,-1.01,-0.09
10:49:3,0.23,-1.01,-0.08
10:49:3,0.23,-1.02,-0.08
10:49:3,0.22,-1.02,-0.08
10:49:3,0.23,-1.02,-0.09
10:49:3,0.21,-1.01,-0.09
10:49:3,0.22,-1.00,-0.09
10:49:3,0.21,-1.02,-0.09
10:49:20,0.38,-0.47,-0.82
10:49:20,0.34,-0.50,-0.82
10:49:20,0.37,-0.44,-0.83
10:49:20,0.29,-0.49,-0.84
10:49:21,0.12,-0.63,-0.50
10:49:21,0.61,-0.18,-0.86
10:49:21,0.48,-0.19,-0.75
10:49:21,0.60,-0.20,-0.84
10:49:21,0.80,-0.23,-0.68
10:49:21,0.76,-0.27,-0.66
10:49:21,0.77,-0.30,-0.58
10:49:21,0.77,-0.34,-0.64
10:49:21,0.74,-0.31,-0.62
10:49:21,0.75,-0.31,-0.64
10:49:22,0.68,-0.25,-0.64
10:49:22,0.85,-0.71,-0.48
10:49:22,0.69,-0.57,-0.53
10:49:22,0.71,-0.59,-0.50
10:49:22,0.67,-0.62,-0.54
10:49:22,0.65,-0.57,-0.65
10:49:22,0.64,-0.55,-0.30
10:49:22,0.29,-0.11,-0.72
10:49:22,0.16,-0.20,-0.91
10:49:22,0.30,0.31,-0.98
10:49:23,0.35,-0.13,-0.96
10:49:23,0.36,0.03,-0.86
10:49:23,0.38,-0.05,-0.92
10:49:23,0.38,-0.07,-0.90
10:49:23,0.43,-0.06,-0.82
10:49:23,0.46,0.02,-0.91
10:49:23,0.45,-0.01,-0.81
10:49:23,0.43,-0.01,-0.91
10:49:23,-0.20,0.67,-0.57
10:49:23,0.42,0.06,-0.90
10:49:24,0.42,0.08,-0.93
10:49:24,0.37,0.09,-0.93
10:49:24,0.34,0.15,-0.94
10:49:24,0.36,0.20,-0.87
10:49:24,0.38,0.02,-0.91
10:49:24,0.41,0.09,-0.90
10:49:24,0.37,0.07,-0.93
10:49:24,0.38,0.08,-0.96
10:49:24,0.29,0.06,-0.89
11:28:13,0.00,0.20,-1.00
11:28:13,-0.02,0.34,-0.88
11:28:14,0.07,0.21,-0.94
11:28:14,0.01,0.19,-0.99
11:28:14,0.03,0.19,-0.95
11:28:14,-0.00,0.15,-0.94
11:28:14,0.08,0.06,-1.06
11:28:14,0.18,-0.09,-1.01
11:28:14,0.25,-0.16,-0.93
11:28:14,0.36,-0.34,-0.79
11:28:14,0.65,-0.45,-0.73
11:28:14,0.66,-0.53,-0.76
11:28:15,0.62,-0.51,-0.70
11:28:15,0.64,-0.46,-0.67
11:28:15,0.64,-0.49,-0.69
11:28:15,0.64,-0.53,-0.66
11:28:15,0.60,-0.53,-0.63
11:28:15,0.61,-0.52,-0.64
11:28:15,0.61,-0.52,-0.63
11:28:15,0.60,-0.54,-0.64
11:28:15,0.60,-0.54,-0.62
11:28:15,0.61,-0.54,-0.64
11:28:16,0.64,-0.60,-0.57
11:28:16,0.64,-0.54,-0.56
11:28:16,0.62,-0.60,-0.59
11:28:16,0.65,-0.58,-0.56
11:28:16,0.64,-0.59,-0.57
11:28:16,0.65,-0.58,-0.56
11:28:16,0.64,-0.59,-0.53
11:28:22,0.66,-0.35,-0.72
11:28:22,0.63,-0.33,-0.72
11:28:22,0.66,-0.37,-0.73
11:28:22,0.62,-0.38,-0.73
11:28:23,0.62,-0.38,-0.77
11:28:23,0.62,-0.38,-0.76
11:28:23,0.62,-0.35,-0.74
11:28:23,0.64,-0.34,-0.71
11:28:23,0.67,-0.34,-0.66
11:28:23,0.66,-0.43,-0.76
11:28:23,0.44,-0.10,-0.61
11:28:23,0.59,-0.28,-0.84
11:28:23,0.59,-0.34,-0.83
11:28:23,0.54,-0.34,-0.79
11:28:24,0.57,-0.36,-0.76
11:28:24,0.53,-0.25,-0.80
11:28:24,0.61,-0.29,-0.74
11:28:24,0.49,-0.30,-0.83
11:28:24,0.53,-0.38,-0.82
11:34:14,0.56,-0.68,-0.50
11:34:14,0.57,-0.70,-0.49
11:34:14,0.57,-0.70,-0.51
11:34:14,0.57,-0.71,-0.50
11:34:14,0.58,-0.69,-0.50
11:34:14,0.57,-0.71,-0.52
11:34:14,0.57,-0.70,-0.50
11:34:14,0.58,-0.71,-0.49
11:34:14,0.59,-0.70,-0.51
11:34:14,0.57,-0.70,-0.50
11:34:15,0.58,-0.68,-0.51
11:34:15,0.56,-0.71,-0.49
11:34:15,0.56,-0.72,-0.50
11:34:15,0.57,-0.72,-0.50
11:34:15,0.55,-0.71,-0.50
11:34:15,0.58,-0.70,-0.50
11:34:15,0.58,-0.69,-0.50
11:34:15,0.57,-0.70,-0.50
11:34:15,0.59,-0.69,-0.51
11:50:21,0.00,-1.02,0.18
11:50:21,0.01,-1.03,0.18
11:50:21,0.00,-1.01,0.18
11:50:21,-0.00,-1.02,0.19
11:50:21,0.00,-1.02,0.18
11:50:22,0.01,-1.00,0.19
11:50:22,-0.02,-1.02,0.20
11:50:22,0.01,-1.03,0.18
11:50:22,-0.00,-0.99,0.18
11:50:22,-0.03,-1.01,0.18
11:50:22,-0.01,-1.02,0.16
11:50:22,-0.02,-1.02,0.18
11:50:22,-0.03,-1.02,0.18
11:50:22,-0.03,-1.02,0.19
11:50:22,-0.04,-1.03,0.19
11:50:23,-0.04,-1.02,0.18
11:50:23,-0.03,-1.01,0.19
11:50:23,-0.05,-1.02,0.18
11:50:23,0.02,-0.99,0.20
11:50:25,-0.46,-0.91,-0.03
11:50:25,-0.47,-0.90,-0.02
11:50:25,-0.40,-0.68,0.12
11:50:25,-0.50,-0.91,0.02
11:50:25,-0.48,-0.91,-0.02
11:50:25,-0.52,-0.88,0.02
11:50:25,-0.57,-0.95,-0.03
11:50:25,-0.44,-0.86,-0.17
11:50:25,-0.40,-0.99,-0.08
11:50:25,-0.24,-0.78,-0.19
11:50:26,-0.41,-1.01,0.03
11:50:26,-0.40,-0.91,-0.18
11:50:26,-0.51,-0.91,0.02
11:50:26,-0.73,-0.87,-0.20
11:50:26,-0.48,-1.08,-0.20
11:50:26,-0.31,-0.96,-0.23
11:50:26,-0.26,-0.98,-0.22
11:50:26,-0.23,-0.98,-0.25
11:50:26,-0.34,-0.94,-0.23
11:50:29,-0.39,-0.86,-0.21
11:50:29,-0.42,-0.91,-0.18
11:50:29,-0.40,-0.91,-0.20
11:50:29,-0.43,-0.92,-0.17
11:50:29,-0.42,-0.91,-0.17
11:50:29,-0.42,-0.92,-0.18
11:50:29,-0.43,-0.92,-0.18
11:50:29,-0.43,-0.92,-0.17
11:50:30,-0.42,-0.91,-0.17
11:50:30,-0.42,-0.92,-0.18
11:50:30,-0.43,-0.91,-0.18
11:50:30,-0.43,-0.92,-0.18
11:50:30,-0.43,-0.91,-0.18
11:50:30,-0.42,-0.91,-0.18
11:50:30,-0.42,-0.91,-0.18
11:50:30,-0.42,-0.92,-0.16
11:50:30,-0.43,-0.92,-0.18
11:50:30,-0.42,-0.91,-0.16
11:50:31,-0.42,-0.92,-0.19
12:3:3,-0.34,-0.94,-0.27
12:3:3,-0.26,-0.99,-0.17
12:3:3,-0.28,-0.95,-0.25
12:3:3,-0.25,-1.00,-0.28
12:3:3,-0.14,-0.95,-0.34
12:3:3,-0.17,-0.95,-0.42
12:3:3,-0.07,-0.88,-0.51
12:3:3,-0.09,-0.91,-0.57
12:3:3,-0.06,-0.87,-0.50
12:3:3,-0.05,-0.87,-0.53
12:3:4,-0.03,-0.90,-0.53
12:3:4,-0.01,-0.87,-0.52
12:3:4,-0.02,-0.91,-0.49
12:3:4,-0.03,-0.90,-0.50
12:3:4,-0.05,-0.92,-0.49
12:3:4,0.00,-1.03,-0.50
12:3:4,0.10,-0.92,-0.41
12:3:4,0.07,-0.92,-0.37
12:3:4,0.06,-1.06,-0.36
12:3:8,0.22,-1.00,-0.31
12:3:8,0.25,-0.98,-0.32
12:3:8,0.25,-0.97,-0.26
12:3:8,0.26,-0.95,-0.23
12:3:8,0.26,-0.98,-0.25
12:3:8,0.25,-0.98,-0.26
12:3:8,0.28,-0.97,-0.26
12:3:8,0.27,-0.94,-0.26
12:3:9,0.26,-0.98,-0.27
12:3:9,0.23,-1.00,-0.24
12:3:9,0.20,-1.01,-0.24
12:3:9,0.23,-0.98,-0.25
12:3:9,0.22,-0.99,-0.25
12:3:9,0.19,-0.98,-0.26
12:3:9,0.20,-0.99,-0.24
12:3:9,0.19,-1.00,-0.23
12:3:9,0.17,-0.99,-0.25
12:3:9,0.14,-1.00,-0.22
12:3:10,0.12,-1.00,-0.21
12:5:5,0.22,-0.86,-0.54
12:5:5,0.18,-0.86,-0.55
12:5:5,0.08,-0.92,-0.45
12:5:5,0.06,-0.91,-0.49
12:5:5,0.08,-0.88,-0.55
12:5:6,-0.08,-1.02,-0.73
12:5:6,0.03,-0.82,-0.41
12:5:6,-0.09,-0.88,-0.42
12:5:6,-0.10,-0.91,-0.46
12:5:6,-0.06,-0.91,-0.45
12:5:6,-0.10,-0.92,-0.48
12:5:6,-0.04,-0.93,-0.44
12:5:6,-0.02,-0.92,-0.48
12:5:6,-0.00,-0.92,-0.46
12:5:6,-0.02,-0.88,-0.44
12:5:7,0.02,-0.90,-0.46
12:5:7,0.10,-0.89,-0.45
12:5:7,0.12,-0.88,-0.48
12:5:7,-0.08,-1.01,-0.67
12:5:12,0.26,-0.66,-0.69
12:5:13,0.30,-0.78,-0.58
12:5:13,0.29,-0.79,-0.60
12:5:13,0.29,-0.79,-0.58
12:5:13,0.26,-0.79,-0.60
12:5:13,0.27,-0.79,-0.60
12:5:13,0.29,-0.80,-0.59
12:5:13,0.27,-0.80,-0.59
12:5:13,0.27,-0.79,-0.59
12:5:13,0.28,-0.81,-0.59
12:5:13,0.27,-0.78,-0.60
12:5:14,0.28,-0.79,-0.60
12:5:14,0.26,-0.81,-0.61
12:5:14,0.27,-0.79,-0.60
12:5:14,0.23,-0.83,-0.59
12:5:14,0.33,-0.74,-0.59
12:5:14,0.24,-0.83,-0.59
12:5:14,0.24,-0.81,-0.60
12:5:14,0.25,-0.80,-0.60
12:20:10,0.04,-0.99,-0.31
12:20:11,0.04,-0.99,-0.28
12:20:11,0.04,-1.00,-0.25
12:20:11,0.05,-0.95,-0.38
12:20:11,0.23,-0.89,-0.21
12:20:11,0.01,-0.97,-0.31
12:20:11,0.08,-1.00,-0.34
12:20:11,-0.01,-1.01,-1.18
12:20:11,0.18,-0.95,-0.29
12:20:11,0.13,-1.02,-0.29
12:20:11,0.15,-1.03,-0.31
12:20:12,0.15,-0.96,-0.24
12:20:12,0.12,-1.00,-0.24
12:20:12,0.20,-1.00,-0.25
12:20:12,0.16,-1.03,-0.22
12:20:12,1.04,-0.54,0.23
12:20:12,0.11,-1.00,-0.22
12:20:12,0.08,-1.08,-0.22
12:20:12,0.13,-0.97,-0.20
13:55:43,-0.55,-0.66,-0.44
13:55:43,-0.60,-0.73,-0.30
13:55:43,-0.57,-0.72,-0.45
13:55:43,-0.56,-0.71,-0.45
13:55:43,-0.54,-0.72,-0.46
13:55:43,-0.55,-0.72,-0.45
13:55:43,-0.56,-0.71,-0.42
13:55:43,-0.57,-0.76,-0.48
13:55:43,-0.49,-0.70,-0.59
13:55:44,-0.44,-0.79,-0.41
13:55:44,-0.58,-0.72,-0.47
13:55:44,-0.55,-0.68,-0.50
13:55:44,-0.57,-0.67,-0.49
13:55:44,-0.56,-0.68,-0.50
13:55:44,-0.56,-0.67,-0.47
13:55:44,-0.57,-0.69,-0.49
13:55:44,-0.56,-0.67,-0.47
13:55:44,-0.56,-0.67,-0.49
13:55:44,-0.57,-0.68,-0.49
14:32:59,-0.57,-0.41,-0.70
14:32:59,-0.46,-0.49,-0.56
14:32:59,-0.51,-0.60,-0.66
14:32:59,-0.59,-0.53,-0.62
14:32:59,-0.60,-0.51,-0.55
14:32:59,-0.65,-0.48,-0.58
14:32:59,-0.66,-0.50,-0.57
14:32:59,-0.68,-0.49,-0.56
14:33:0,-0.67,-0.48,-0.54
14:33:0,-0.74,-0.47,-0.59
14:33:0,-0.66,-0.51,-0.52
14:33:0,-0.67,-0.48,-0.56
14:33:0,-0.71,-0.45,-0.57
14:33:0,-0.63,-0.67,-0.93
14:33:0,-0.75,-0.48,-0.53
14:33:0,-0.74,-0.52,-0.57
14:33:0,-0.72,-0.46,-0.51
14:33:0,-0.76,-0.48,-0.51
14:33:1,-0.74,-0.45,-0.49
14:33:32,0.61,-0.55,-0.60
14:33:32,0.62,-0.52,-0.68
14:33:32,0.51,-0.51,-0.72
14:33:33,0.59,-0.56,-0.69
14:33:33,0.54,-0.52,-0.69
14:33:33,0.60,-0.52,-0.65
14:33:33,0.50,-0.54,-0.70
14:33:33,0.62,-0.51,-0.62
14:33:33,0.58,-0.52,-0.66
14:33:33,0.56,-0.59,-0.62
14:33:33,0.62,-0.57,-0.62
14:33:33,0.59,-0.57,-0.62
14:33:33,0.60,-0.56,-0.64
14:33:34,0.61,-0.58,-0.61
14:33:34,0.61,-0.59,-0.62
14:33:34,0.60,-0.57,-0.64
14:33:34,0.59,-0.57,-0.63
14:33:34,0.57,-0.56,-0.63
14:33:34,0.60,-0.56,-0.63
14:45:48,-0.60,-0.37,-0.70
14:45:48,-0.63,-0.36,-0.72
14:45:48,-0.63,-0.44,-0.71
14:45:48,-0.63,-0.40,-0.66
14:45:48,-0.62,-0.41,-0.65
14:45:49,-0.63,-0.43,-0.64
14:45:49,-0.62,-0.44,-0.62
14:45:49,-0.62,-0.46,-0.63
14:45:49,-0.61,-0.47,-0.63
14:45:49,-0.63,-0.47,-0.59
14:45:49,-0.62,-0.47,-0.64
14:45:49,-0.64,-0.44,-0.60
14:45:49,-0.74,-0.42,-0.61
14:45:49,-0.70,-0.45,-0.58
14:45:49,-0.74,-0.42,-0.56
14:45:50,-0.71,-0.42,-0.56
14:45:50,-0.73,-0.40,-0.58
14:45:50,-0.73,-0.41,-0.55
14:45:50,-0.71,-0.42,-0.54
14:46:11,-0.47,-0.78,-0.48
14:46:12,-0.43,-0.82,-0.43
14:46:12,-0.41,-0.65,-0.48
14:46:12,-0.45,-0.76,-0.47
14:46:12,-0.40,-0.82,-0.50
14:46:12,-0.46,-0.79,-0.55
14:46:12,-0.35,-0.80,-0.48
14:46:12,-0.35,-0.84,-0.50
14:46:12,-0.38,-0.79,-0.50
14:46:12,-0.30,-0.82,-0.50
14:46:12,-0.35,-0.85,-0.52
14:46:13,-0.33,-0.82,-0.49
14:46:13,-0.32,-0.81,-0.49
14:46:13,-0.32,-0.83,-0.51
14:46:13,-0.37,-0.86,-0.52
14:46:13,-0.38,-0.81,-0.53
14:46:13,-0.39,-0.80,-0.53
14:46:13,-0.33,-0.81,-0.48
14:46:13,-0.39,-0.82,-0.49
14:46:17,0.41,-0.20,-0.79
14:46:17,0.22,-0.32,-0.93
14:46:17,0.41,-0.38,-0.91
14:46:17,0.37,-0.04,-0.84
14:46:17,0.11,-0.17,-0.92
14:46:18,0.33,-0.10,-0.91
14:46:18,0.56,-0.01,-0.60
14:46:18,0.33,0.01,-0.99
14:46:18,0.37,0.02,-0.94
14:46:18,0.35,-0.07,-0.94
14:46:18,0.27,-0.46,-1.26
14:46:18,0.30,-0.06,-0.94
14:46:18,0.34,-0.05,-0.98
14:46:18,0.52,-0.03,-0.91
14:46:18,0.39,-0.16,-0.87
14:46:19,0.37,-0.12,-0.97
14:46:19,0.30,-0.10,-0.97
14:46:19,0.24,-0.37,-0.98
14:46:19,0.44,-0.04,-0.85
14:46:19,0.32,-0.14,-0.94
14:46:19,0.33,-0.17,-0.95
14:46:19,0.30,-0.15,-0.95
14:46:19,0.30,-0.14,-0.96
14:46:19,0.38,0.07,-0.71
14:46:19,0.41,-0.16,-0.95
14:46:20,0.34,-0.14,-0.91
14:46:20,0.30,-0.14,-0.97
15:43:40,0.01,-0.84,-0.62
15:43:40,0.06,-0.87,-0.55
15:43:40,-0.04,-0.90,-0.53
15:43:40,0.01,-0.89,-0.53
15:43:40,-0.00,-0.87,-0.56
15:43:40,0.00,-0.87,-0.54
15:43:41,0.05,-0.88,-0.52
15:43:41,0.04,-0.89,-0.56
15:43:41,0.10,-0.89,-0.51
15:43:41,0.15,-0.82,-0.48
15:43:41,0.12,-0.89,-0.54
15:43:41,0.14,-0.84,-0.57
15:43:41,0.15,-0.81,-0.58
15:43:41,0.20,-0.80,-0.58
15:43:41,0.17,-0.79,-0.62
15:43:41,0.17,-0.83,-0.59
15:43:42,0.18,-0.79,-0.59
15:43:42,0.19,-0.81,-0.59
15:43:42,0.24,-0.78,-0.59
15:43:45,-0.69,-0.35,-0.60
15:43:45,-0.71,-0.37,-0.61
15:43:45,-0.69,-0.38,-0.59
15:43:45,-0.69,-0.38,-0.59
15:43:46,-0.69,-0.39,-0.59
15:43:46,-0.69,-0.39,-0.59
15:43:46,-0.70,-0.40,-0.60
15:43:46,-0.69,-0.41,-0.59
15:43:46,-0.78,-0.31,-0.56
15:43:46,-0.63,-0.31,-0.63
15:43:46,-0.67,-0.52,-0.62
15:43:46,-0.76,-0.38,-0.57
15:43:46,-0.68,-0.43,-0.51
15:43:46,-0.65,-0.43,-0.59
15:43:47,-0.68,-0.40,-0.59
15:43:47,-0.69,-0.43,-0.61
15:43:47,-0.69,-0.42,-0.59
15:43:47,-0.69,-0.42,-0.60
15:43:47,-0.68,-0.42,-0.58
15:43:49,-0.40,-0.13,-0.89
15:43:49,-0.41,-0.13,-0.88
15:43:49,-0.41,-0.12,-0.88
15:43:49,-0.42,-0.13,-0.90
15:43:50,-0.41,-0.11,-0.88
15:43:50,-0.42,-0.14,-0.88
15:43:50,-0.42,-0.14,-0.87
15:43:50,-0.41,-0.14,-0.88
15:43:50,-0.42,-0.14,-0.88
15:43:50,-0.42,-0.13,-0.89
15:43:50,-0.42,-0.15,-0.89
15:43:50,-0.42,-0.13,-0.87
15:43:50,-0.41,-0.15,-0.88
15:43:50,-0.42,-0.14,-0.89
15:43:51,-0.42,-0.14,-0.89
15:43:51,-0.42,-0.14,-0.88
15:43:51,-0.42,-0.15,-0.88
15:43:51,-0.41,-0.15,-0.88
15:43:51,-0.41,-0.15,-0.88
15:43:59,-0.14,0.29,-0.92
15:43:59,-0.13,0.27,-0.91
15:44:0,-0.15,0.25,-0.94
15:44:0,-0.15,0.25,-0.93
15:44:0,-0.16,0.25,-0.93
15:44:0,-0.16,0.25,-0.94
15:44:0,-0.17,0.24,-0.94
15:44:0,-0.16,0.24,-0.95
15:44:0,-0.17,0.25,-0.93
15:44:0,-0.11,0.26,-0.93
15:44:0,-0.13,0.29,-0.90
15:44:0,-0.21,0.26,-0.93
15:44:1,-0.20,0.25,-0.93
15:44:1,-0.14,0.19,-0.86
15:44:1,-0.25,0.16,-0.96
15:44:1,-0.32,0.11,-0.92
15:44:1,-0.35,-0.00,-0.91
15:44:1,-0.37,-0.00,-0.93
15:44:1,-0.40,-0.06,-0.99
15:44:31,-0.31,0.65,-0.60
15:44:31,-0.40,0.70,-0.55
15:44:31,-0.24,0.74,-0.58
15:44:31,-0.29,0.75,-0.55
15:44:31,-0.27,0.74,-0.56
15:44:31,-0.25,0.72,-0.52
15:44:31,-0.21,0.76,-0.56
15:44:31,-0.17,0.77,-0.54
15:44:32,-0.28,0.76,-0.52
15:44:32,-0.22,0.78,-0.61
15:44:32,-0.22,0.72,-0.62
15:44:32,-0.17,0.74,-0.57
15:44:32,-0.24,0.78,-0.61
15:44:32,-0.20,0.75,-0.60
15:44:32,-0.08,0.67,-0.59
15:44:32,-0.24,0.69,-0.60
15:44:32,-0.08,0.78,-0.61
15:44:32,-0.27,0.68,-0.55
15:44:33,-0.30,0.69,-0.61
16:33:53,0.03,0.86,-0.45
16:33:54,0.02,0.86,-0.44
16:33:54,0.02,0.86,-0.43
16:33:54,0.04,0.86,-0.44
16:33:54,0.02,0.86,-0.43
16:33:54,0.03,0.86,-0.44
16:33:54,0.01,0.86,-0.44
16:33:54,0.01,0.87,-0.43
16:33:54,0.01,0.87,-0.43
16:33:54,0.02,0.87,-0.44
16:33:54,0.02,0.86,-0.45
16:33:55,0.01,0.86,-0.44
16:33:55,0.02,0.87,-0.44
16:33:55,0.01,0.87,-0.43
16:33:55,0.01,0.87,-0.45
16:33:55,0.01,0.86,-0.44
16:33:55,0.00,0.86,-0.44
16:33:55,0.07,0.92,-0.40
16:33:55,-0.00,0.95,-0.42
16:33:59,-0.06,0.96,0.08
16:33:59,-0.06,0.97,0.09
16:33:59,-0.06,0.96,0.10
16:33:59,-0.06,0.97,0.10
16:33:59,-0.06,0.96,0.10
16:33:59,-0.06,0.97,0.09
16:33:59,-0.06,0.96,0.08
16:33:59,-0.06,0.96,0.08
16:34:0,-0.05,0.97,0.10
16:34:0,-0.08,0.96,0.09
16:34:0,-0.05,0.96,0.09
16:34:0,-0.05,0.97,0.10
16:34:0,-0.06,0.97,0.09
16:34:0,-0.06,0.97,0.11
16:34:0,-0.06,0.96,0.08
16:34:0,-0.06,0.97,0.09
16:34:0,-0.05,0.96,0.10
16:34:0,-0.06,0.96,0.08
16:34:1,-0.07,0.96,0.10
17:12:49,-0.65,0.69,0.05
17:12:49,-0.63,0.73,0.05
17:12:49,-0.63,0.73,0.06
17:12:49,-0.65,0.70,0.04
17:12:49,-0.63,0.73,0.05
17:12:49,-0.62,0.73,0.05
17:12:49,-0.63,0.73,0.06
17:12:50,-0.63,0.73,0.05
17:12:50,-0.64,0.74,0.06
17:12:50,-0.63,0.72,0.04
17:12:50,-0.64,0.73,0.05
17:12:50,-0.63,0.73,0.04
17:12:50,-0.65,0.74,0.05
17:12:50,-0.66,0.73,0.06
17:12:50,-0.72,0.62,0.03
17:12:50,-0.64,0.74,0.04
17:12:50,-0.62,0.74,0.06
17:12:51,-0.63,0.73,0.05
17:12:51,-0.63,0.73,0.05
17:13:2,-0.53,0.73,0.05
17:13:2,-0.53,0.80,-0.01
17:13:2,-0.54,0.81,0.01
17:13:2,-0.55,0.81,0.02
17:13:3,-0.53,0.80,0.01
17:13:3,-0.53,0.80,-0.01
17:13:3,-0.52,0.80,0.00
17:13:3,-0.54,0.80,0.01
17:13:3,-0.53,0.81,0.01
17:13:3,-0.53,0.81,0.01
17:13:3,-0.53,0.80,0.00
17:13:3,-0.53,0.80,0.01
17:13:3,-0.52,0.81,0.00
17:13:3,-0.51,0.80,0.03
17:13:4,-0.53,0.81,0.00
17:13:4,-0.54,0.80,0.01
17:13:4,-0.53,0.80,0.02
17:13:4,-0.53,0.81,0.02
17:13:4,-0.53,0.80,0.01
18:8:51,-0.73,0.60,0.22
18:8:51,-0.69,0.59,0.23
18:8:51,-0.71,0.61,0.22
18:8:51,-0.74,0.59,0.23
18:8:51,-0.72,0.58,0.23
18:8:51,-0.70,0.64,0.26
18:8:51,-0.74,0.66,0.15
18:8:51,-0.74,0.55,0.20
18:8:52,-0.75,0.60,0.15
18:8:52,-0.76,0.57,0.20
18:8:52,-0.73,0.51,0.18
18:8:52,-0.63,0.64,0.17
18:8:52,-0.87,0.64,0.26
18:8:52,-1.04,0.51,0.08
18:8:52,-1.02,0.59,-0.07
18:8:52,-0.94,0.46,0.23
18:8:52,-1.06,0.63,0.19
18:8:52,-1.01,0.51,0.34
18:8:53,-0.76,0.30,0.24
18:58:39,-0.97,-0.18,0.12
18:58:39,-0.98,-0.18,0.09
18:58:39,-0.97,-0.18,0.11
18:58:39,-0.97,-0.19,0.09
18:58:39,-0.95,-0.19,0.11
18:58:39,-0.96,-0.20,0.08
18:58:39,-0.97,-0.20,0.10
18:58:39,-0.97,-0.20,0.11
18:58:39,-0.96,-0.20,0.10
18:58:40,-0.97,-0.20,0.09
18:58:40,-0.96,-0.20,0.10
18:58:40,-0.96,-0.19,0.08
18:58:40,-0.96,-0.19,0.09
18:58:40,-0.98,-0.18,0.09
18:58:40,-0.97,-0.19,0.10
18:58:40,-0.97,-0.19,0.09
18:58:40,-0.97,-0.20,0.12
18:58:40,-0.98,-0.19,0.09
18:58:40,-0.97,-0.19,0.11
20:0:38,-0.29,-0.53,-0.82
20:0:38,-0.27,-0.54,-0.82
20:0:38,-0.28,-0.54,-0.80
20:0:38,-0.27,-0.56,-0.80
20:0:38,-0.28,-0.54,-0.75
20:0:38,-0.27,-0.56,-0.80
20:0:38,-0.28,-0.56,-0.80
20:0:38,-0.26,-0.57,-0.78
20:0:39,-0.26,-0.57,-0.81
20:0:39,-0.28,-0.57,-0.80
20:0:39,-0.27,-0.57,-0.80
20:0:39,-0.31,-0.54,-0.70
20:0:39,-0.28,-0.57,-0.79
20:0:39,-0.28,-0.57,-0.79
20:0:39,-0.27,-0.58,-0.78
20:0:39,-0.28,-0.59,-0.78
20:0:39,-0.27,-0.57,-0.78
20:0:39,-0.27,-0.58,-0.78
20:0:40,-0.28,-0.58,-0.78
20:0:45,-0.44,-0.64,-0.65
20:0:45,-0.44,-0.64,-0.65
20:0:45,-0.43,-0.64,-0.65
20:0:45,-0.44,-0.64,-0.64
20:0:45,-0.43,-0.64,-0.65
20:0:45,-0.44,-0.65,-0.66
20:0:45,-0.43,-0.65,-0.66
20:0:46,-0.43,-0.63,-0.65
20:0:46,-0.43,-0.64,-0.64
20:0:46,-0.43,-0.65,-0.67
20:0:46,-0.43,-0.64,-0.66
20:0:46,-0.44,-0.64,-0.66
20:0:46,-0.42,-0.64,-0.66
20:0:46,-0.43,-0.64,-0.64
20:0:46,-0.43,-0.64,-0.65
20:0:46,-0.43,-0.65,-0.65
20:0:46,-0.43,-0.65,-0.65
20:0:47,-0.43,-0.64,-0.66
20:0:47,-0.44,-0.64,-0.66
20:0:49,-0.22,0.87,-0.89
20:0:49,-0.58,0.33,-0.59
20:0:50,-0.25,0.50,-1.15
20:0:50,-0.57,0.27,-0.74
20:0:50,-0.58,0.23,-0.75
20:0:50,-0.51,0.26,-0.71
20:0:50,-0.44,0.51,-0.67
20:0:50,-0.53,0.55,-0.72
20:0:50,-0.49,0.49,-0.64
20:0:50,-0.51,0.45,-0.84
20:0:50,-0.34,0.61,-0.69
20:0:50,-0.45,0.58,-0.78
20:0:51,-0.23,0.81,-0.64
20:0:51,-0.31,0.62,-0.61
20:0:51,-0.34,0.53,-0.49
20:0:51,-0.32,0.83,-0.41
20:0:51,-0.30,0.84,-0.39
20:0:51,-0.30,0.84,-0.38
20:0:51,-0.29,0.84,-0.40
20:0:51,-0.30,0.83,-0.39
20:0:51,-0.25,0.83,-0.43
20:0:51,-0.29,0.81,-0.37
20:0:52,-0.28,0.99,-0.49
20:0:52,-0.28,0.76,-0.33
20:0:52,-0.04,0.85,-0.45
20:0:52,-0.10,0.81,-0.44
20:0:52,-0.27,0.71,-0.60
20:0:52,-0.01,0.68,-0.76
20:0:52,-0.10,0.59,-0.62
20:0:52,-0.27,0.58,-0.52
20:0:52,-0.06,0.59,-0.50
20:0:52,0.01,0.63,-1.00
20:0:53,-0.19,0.59,-0.62
20:0:53,0.23,0.67,-0.67
20:0:53,-0.21,0.64,-0.56
20:0:53,-0.03,0.79,-0.53
20:0:53,-0.03,0.79,-0.54
20:0:53,0.01,0.84,-0.49
20:0:53,0.01,0.86,-0.49
20:0:53,0.01,0.86,-0.46
20:0:53,0.01,0.87,-0.46
20:0:53,0.00,0.85,-0.47
20:0:54,0.01,0.85,-0.48
20:0:54,-0.00,0.85,-0.49
20:0:54,0.00,0.85,-0.46
20:0:54,-0.00,0.85,-0.47
20:0:54,-0.00,0.84,-0.46
20:0:54,0.00,0.86,-0.47
20:0:57,0.14,0.90,-0.31
20:0:58,0.16,0.90,-0.33
20:0:58,0.14,0.92,-0.33
20:0:58,0.15,0.91,-0.32
20:0:58,0.23,0.86,-0.42
20:0:58,0.15,0.91,-0.30
20:0:58,0.15,0.90,-0.31
20:0:58,0.15,0.91,-0.30
20:0:58,0.14,0.91,-0.31
20:0:58,0.15,0.91,-0.33
20:0:58,0.15,0.91,-0.30
20:0:59,0.17,0.92,-0.31
20:0:59,0.14,0.90,-0.30
20:0:59,0.14,0.90,-0.30
20:0:59,0.15,0.93,-0.31
20:0:59,0.15,0.91,-0.31
20:0:59,0.16,0.91,-0.30
20:0:59,0.16,0.92,-0.28
20:0:59,0.15,0.91,-0.31
21:48:59,-0.17,0.90,-0.31
21:48:59,-0.17,0.91,-0.32
21:48:59,-0.17,0.90,-0.30
21:48:59,-0.18,0.91,-0.32
21:48:59,-0.17,0.88,-0.31
21:48:59,-0.17,0.90,-0.31
21:48:59,-0.17,0.90,-0.32
21:49:0,-0.17,0.90,-0.33
21:49:0,-0.17,0.90,-0.32
21:49:0,-0.17,0.91,-0.31
21:49:0,-0.18,0.89,-0.31
21:49:0,-0.18,0.91,-0.31
21:49:0,-0.16,0.89,-0.35
21:49:0,-0.17,0.90,-0.32
21:49:0,-0.16,0.90,-0.31
21:49:0,-0.17,0.90,-0.31
21:49:0,-0.17,0.90,-0.32
21:49:1,-0.17,0.90,-0.31
21:49:1,-0.17,0.90,-0.32
21:49:12,0.65,0.55,-0.33
21:49:12,0.89,0.62,-0.13
21:49:12,0.84,0.53,-0.06
21:49:12,0.88,0.53,-0.05
21:49:12,0.84,0.53,-0.08
21:49:12,0.85,0.54,-0.10
21:49:12,0.87,0.53,-0.09
21:49:12,0.86,0.54,-0.08
21:49:12,0.86,0.52,-0.06
21:49:13,0.81,0.52,-0.09
21:49:13,0.85,0.56,-0.07
21:49:13,0.82,0.55,-0.14
21:49:13,0.85,0.50,-0.10
21:49:13,0.84,0.52,-0.13
21:49:13,0.93,0.54,-0.04
21:49:13,0.90,0.56,-0.10
21:49:13,0.85,0.52,-0.11
21:49:13,0.87,0.52,-0.09
21:49:13,0.85,0.52,-0.09
21:49:14,0.85,0.52,-0.08
21:49:14,0.85,0.52,-0.09
21:49:14,0.85,0.51,-0.10
21:49:14,0.86,0.51,-0.09
21:49:30,1.02,-0.02,0.10
21:49:30,1.01,-0.02,0.10
21:49:31,1.02,-0.02,0.09
21:49:31,1.01,-0.02,0.10
21:49:31,1.01,-0.02,0.08
21:49:31,1.01,-0.02,0.09
21:49:31,1.02,-0.02,0.10
21:49:31,1.02,-0.02,0.10
21:49:31,1.02,-0.02,0.10
21:49:31,1.01,-0.03,0.08
21:49:31,1.02,-0.02,0.10
21:49:31,1.02,-0.01,0.10
21:49:32,1.01,-0.00,0.10
21:49:32,1.01,-0.02,0.10
21:49:32,1.02,-0.02,0.09
21:49:32,1.02,-0.02,0.08
21:49:32,1.00,-0.07,0.09
21:49:32,0.93,-0.06,-0.01
21:49:32,1.23,-0.18,-0.09
21:49:46,1.07,-0.06,0.31
21:49:46,0.99,0.01,0.14
21:49:46,1.00,0.01,0.15
21:49:46,1.00,0.05,0.14
21:49:46,1.01,0.01,0.12
21:49:46,1.01,-0.08,0.21
21:49:46,1.01,-0.00,0.17
21:49:47,1.02,-0.04,0.20
21:49:47,1.01,0.03,0.09
21:49:47,1.00,0.01,0.13
21:49:47,1.04,-0.03,0.20
21:49:47,1.00,-0.03,0.18
21:49:47,1.05,-0.01,0.15
21:49:47,1.14,0.12,0.21
21:49:47,1.02,0.01,0.14
21:49:47,1.01,0.01,0.14
21:49:47,1.00,0.03,0.15
21:49:48,1.01,0.02,0.14
21:49:48,1.01,0.01,0.14
22:28:52,1.09,-0.34,0.17
22:28:52,0.89,-0.48,0.14
22:28:52,0.79,-0.44,0.18
22:28:52,0.96,-0.41,0.07
22:28:52,0.96,-0.36,0.15
22:28:52,0.96,-0.36,0.15
22:28:52,0.96,-0.36,0.15
22:28:52,0.99,-0.35,0.15
22:28:52,0.99,-0.28,0.09
22:28:52,0.96,-0.40,-0.01
22:28:53,0.94,-0.37,-0.04
22:28:53,1.02,-0.29,0.04
22:28:53,0.87,-0.34,0.05
22:28:53,0.99,-0.32,0.01
22:28:53,0.96,-0.26,0.13
22:28:53,0.99,-0.29,0.07
22:28:53,0.98,-0.29,0.05
22:28:53,0.98,-0.27,0.05
22:28:53,1.00,-0.28,0.04
