10:29:43,-0.33,0.40,0.88
10:29:43,-0.36,0.33,0.91
10:29:43,-0.40,0.34,0.83
10:29:43,-0.43,0.45,1.06
10:29:43,-0.26,0.46,0.89
10:29:43,-0.16,0.26,0.79
10:29:43,-0.05,0.08,0.79
10:29:43,-0.34,0.18,0.87
10:29:43,-0.45,0.28,0.86
10:29:44,-0.14,0.35,0.93
10:29:44,-0.08,0.37,0.89
10:29:44,-0.22,0.34,0.87
10:29:44,-0.38,0.29,0.87
10:29:44,-0.34,0.39,0.94
10:29:44,-0.47,0.29,0.76
10:29:44,-0.49,0.37,0.80
10:29:44,-0.50,0.37,0.83
10:29:44,-0.45,0.42,0.75
10:29:44,-0.45,0.41,0.77
10:32:41,-0.21,-0.13,0.96
10:32:42,-0.21,-0.12,0.81
10:32:42,-0.28,0.12,0.89
10:32:42,-0.42,0.31,0.97
10:32:42,-0.40,0.53,0.70
10:32:42,-0.27,0.43,0.57
10:32:42,-0.13,0.76,0.65
10:32:42,0.06,0.74,0.05
10:32:42,0.19,0.80,-0.04
10:32:42,0.16,0.90,-0.06
10:32:42,0.13,0.93,-0.15
10:32:43,0.18,0.93,-0.16
10:32:43,0.16,0.94,-0.16
10:32:43,0.17,0.96,-0.17
10:32:43,0.09,0.91,0.01
10:32:43,-0.00,0.97,0.06
10:32:43,0.00,0.96,-0.02
10:32:43,0.11,0.96,-0.04
10:32:43,-0.01,0.93,0.01
10:32:43,-0.04,0.98,-0.00
10:32:43,-0.18,0.92,-0.00
10:32:44,-0.16,0.95,-0.02
10:32:44,-0.18,0.87,0.03
10:32:44,-0.18,0.93,0.01
10:32:44,-0.18,0.93,0.05
10:32:44,-0.12,0.97,0.04
10:32:49,-0.92,0.54,0.26
10:32:49,-0.79,0.36,0.27
10:32:49,-0.92,0.46,0.26
10:32:50,-0.83,0.36,0.28
10:32:50,-0.68,0.57,0.24
10:32:50,-0.82,0.61,0.23
10:32:50,-0.50,0.70,0.07
10:32:50,-0.40,1.01,0.14
10:32:50,-0.27,0.97,0.19
10:32:50,-0.19,0.95,0.04
10:32:50,0.16,0.96,0.30
10:32:50,0.04,0.94,0.37
10:32:50,0.20,0.96,0.19
10:32:51,0.40,0.86,0.36
10:32:51,0.21,0.92,0.18
10:32:51,0.00,0.70,0.18
10:32:51,0.18,1.02,0.21
10:32:51,0.03,0.78,0.23
10:32:51,0.14,0.99,0.29
10:32:51,0.16,1.12,-0.01
10:32:51,0.19,0.87,0.21
10:32:51,0.15,0.99,0.23
10:32:51,0.04,0.92,0.11
10:32:52,0.18,0.95,0.18
10:32:52,0.15,0.97,0.20
10:32:52,0.12,1.01,0.18
10:32:52,0.16,0.91,0.20
10:32:52,0.12,0.93,0.19
10:32:52,0.14,0.98,0.18
10:32:52,0.08,0.95,0.17
10:32:52,0.06,1.13,0.15
10:32:52,0.37,0.84,-0.10
10:32:52,0.43,0.91,0.15
10:32:53,0.51,0.83,0.25
10:32:53,0.31,0.96,0.26
10:32:53,0.30,0.75,0.19
10:32:53,0.57,0.85,0.19
10:32:53,0.64,0.79,0.06
10:32:53,0.73,0.76,0.03
10:32:53,0.70,0.59,0.06
10:32:53,0.92,0.57,0.05
10:32:53,1.07,0.59,0.01
10:32:53,0.81,0.60,0.10
10:32:54,0.85,0.48,0.06
10:32:54,0.81,0.54,0.04
10:32:54,0.80,0.56,0.06
10:32:54,0.80,0.55,0.06
10:32:54,0.90,0.58,0.04
10:32:54,0.87,0.51,-0.05
10:32:54,0.73,0.58,-0.24
10:32:54,0.56,0.68,-0.47
10:32:54,0.18,0.69,-0.64
10:32:54,0.13,0.75,-0.71
10:32:55,0.17,0.76,-0.58
10:32:55,-0.08,0.79,-0.70
10:32:55,-0.10,0.63,-0.60
10:32:55,-0.06,0.74,-0.56
10:32:55,-0.13,0.80,-0.53
10:32:55,-0.06,0.85,-0.59
10:32:55,-0.15,0.89,-0.45
10:32:55,-0.12,0.81,-0.46
10:32:55,-0.19,0.85,-0.44
10:32:55,-0.14,0.95,-0.43
10:32:56,-0.17,0.87,-0.43
10:32:56,-0.12,0.90,-0.40
10:32:56,-0.11,0.92,-0.43
10:32:56,-0.14,0.89,-0.39
10:32:56,-0.11,0.85,-0.42
10:32:56,-0.11,0.82,-0.37
10:32:56,-0.15,0.82,-0.49
10:32:56,-0.18,0.53,-0.43
10:32:58,-0.12,0.06,-0.95
10:32:58,-0.17,0.04,-1.01
10:32:58,-0.05,0.02,-1.03
10:32:58,-0.15,-0.14,-0.99
10:32:58,-0.17,-0.14,-1.06
10:32:58,-0.12,-0.13,-0.71
10:32:58,-0.14,-0.26,-1.03
10:32:58,-0.18,-0.36,-0.94
10:32:58,-0.19,-0.41,-0.91
10:32:59,-0.29,-0.44,-0.85
10:32:59,-0.33,-0.51,-0.89
10:32:59,-0.32,-0.50,-0.84
10:32:59,-0.29,-0.52,-0.85
10:32:59,-0.24,-0.52,-0.84
10:32:59,-0.24,-0.52,-0.82
10:32:59,-0.26,-0.51,-0.85
10:32:59,-0.27,-0.51,-0.85
10:32:59,-0.27,-0.51,-0.84
10:32:59,-0.30,-0.50,-0.84
10:33:0,-0.32,-0.48,-0.85
10:33:0,-0.37,-0.45,-0.84
10:33:18,-0.96,-0.21,-0.19
10:33:18,-0.96,-0.21,-0.18
10:33:18,-0.97,-0.21,-0.21
10:33:18,-0.96,-0.21,-0.20
10:33:18,-0.96,-0.21,-0.20
10:33:18,-0.96,-0.21,-0.20
10:33:18,-0.96,-0.21,-0.20
10:33:18,-0.97,-0.21,-0.20
10:33:18,-0.96,-0.21,-0.20
10:33:18,-0.96,-0.22,-0.19
10:33:19,-0.96,-0.21,-0.19
10:33:19,-0.96,-0.21,-0.17
10:33:19,-0.96,-0.22,-0.20
10:33:19,-0.96,-0.22,-0.20
10:33:19,-0.97,-0.21,-0.20
10:33:19,-0.96,-0.21,-0.19
10:33:19,-0.95,-0.22,-0.19
10:33:19,-0.95,-0.21,-0.18
10:33:19,-0.96,-0.21,-0.19
12:30:17,-0.83,0.20,-0.66
12:30:17,-0.77,0.13,-0.44
12:30:17,-0.65,0.06,-0.15
12:30:17,-0.58,0.13,-0.12
12:30:17,-0.49,0.30,-0.36
12:30:17,-0.67,0.48,-0.49
12:30:18,-0.39,0.41,-0.80
12:30:18,-0.41,0.42,-0.76
12:30:18,-0.30,0.30,-0.92
12:30:18,-0.13,0.36,-1.07
12:30:18,-0.12,0.32,-1.02
12:30:18,-0.08,0.25,-0.87
12:30:18,-0.14,0.19,-0.87
12:30:18,-0.09,0.30,-0.80
12:30:18,0.01,0.26,-0.88
12:30:18,-0.02,0.28,-0.98
12:30:19,0.05,0.30,-1.08
12:30:19,-0.20,0.46,-1.19
12:30:19,-0.06,0.09,-1.05
12:30:19,-0.01,0.10,-0.91
12:30:19,0.12,0.12,-0.89
12:30:19,0.17,0.07,-0.95
12:30:19,0.32,0.11,-1.10
12:30:19,0.24,0.14,-1.19
12:30:19,0.07,0.17,-1.06
12:30:19,0.23,0.18,-0.81
12:30:20,0.27,0.14,-0.77
12:30:20,0.36,0.03,-1.10
12:30:20,0.36,0.04,-1.19
12:30:20,0.32,0.14,-0.87
12:30:20,0.20,0.14,-0.80
12:30:20,0.26,0.10,-0.97
12:30:20,0.29,0.25,-1.08
12:30:20,0.26,0.13,-1.25
12:30:20,0.24,0.16,-0.90
12:30:20,0.21,0.24,-0.68
12:30:21,0.29,0.29,-0.78
12:30:21,0.33,0.28,-1.14
12:30:21,0.57,0.14,-1.21
12:30:21,0.35,0.14,-1.08
12:30:21,0.28,0.11,-0.62
12:30:21,0.30,0.18,-0.71
12:30:21,0.46,0.14,-0.88
12:30:21,0.28,0.10,-1.25
12:30:21,0.35,-0.07,-1.22
12:30:21,0.22,0.16,-0.82
12:30:22,0.21,0.24,-0.61
12:30:22,0.34,0.29,-0.84
12:30:22,0.41,0.29,-1.11
12:30:35,0.09,0.14,-0.98
12:30:35,0.09,0.07,-1.01
12:30:36,0.20,0.07,-0.97
12:30:36,0.12,0.04,-1.09
12:30:36,0.19,0.12,-0.87
12:30:36,0.33,0.01,-0.97
12:30:36,0.17,0.07,-1.15
12:30:36,0.18,0.17,-0.96
12:30:36,0.12,0.11,-1.18
12:30:36,-0.09,0.23,-1.02
12:30:36,0.37,0.20,-0.73
12:30:36,0.33,0.05,-0.95
12:30:37,0.35,0.21,-1.00
12:30:37,0.16,0.17,-1.06
12:30:37,0.21,0.12,-0.99
12:30:37,0.19,0.07,-1.05
12:30:37,0.21,0.03,-1.01
12:30:37,0.25,0.11,-1.11
12:30:37,0.28,0.23,-0.92
12:30:47,-0.44,-0.27,-1.09
12:30:47,-0.03,-0.42,-1.35
12:30:47,-0.38,-0.61,-0.96
12:30:47,-0.59,-0.70,-0.92
12:30:47,-0.33,-0.73,-0.75
12:30:47,-0.15,-0.69,-0.83
12:30:47,-0.11,-0.67,-0.84
12:30:47,-0.15,-0.68,-0.76
12:30:48,-0.17,-0.81,-0.69
12:30:48,-0.16,-0.75,-0.78
12:30:48,-0.12,-0.76,-0.71
12:30:48,-0.15,-0.73,-0.73
12:30:48,-0.15,-0.73,-0.72
12:30:48,-0.16,-0.72,-0.73
12:30:48,-0.16,-0.72,-0.72
12:30:48,-0.17,-0.71,-0.73
12:30:48,-0.16,-0.73,-0.72
12:30:48,-0.15,-0.72,-0.72
12:30:49,-0.16,-0.73,-0.74
12:30:49,-0.17,-0.74,-0.72
12:30:49,-0.16,-0.72,-0.70
12:30:49,-0.23,-0.70,-0.75
12:31:21,-0.67,-0.55,-0.57
12:31:21,-0.73,-0.27,-0.69
12:31:21,-0.77,-0.46,-0.41
12:31:21,-0.75,-0.65,-0.42
12:31:21,-0.77,-0.64,-0.47
12:31:21,-0.50,-0.47,-0.70
12:31:21,-0.82,-0.53,-0.44
12:31:21,-0.82,-0.56,-0.47
12:31:21,-0.74,-0.58,-0.40
12:31:22,-0.74,-0.58,-0.40
12:31:22,-0.74,-0.58,-0.40
12:31:22,-0.74,-0.58,-0.39
12:31:22,-0.73,-0.58,-0.39
12:31:22,-0.73,-0.59,-0.41
12:31:22,-0.74,-0.58,-0.41
12:31:22,-0.73,-0.58,-0.40
12:31:22,-0.74,-0.59,-0.40
12:31:22,-0.74,-0.58,-0.41
12:31:22,-0.74,-0.58,-0.40
12:31:23,-0.73,-0.59,-0.39
12:31:23,-0.73,-0.59,-0.41
12:31:23,-0.74,-0.58,-0.40
12:31:23,-0.74,-0.59,-0.40
12:31:23,-0.74,-0.58,-0.39
12:31:23,-0.73,-0.58,-0.40
21:20:2,-0.53,-0.68,-0.52
21:20:2,-0.53,-0.67,-0.55
21:20:3,-0.52,-0.66,-0.56
21:20:3,-0.53,-0.67,-0.55
21:20:3,-0.55,-0.67,-0.54
21:20:3,-0.54,-0.67,-0.54
21:20:3,-0.56,-0.67,-0.55
21:20:3,-0.48,-0.67,-0.50
21:20:3,-0.39,-0.78,-0.54
21:20:3,-0.47,-0.69,-0.52
21:20:3,-0.53,-0.61,-0.59
21:20:3,-0.48,-0.64,-0.58
21:20:4,-0.50,-0.77,-0.50
21:20:4,-0.46,-0.60,-0.52
21:20:4,-0.51,-0.62,-0.71
21:20:4,-0.46,-0.61,-0.69
21:20:4,-0.42,-0.63,-0.68
21:20:4,-0.38,-0.66,-0.62
21:20:4,-0.42,-0.65,-0.62
21:20:12,0.01,0.69,-0.68
21:20:12,0.00,0.70,-0.70
21:20:12,0.04,0.66,-0.70
21:20:12,0.10,0.67,-0.62
21:20:13,0.32,0.58,-0.73
21:20:13,-0.36,1.77,-0.65
21:20:13,0.24,0.65,-0.64
21:20:13,0.27,0.69,-0.59
21:20:13,0.20,0.70,-0.66
21:20:13,0.25,0.66,-0.67
21:20:13,0.21,0.67,-0.67
21:20:13,0.22,0.66,-0.68
21:20:13,0.23,0.67,-0.68
21:20:13,0.17,0.67,-0.71
21:20:14,0.19,0.67,-0.71
21:20:14,0.19,0.66,-0.68
21:20:14,0.19,0.66,-0.69
21:20:14,0.21,0.66,-0.70
21:20:14,0.20,0.67,-0.68
21:20:21,-0.58,0.49,-0.61
21:20:21,-0.64,0.47,-0.61
21:20:21,-0.62,0.46,-0.61
21:20:21,-0.60,0.47,-0.55
21:20:21,-0.62,0.44,-0.63
21:20:21,-0.63,0.44,-0.60
21:20:21,-0.82,0.54,-0.53
21:20:21,-0.87,0.28,-0.22
21:20:21,-0.70,0.34,-0.74
21:20:22,-0.65,0.41,-0.51
21:20:22,-0.69,0.39,-0.60
21:20:22,-0.67,0.36,-0.62
21:20:22,-0.68,0.30,-0.64
21:20:22,-0.63,0.30,-0.72
21:20:22,-0.72,0.30,-0.56
21:20:22,-0.66,0.33,-0.68
21:20:22,-0.65,0.32,-0.64
21:20:22,-0.61,0.31,-0.68
21:20:22,-0.61,0.32,-0.67
21:20:23,-0.63,0.31,-0.69
21:20:23,-0.63,0.31,-0.67
21:20:23,-0.62,0.31,-0.69
21:20:23,-0.63,0.31,-0.68
21:20:23,-0.66,0.29,-0.65
21:20:23,-0.60,0.31,-0.71
21:20:23,-0.62,0.31,-0.67
21:20:23,-0.59,0.32,-0.68
21:20:23,-0.62,0.34,-0.66
22:20:30,0.13,0.44,-0.88
22:20:31,0.13,0.44,-0.87
22:20:31,0.14,0.45,-0.88
22:20:31,0.13,0.43,-0.86
22:20:31,0.14,0.44,-0.86
22:20:31,0.15,0.46,-0.87
22:20:31,0.13,0.48,-0.87
22:20:31,0.15,0.45,-0.88
22:20:31,0.16,0.47,-0.85
22:20:31,0.21,0.43,-0.73
22:20:31,0.05,0.45,-0.79
22:20:32,-0.03,0.42,-0.98
22:20:32,0.03,0.46,-1.55
22:20:32,-0.01,0.27,-0.66
22:20:32,-0.11,0.39,-0.59
22:20:32,0.48,0.77,-0.39
22:20:32,0.43,0.77,-0.51
22:20:32,0.47,0.76,-0.44
22:20:32,0.47,0.76,-0.48
22:20:32,0.45,0.79,-0.44
22:20:32,0.44,0.83,-0.42
22:20:33,0.44,0.76,-0.35
22:20:33,0.42,0.76,-0.34
22:20:33,0.41,0.75,-0.33
22:20:33,0.39,0.81,-0.41
22:20:33,0.38,0.78,-0.46
22:20:33,0.26,0.63,-0.45
22:20:33,0.26,0.67,-0.64
22:20:33,-0.04,-0.07,-0.26
22:20:33,0.07,0.43,-1.46
22:20:33,0.28,0.37,-0.87
22:20:34,0.28,0.37,-0.88
22:20:34,0.29,0.37,-0.86
22:20:34,0.29,0.37,-0.87
22:20:34,0.28,0.37,-0.87
22:20:34,0.29,0.37,-0.87
22:20:34,0.29,0.37,-0.88
22:20:34,0.29,0.37,-0.86
22:20:34,0.28,0.37,-0.87
22:20:34,0.29,0.37,-0.87
22:20:34,0.30,0.36,-0.88
22:20:34,0.29,0.36,-0.86
22:20:35,0.30,0.37,-0.88
22:20:35,0.29,0.36,-0.87
22:20:35,0.30,0.37,-0.87
22:20:35,0.31,0.37,-0.86
22:20:35,0.31,0.36,-0.88
22:20:35,0.30,0.36,-0.88
22:20:35,0.29,0.36,-0.88
22:20:35,0.29,0.37,-0.87
22:20:40,-0.74,0.31,-0.54
22:20:40,-0.71,0.32,-0.53
22:20:40,-0.73,0.31,-0.56
22:20:40,-0.76,0.31,-0.55
22:20:40,-0.72,0.31,-0.55
22:20:40,-0.70,0.32,-0.58
22:20:40,-0.71,0.34,-0.55
22:20:40,-0.65,0.29,-0.59
22:20:40,-0.68,0.18,-0.55
22:20:40,-0.67,0.33,-0.60
22:20:41,-0.70,0.34,-0.59
22:20:41,-0.70,0.33,-0.59
22:20:41,-0.66,0.36,-0.61
22:20:41,-0.67,0.34,-0.54
22:20:41,-0.67,0.34,-0.60
22:20:41,-0.68,0.34,-0.60
22:20:41,-0.68,0.34,-0.60
22:20:41,-0.69,0.34,-0.62
22:20:41,-0.71,0.34,-0.62
23:13:45,0.18,0.83,-0.46
23:13:45,0.27,0.80,-0.56
23:13:45,0.25,0.81,-0.53
23:13:45,0.23,0.80,-0.53
23:13:45,0.24,0.78,-0.52
23:13:45,0.23,0.80,-0.51
23:13:45,0.26,0.85,-0.54
23:13:46,0.11,0.61,-0.47
23:13:46,0.06,0.61,-0.92
23:13:46,0.11,0.67,-0.77
23:13:46,0.01,0.55,-0.97
23:13:46,0.06,0.56,-0.70
23:13:46,0.14,0.54,-0.91
23:13:46,0.12,0.42,-0.83
23:13:46,0.13,0.52,-0.79
23:13:46,0.43,1.22,-1.07
23:13:46,0.07,0.70,-0.68
23:13:47,0.24,0.64,-0.79
23:13:47,-0.01,0.80,-0.65
23:13:54,-0.71,-0.32,-0.63
23:13:54,-0.70,-0.28,-0.63
23:13:54,-0.69,-0.29,-0.66
23:13:54,-0.69,-0.27,-0.68
23:13:54,-0.69,-0.29,-0.65
23:13:54,-0.69,-0.29,-0.66
23:13:54,-0.69,-0.28,-0.68
23:13:54,-0.68,-0.28,-0.67
23:13:54,-0.68,-0.27,-0.68
23:13:55,-0.68,-0.29,-0.67
23:13:55,-0.68,-0.27,-0.67
23:13:55,-0.68,-0.28,-0.67
23:13:55,-0.68,-0.26,-0.68
23:13:55,-0.68,-0.26,-0.68
23:13:55,-0.68,-0.26,-0.69
23:13:55,-0.67,-0.27,-0.69
23:13:55,-0.68,-0.27,-0.68
23:13:55,-0.67,-0.24,-0.68
23:13:55,-0.67,-0.26,-0.68
23:14:9,-0.72,-0.14,-0.83
23:14:9,-0.68,-0.43,-0.64
23:14:9,-0.61,-0.29,-0.66
23:14:9,-1.16,0.35,-1.08
23:14:9,-0.67,-0.14,-0.69
23:14:9,-0.79,-0.27,-0.59
23:14:9,-0.64,-0.29,-0.74
23:14:9,-0.66,-0.26,-0.70
23:14:9,-0.94,0.10,-0.90
23:14:9,-0.73,-0.18,-0.62
23:14:10,-0.74,-0.22,-0.48
23:14:10,-0.63,-0.36,-0.68
23:14:10,-0.65,-0.31,-0.73
23:14:10,-0.54,-0.28,-0.62
23:14:10,-0.71,-0.26,-0.68
23:14:10,-0.68,-0.22,-0.66
23:14:10,-0.69,-0.25,-0.68
23:14:10,-0.69,-0.24,-0.69
23:14:10,-0.68,-0.24,-0.68
23:23:45,-0.69,0.57,-0.35
23:23:45,-0.65,0.61,-0.42
23:23:45,-0.70,0.57,-0.33
23:23:45,-0.67,0.50,-0.27
23:23:45,-0.76,0.50,-0.02
23:23:46,-0.22,0.05,-1.82
23:23:46,-0.64,0.26,-0.68
23:23:46,-0.79,0.05,-0.65
23:23:46,-0.65,-0.11,-0.65
23:23:46,-0.77,-0.05,-0.58
23:23:46,-0.75,0.11,-0.50
23:23:46,-0.90,-0.00,-0.53
23:23:46,-0.67,0.31,-0.65
23:23:46,-0.71,0.20,-0.59
23:23:46,-0.75,0.09,-0.55
23:23:47,-0.81,0.12,-0.54
23:23:47,-0.80,0.14,-0.56
23:23:47,-0.83,0.10,-0.53
23:23:47,-0.82,0.10,-0.53
23:23:47,-0.82,0.10,-0.54
23:23:47,-0.83,0.09,-0.52
23:23:47,-0.83,0.08,-0.50
23:23:47,-0.83,0.09,-0.52
23:23:47,-0.83,0.10,-0.52
23:23:47,-0.83,0.09,-0.51
23:23:48,-0.82,0.10,-0.52
23:23:48,-0.84,0.09,-0.49
23:23:48,-0.84,0.08,-0.51
23:23:48,-0.86,0.08,-0.49
