0:3:14,1.00,-0.11,-0.27
0:3:14,0.86,-0.18,-0.17
0:3:14,1.08,-0.50,0.10
0:3:14,1.07,-0.35,0.04
0:3:14,0.91,-0.07,-0.02
0:3:14,1.00,-0.34,0.06
0:3:15,1.00,-0.29,0.02
0:3:15,0.97,-0.23,-0.08
0:3:15,1.01,-0.29,0.01
0:3:15,1.06,-0.28,-0.05
0:3:15,1.01,-0.29,0.08
0:3:15,0.77,-0.28,-0.26
0:3:15,1.02,-0.40,-0.08
0:3:15,0.89,-0.34,-0.32
0:3:15,0.94,-0.43,-0.11
0:3:15,0.88,-0.30,-0.51
0:3:16,0.85,-0.47,-0.40
0:3:16,0.72,-0.34,-0.55
0:3:16,0.74,-0.43,-0.55
0:3:16,0.69,-0.32,-0.50
0:3:16,0.39,-0.85,-0.40
0:3:16,1.11,-0.35,-0.25
0:3:16,0.90,-0.54,-0.30
0:3:16,0.80,-0.49,-0.25
0:3:16,0.79,-0.50,-0.42
0:3:16,0.56,-0.47,-0.56
0:3:17,0.73,-0.46,-0.55
0:3:17,0.69,-0.47,-0.51
0:3:17,1.63,-0.61,0.36
0:3:17,0.50,-0.72,-0.10
0:3:17,1.01,-0.14,0.15
0:3:17,0.84,-0.57,0.14
0:3:17,1.18,-0.51,0.14
0:3:17,0.83,-0.70,-0.00
0:3:17,0.76,-0.73,-0.09
0:3:17,0.69,-0.44,-0.25
0:3:18,0.87,-0.66,-0.15
0:3:18,0.77,-0.90,-0.02
0:3:18,0.81,-0.63,-0.07
0:3:18,0.82,-0.63,-0.05
0:3:18,0.81,-0.62,-0.06
0:3:18,0.80,-0.62,-0.02
0:3:18,0.81,-0.65,-0.04
0:3:18,0.81,-0.63,-0.05
0:3:18,0.82,-0.66,-0.06
0:3:18,0.78,-0.70,-0.17
0:3:19,0.74,-0.65,-0.10
0:3:19,0.82,-0.62,-0.04
0:3:19,0.79,-0.62,0.02
0:3:19,0.61,-0.68,-0.34
0:3:20,0.41,-0.97,-0.07
0:3:20,0.40,-0.96,-0.08
0:3:20,0.40,-0.96,-0.07
0:3:21,0.41,-0.96,-0.08
0:3:21,0.41,-0.96,-0.06
0:3:21,0.40,-0.95,-0.07
0:3:21,0.40,-0.95,-0.07
0:3:21,0.41,-0.96,-0.09
0:3:21,0.41,-0.95,-0.09
0:3:21,0.41,-0.95,-0.08
0:3:21,0.41,-0.96,-0.09
0:3:21,0.41,-0.95,-0.08
0:3:21,0.40,-0.95,-0.08
0:3:22,0.40,-0.96,-0.08
0:3:22,0.41,-0.96,-0.08
0:3:22,0.40,-0.95,-0.08
0:3:22,0.41,-0.96,-0.06
0:3:22,0.41,-0.95,-0.08
0:3:22,0.42,-0.96,-0.10
0:3:40,0.99,-0.39,0.04
0:3:40,0.97,-0.36,-0.04
0:3:41,0.97,-0.31,-0.04
0:3:41,1.02,-0.28,-0.04
0:3:41,0.91,-0.36,-0.13
0:3:41,0.93,-0.27,-0.16
0:3:41,0.95,-0.42,-0.07
0:3:41,1.01,-0.30,-0.04
0:3:41,0.96,-0.35,-0.08
0:3:41,0.78,-0.45,-0.26
0:3:41,1.02,-0.45,-0.01
0:3:41,0.97,-0.35,-0.13
0:3:42,1.01,-0.33,-0.05
0:3:42,0.98,-0.36,-0.06
0:3:42,0.97,-0.33,-0.06
0:3:42,0.96,-0.33,-0.07
0:3:42,0.96,-0.34,-0.08
0:3:42,0.97,-0.35,-0.08
0:3:42,0.97,-0.34,-0.09
2:12:31,0.79,-0.69,-0.08
2:12:31,0.79,-0.66,-0.09
2:12:31,0.79,-0.68,-0.09
2:12:31,0.78,-0.68,-0.08
2:12:31,0.78,-0.67,-0.08
2:12:31,0.79,-0.67,-0.09
2:12:32,0.79,-0.68,-0.09
2:12:32,0.79,-0.67,-0.07
2:12:32,0.78,-0.67,-0.07
2:12:32,0.79,-0.60,-0.10
2:12:32,0.79,-0.68,-0.12
2:12:32,0.85,-0.59,-0.10
2:12:32,0.85,-0.61,-0.15
2:12:32,0.81,-0.63,-0.11
2:12:32,0.79,-0.64,-0.12
2:12:32,0.83,-0.64,-0.12
2:12:33,0.82,-0.61,-0.10
2:12:33,0.92,-0.64,-0.08
2:12:33,0.88,-0.59,-0.16
3:19:53,0.69,-0.69,-0.03
3:19:53,0.70,-0.78,0.03
3:19:53,0.72,-0.79,0.03
3:19:53,0.68,-0.85,0.08
3:19:53,0.68,-0.78,0.07
3:19:54,0.75,-0.75,0.04
3:19:54,0.65,-0.79,0.09
3:19:54,0.64,-0.81,0.16
3:19:54,0.66,-0.80,0.10
3:19:54,0.65,-0.81,0.08
3:19:54,0.65,-0.81,0.08
3:19:54,0.65,-0.80,0.08
3:19:54,0.65,-0.81,0.08
3:19:54,0.65,-0.80,0.08
3:19:54,0.66,-0.81,0.08
3:19:55,0.65,-0.80,0.09
3:19:55,0.65,-0.81,0.08
3:19:55,-0.16,-0.44,-0.81
3:19:55,0.42,-0.87,-0.18
3:19:57,0.37,-1.22,-0.41
3:19:57,-0.25,-0.67,-0.80
3:19:57,-0.05,-1.11,-0.20
3:19:57,-0.23,-0.95,-0.56
3:19:57,0.36,-0.73,-0.61
3:19:57,0.86,-0.68,-0.41
3:19:57,-0.39,-0.78,-0.29
3:19:57,0.26,-0.47,-0.52
3:19:57,0.78,-0.20,-0.93
3:19:58,0.34,-0.58,-0.68
3:19:58,0.26,-0.72,-0.45
3:19:58,0.63,-0.96,-0.11
3:19:58,0.42,-0.58,-1.21
3:19:58,1.18,0.06,-1.34
3:19:58,0.65,-0.53,-0.40
3:19:58,0.76,-0.46,-0.54
3:19:58,0.54,-0.59,-0.52
3:19:58,1.01,-0.33,-0.69
3:19:58,0.74,-0.65,-0.31
3:19:59,0.74,-0.67,-0.29
3:19:59,0.74,-0.67,-0.29
3:19:59,0.74,-0.67,-0.28
3:19:59,0.76,-0.68,-0.29
3:19:59,0.73,-0.68,-0.30
3:19:59,0.75,-0.66,-0.29
3:19:59,0.74,-0.67,-0.29
3:19:59,0.75,-0.66,-0.27
3:19:59,0.74,-0.66,-0.29
3:19:59,0.75,-0.67,-0.28
3:20:0,0.75,-0.65,-0.30
3:20:0,0.74,-0.66,-0.28
3:20:0,0.75,-0.67,-0.29
3:20:0,0.73,-0.66,-0.29
3:20:0,0.75,-0.66,-0.28
3:20:0,0.75,-0.65,-0.28
3:20:21,0.99,-0.37,-0.08
3:20:22,0.86,-0.47,-0.10
3:20:22,1.03,-0.29,-0.15
3:20:22,0.96,-0.31,-0.17
3:20:22,0.84,-0.53,-0.35
3:20:22,0.96,-0.31,-0.19
3:20:22,0.96,-0.30,-0.18
3:20:22,0.94,-0.33,-0.13
3:20:22,1.00,-0.25,-0.10
3:20:22,1.01,-0.25,-0.09
3:20:22,1.02,-0.28,-0.10
3:20:23,0.85,-0.72,-0.41
3:20:23,0.99,-0.27,-0.14
3:20:23,0.98,-0.30,-0.14
3:20:23,0.99,-0.28,-0.19
3:20:23,1.00,-0.27,-0.11
3:20:23,1.02,-0.19,-0.21
3:20:23,1.03,-0.00,-0.28
3:20:23,1.02,-0.26,-0.12
3:20:26,0.89,-0.41,-0.17
3:20:26,0.91,-0.43,-0.16
3:20:26,0.98,-0.38,-0.12
3:20:26,0.90,-0.37,-0.34
3:20:26,0.96,-0.49,0.03
3:20:26,0.87,-0.29,-0.40
3:20:26,0.93,-0.49,-0.01
3:20:26,0.87,-0.33,-0.27
3:20:26,0.78,-0.58,-0.12
3:20:26,0.94,-0.42,-0.03
3:20:27,0.95,-0.33,-0.18
3:20:27,0.92,-0.41,-0.14
3:20:27,0.89,-0.41,-0.04
3:20:27,0.93,-0.46,-0.14
3:20:27,0.90,-0.38,-0.14
3:20:27,0.89,-0.44,-0.11
3:20:27,0.97,-0.38,-0.06
3:20:27,0.95,-0.46,-0.04
3:20:27,0.89,-0.44,-0.17
3:43:34,0.96,-0.33,-0.13
3:43:34,1.00,-0.33,-0.13
3:43:34,0.62,-0.66,-0.31
3:43:35,0.92,-0.34,-0.26
3:43:35,0.90,-0.41,-0.03
3:43:35,0.94,-0.37,-0.13
3:43:35,0.97,-0.37,-0.10
3:43:35,0.96,-0.38,-0.09
3:43:35,0.96,-0.38,-0.01
3:43:35,0.97,-0.34,-0.12
3:43:35,0.97,-0.36,-0.10
3:43:35,1.02,-0.36,-0.04
3:43:35,0.93,-0.38,-0.22
3:43:36,0.97,-0.32,-0.12
3:43:36,1.01,-0.39,-0.21
3:43:36,0.96,-0.40,-0.04
3:43:36,0.95,-0.34,-0.10
3:43:36,0.94,-0.29,-0.18
3:43:36,0.98,-0.28,-0.07
3:43:38,0.81,-0.24,-0.50
3:43:39,0.86,-0.22,-0.44
3:43:39,0.90,-0.20,-0.44
3:43:39,0.91,-0.19,-0.45
3:43:39,0.90,-0.19,-0.43
3:43:39,0.91,-0.19,-0.44
3:43:39,0.90,-0.20,-0.45
3:43:39,0.91,-0.20,-0.44
3:43:39,0.90,-0.19,-0.42
3:43:39,0.90,-0.20,-0.46
3:43:39,0.91,-0.19,-0.44
3:43:40,0.91,-0.19,-0.44
3:43:40,0.90,-0.19,-0.43
3:43:40,0.92,-0.20,-0.45
3:43:40,0.92,-0.19,-0.44
3:43:40,0.90,-0.18,-0.43
3:43:40,0.91,-0.19,-0.43
3:43:40,0.90,-0.20,-0.44
3:43:40,0.91,-0.19,-0.44
3:55:51,0.99,-0.27,0.00
3:55:51,0.98,-0.28,-0.01
3:55:51,0.98,-0.28,-0.01
3:55:52,0.99,-0.29,-0.00
3:55:52,0.99,-0.27,-0.01
3:55:52,0.99,-0.28,0.00
3:55:52,0.98,-0.28,-0.01
3:55:52,0.99,-0.28,-0.02
3:55:52,0.99,-0.28,-0.02
3:55:52,0.99,-0.27,-0.01
3:55:52,1.00,-0.29,-0.03
3:55:52,0.96,-0.30,-0.04
3:55:52,0.99,-0.29,-0.00
3:55:53,1.01,-0.29,0.07
3:55:53,0.99,-0.28,-0.02
3:55:53,0.99,-0.28,-0.01
3:55:53,0.99,-0.28,-0.01
3:55:53,1.00,-0.28,0.01
3:55:53,0.99,-0.28,0.00
4:19:34,0.27,-0.75,-0.40
4:19:34,0.66,-0.61,-0.50
4:19:34,0.72,-0.62,-0.43
4:19:35,0.70,-0.62,-0.42
4:19:35,0.71,-0.61,-0.44
4:19:35,0.72,-0.62,-0.45
4:19:35,0.72,-0.62,-0.44
4:19:35,0.71,-0.62,-0.43
4:19:35,0.71,-0.61,-0.44
4:19:35,0.71,-0.62,-0.43
4:19:35,0.71,-0.61,-0.45
4:19:35,0.70,-0.62,-0.44
4:19:35,0.70,-0.62,-0.43
4:19:36,0.71,-0.62,-0.44
4:19:36,0.70,-0.61,-0.44
4:19:36,0.71,-0.61,-0.45
4:19:36,0.71,-0.61,-0.42
4:19:36,0.70,-0.62,-0.44
4:19:36,0.71,-0.61,-0.46
4:19:45,0.46,-0.69,-0.57
4:19:45,0.56,-0.65,-0.57
4:19:45,0.66,-0.66,-0.56
4:19:45,0.63,-0.60,-0.55
4:19:45,0.63,-0.61,-0.57
4:19:45,0.61,-0.61,-0.56
4:19:45,0.61,-0.61,-0.56
4:19:45,0.63,-0.61,-0.55
4:19:45,0.63,-0.62,-0.56
4:19:45,0.62,-0.61,-0.57
4:19:46,0.62,-0.61,-0.56
4:19:46,0.62,-0.61,-0.57
4:19:46,0.62,-0.62,-0.55
4:19:46,0.62,-0.62,-0.56
4:19:46,0.62,-0.61,-0.56
4:19:46,0.63,-0.62,-0.55
4:19:46,0.62,-0.61,-0.56
4:19:46,0.62,-0.61,-0.56
4:19:46,0.63,-0.60,-0.56
4:44:58,0.99,0.10,-0.21
4:44:58,0.98,0.23,-0.28
4:44:58,0.96,0.13,-0.22
4:44:58,0.99,0.15,-0.25
4:44:58,1.01,0.10,-0.16
4:44:58,0.98,0.12,-0.19
4:44:58,1.00,0.11,-0.20
4:44:58,0.99,0.11,-0.21
4:44:58,1.00,0.11,-0.20
4:44:58,0.98,0.12,-0.20
4:44:59,0.99,0.12,-0.23
4:44:59,0.99,0.11,-0.21
4:44:59,1.00,0.11,-0.20
4:44:59,0.99,0.11,-0.20
4:44:59,0.99,0.10,-0.19
4:44:59,1.00,0.11,-0.19
4:44:59,0.99,0.12,-0.20
4:44:59,1.00,0.13,-0.19
4:44:59,0.98,0.11,-0.19
5:3:57,0.91,0.37,-0.21
5:3:57,0.90,0.37,-0.21
5:3:57,0.92,0.38,-0.19
5:3:57,0.90,0.37,-0.23
5:3:57,0.91,0.37,-0.21
5:3:57,0.91,0.36,-0.22
5:3:57,0.91,0.37,-0.20
5:3:57,0.92,0.36,-0.20
5:3:57,0.91,0.36,-0.21
5:3:58,0.92,0.36,-0.21
5:3:58,0.91,0.37,-0.21
5:3:58,0.92,0.35,-0.19
5:3:58,0.94,0.40,-0.18
5:3:58,0.91,0.36,-0.19
5:3:58,0.92,0.36,-0.20
5:3:58,0.91,0.36,-0.21
5:3:58,0.93,0.37,-0.22
5:3:58,0.92,0.36,-0.20
5:3:58,0.92,0.36,-0.21
5:4:2,0.93,0.32,-0.18
5:4:3,0.91,0.15,-0.14
5:4:3,0.85,0.53,-0.35
5:4:3,0.94,0.29,-0.18
5:4:3,0.94,0.31,-0.20
5:4:3,0.94,0.31,-0.23
5:4:3,0.93,0.30,-0.21
5:4:3,0.94,0.30,-0.22
5:4:3,0.94,0.29,-0.21
5:4:3,0.94,0.29,-0.21
5:4:3,0.95,0.29,-0.23
5:4:4,0.94,0.30,-0.21
5:4:4,0.94,0.29,-0.22
5:4:4,0.94,0.30,-0.22
5:4:4,0.93,0.30,-0.23
5:4:4,0.94,0.30,-0.22
5:4:4,0.93,0.30,-0.21
5:4:4,0.94,0.30,-0.21
5:4:4,0.94,0.30,-0.21
5:4:13,1.01,-0.14,0.01
5:4:13,1.00,-0.15,0.00
5:4:13,1.02,-0.17,0.00
5:4:13,1.06,-0.12,0.01
5:4:13,1.06,-0.03,-0.00
5:4:13,0.96,-0.18,0.02
5:4:13,1.08,-0.09,0.00
5:4:13,0.91,-0.26,0.19
5:4:13,0.82,-0.19,0.01
5:4:13,1.01,-0.11,-0.02
5:4:14,1.03,-0.10,-0.05
5:4:14,1.02,-0.09,-0.04
5:4:14,1.02,-0.10,-0.05
5:4:14,1.02,-0.09,-0.05
5:4:14,1.02,-0.11,-0.04
5:4:14,1.02,-0.09,-0.04
5:4:14,1.01,-0.10,-0.04
5:4:14,1.03,-0.09,-0.03
5:4:14,1.02,-0.12,-0.03
5:4:27,0.88,-0.56,0.01
5:4:27,0.87,-0.52,-0.00
5:4:27,0.86,-0.57,0.00
5:4:27,0.90,-0.57,0.04
5:4:28,0.84,-0.59,0.06
5:4:28,0.81,-0.61,0.03
5:4:28,0.85,-0.64,0.06
5:4:28,0.71,-0.64,0.04
5:4:28,0.88,-0.55,0.13
5:4:28,0.87,-0.60,0.11
5:4:28,0.86,-0.57,0.13
5:4:28,0.86,-0.56,0.10
5:4:28,0.86,-0.57,0.09
5:4:28,0.84,-0.57,0.11
5:4:29,0.85,-0.60,0.08
5:4:29,0.84,-0.62,0.10
5:4:29,0.84,-0.60,0.08
5:4:29,0.85,-0.62,0.09
5:4:29,0.82,-0.67,0.04
5:4:31,0.51,-0.90,-0.06
5:4:31,0.47,-0.94,-0.08
5:4:31,0.32,-0.95,-0.22
5:4:31,0.36,-0.95,-0.17
5:4:31,0.36,-0.96,-0.14
5:4:31,0.37,-0.98,-0.13
5:4:31,0.37,-0.96,-0.14
5:4:32,0.40,-0.96,-0.13
5:4:32,0.39,-0.98,-0.11
5:4:32,0.37,-0.97,-0.23
5:4:32,0.46,-0.96,-0.28
5:4:32,0.22,-0.99,-0.24
5:4:32,0.30,-1.02,-0.13
5:4:32,0.26,-1.03,-0.11
5:4:32,0.31,-1.03,-0.17
5:4:32,0.30,-1.01,-0.15
5:4:32,0.35,-0.97,-0.10
5:4:33,0.33,-1.01,-0.14
5:4:33,0.39,-0.98,-0.14
5:16:22,1.02,-0.02,-0.06
5:16:22,1.02,-0.03,-0.05
5:16:22,1.02,-0.03,-0.06
5:16:22,1.02,-0.04,-0.06
5:16:22,1.01,-0.06,-0.05
5:16:22,1.03,-0.06,-0.07
5:16:22,1.00,-0.04,-0.05
5:16:23,1.01,-0.07,-0.08
5:16:23,1.01,-0.04,-0.06
5:16:23,1.02,-0.04,-0.07
5:16:23,1.01,0.02,-0.09
5:16:23,1.02,0.04,-0.06
5:16:23,1.05,0.06,-0.09
5:16:23,0.99,0.04,-0.04
5:16:23,1.06,0.05,0.02
5:16:23,1.02,0.03,0.01
5:16:23,1.01,0.04,0.01
5:16:24,1.02,0.04,0.02
5:16:24,1.01,0.05,0.03
5:16:36,1.00,-0.12,0.00
5:16:36,1.10,-0.02,0.10
5:16:36,0.92,-0.25,0.31
5:16:36,0.58,-0.01,0.51
5:16:36,0.31,0.11,0.96
5:16:37,0.27,0.16,0.80
5:16:37,0.30,0.18,0.66
5:16:37,0.25,0.03,1.02
5:16:37,0.27,0.00,1.01
5:16:37,0.25,-0.04,0.95
5:16:37,0.21,0.00,1.00
5:16:37,0.31,-0.03,0.95
5:16:37,0.12,-0.34,0.96
5:16:37,0.10,0.07,1.04
5:16:37,0.03,0.09,0.95
5:16:38,0.12,0.07,0.98
5:16:38,0.05,-0.05,1.00
5:16:38,0.05,-0.05,1.00
5:16:38,0.09,-0.03,1.01
5:16:38,0.02,-0.08,1.05
5:16:38,0.12,-0.06,0.98
5:16:38,0.06,-0.06,0.98
5:16:38,0.12,-0.08,0.98
5:16:38,-0.09,-0.14,0.92
5:53:17,0.85,-0.56,0.11
5:53:17,0.86,-0.56,0.13
5:53:17,0.86,-0.57,0.11
5:53:17,0.84,-0.54,0.09
5:53:18,0.83,-0.64,0.22
5:53:18,0.90,-0.57,0.11
5:53:18,0.85,-0.52,0.14
5:53:18,0.88,-0.55,0.14
5:53:18,0.87,-0.56,0.13
5:53:18,0.79,-0.46,0.10
5:53:18,0.92,-0.48,0.07
5:53:18,0.83,-0.50,0.10
5:53:18,0.87,-0.54,0.15
5:53:18,0.85,-0.44,0.28
5:53:19,0.87,-0.56,0.11
5:53:19,0.85,-0.57,0.12
5:53:19,0.90,-0.50,0.09
5:53:19,0.86,-0.53,0.08
5:53:19,0.93,-0.50,0.04
5:53:21,0.92,-0.41,-0.13
5:53:21,0.93,-0.40,-0.14
5:53:21,0.92,-0.42,-0.18
5:53:21,0.94,-0.42,-0.19
5:53:21,0.90,-0.47,-0.21
5:53:22,0.89,-0.49,-0.19
5:53:22,0.89,-0.46,-0.19
5:53:22,0.91,-0.46,-0.18
5:53:22,0.92,-0.46,-0.19
5:53:22,0.94,-0.43,-0.19
5:53:22,0.91,-0.44,-0.14
5:53:22,0.95,-0.39,-0.11
5:53:22,0.90,-0.40,-0.15
5:53:22,0.97,-0.38,-0.09
5:53:22,0.95,-0.36,-0.11
5:53:23,0.97,-0.38,-0.14
5:53:23,0.95,-0.38,-0.08
5:53:23,0.94,-0.40,-0.10
5:53:23,0.95,-0.41,-0.10
5:53:46,0.94,0.13,-0.34
5:53:46,0.95,0.12,-0.34
5:53:46,0.95,0.12,-0.32
5:53:46,0.95,0.12,-0.33
5:53:46,0.95,0.12,-0.32
5:53:47,0.94,0.12,-0.33
5:53:47,0.95,0.12,-0.33
5:53:47,0.95,0.12,-0.33
5:53:47,0.94,0.12,-0.32
5:53:47,0.95,0.13,-0.33
5:53:47,0.96,0.12,-0.33
5:53:47,0.95,0.11,-0.32
5:53:47,0.96,0.12,-0.34
5:53:47,0.95,0.13,-0.34
5:53:47,0.95,0.13,-0.34
5:53:48,0.95,0.12,-0.33
5:53:48,0.95,0.12,-0.32
5:53:48,0.95,0.12,-0.34
5:53:48,0.97,0.10,-0.36
5:53:51,0.77,-0.24,0.34
5:53:51,0.89,-0.23,0.28
5:53:51,1.02,-0.19,0.17
5:53:51,0.86,-0.31,0.40
5:53:51,0.19,-0.11,0.58
5:53:51,0.24,0.19,1.08
5:53:51,0.39,-0.42,0.88
5:53:51,0.33,-0.47,0.84
5:53:52,0.37,-0.45,0.83
5:53:52,0.38,-0.43,0.84
5:53:52,0.44,-0.35,0.76
5:53:52,0.42,-0.45,0.81
5:53:52,0.33,-0.35,0.89
5:53:52,0.44,-0.50,0.77
5:53:52,0.41,-0.50,0.71
5:53:52,0.39,-0.47,0.77
5:53:52,0.42,-0.51,0.72
5:53:52,0.33,-0.43,0.82
5:53:53,0.45,-0.48,0.77
5:53:53,0.59,-0.41,0.60
5:53:53,0.43,-0.56,0.76
5:53:53,0.44,-0.52,0.73
5:53:53,0.44,-0.56,0.76
5:53:53,0.47,-0.51,0.73
5:53:53,0.56,-0.45,0.75
6:11:23,0.73,-0.74,0.09
6:11:23,0.72,-0.73,0.11
6:11:23,0.76,-0.73,0.03
6:11:23,0.73,-0.74,0.04
6:11:23,0.76,-0.74,0.03
6:11:23,0.73,-0.74,0.02
6:11:23,0.74,-0.74,0.00
6:11:23,0.74,-0.74,-0.01
6:11:23,0.71,-0.73,-0.02
6:11:23,0.71,-0.75,-0.02
6:11:24,0.73,-0.73,-0.01
6:11:24,0.73,-0.72,-0.01
6:11:24,0.74,-0.75,-0.04
6:11:24,0.74,-0.75,-0.03
6:11:24,0.74,-0.74,-0.11
6:11:24,0.73,-0.72,-0.10
6:11:24,0.73,-0.73,-0.08
6:11:24,0.74,-0.73,-0.06
6:11:24,0.75,-0.74,-0.10
6:11:33,-0.71,-0.30,-0.47
6:11:33,-0.75,-0.80,-0.16
6:11:33,-0.59,-0.77,-0.28
6:11:33,-0.57,-0.79,-0.29
6:11:33,-0.59,-0.73,-0.25
6:11:33,-0.58,-0.76,-0.30
6:11:34,-0.77,-0.57,-0.15
6:11:34,-0.45,-0.83,-0.40
6:11:34,-0.57,-0.80,-0.32
6:11:34,-0.56,-0.78,-0.32
6:11:34,-0.51,-0.79,-0.36
6:11:34,-0.50,-0.78,-0.29
6:11:34,-0.36,-0.88,-0.14
6:11:34,-0.40,-0.88,-0.12
6:11:34,-0.51,-0.81,-0.36
6:11:34,-0.66,-1.21,-0.19
6:11:35,-0.42,-0.80,-0.31
6:11:35,-0.55,-0.86,-0.26
6:11:35,-0.43,-0.67,-0.02
6:11:35,-0.65,-0.82,-0.32
6:11:35,-0.52,-0.71,-0.35
6:11:35,-0.69,-0.77,-0.28
6:11:35,-0.71,-0.75,-0.22
6:11:35,-0.69,-0.71,-0.31
6:11:35,-0.78,-0.61,-0.23
6:11:35,-0.71,-0.76,-0.22
6:11:36,-0.70,-0.70,-0.15
6:11:36,-0.71,-0.53,-0.12
6:11:36,-0.80,-0.69,-0.11
6:11:36,-0.73,-0.68,-0.17
6:11:36,-0.76,-0.63,-0.15
6:11:36,-0.78,-0.67,-0.16
6:11:36,-0.72,-0.66,-0.20
6:11:36,-0.70,-0.68,-0.17
6:11:36,-0.71,-0.68,-0.16
6:11:36,-0.71,-0.68,-0.16
6:11:37,-0.73,-0.74,-0.13
6:11:37,-0.71,-0.66,-0.17
6:11:37,-0.72,-0.70,-0.16
6:11:37,-0.72,-0.71,-0.17
6:11:37,-0.70,-0.71,-0.18
6:11:37,-0.70,-0.69,-0.18
6:11:37,-0.70,-0.69,-0.18
6:11:37,-0.71,-0.69,-0.17
6:11:37,-0.70,-0.70,-0.17
6:35:54,0.23,-1.03,-0.19
6:35:54,0.20,-1.15,0.02
6:35:54,0.24,-1.24,-0.08
6:35:54,0.34,-1.10,-0.05
6:35:54,0.37,-1.08,0.03
6:35:54,0.32,-0.98,-0.01
6:35:54,0.34,-1.00,-0.05
6:35:54,0.42,-0.98,-0.06
6:35:54,0.60,-0.93,-0.08
6:35:55,0.55,-0.88,-0.08
6:35:55,0.45,-0.94,-0.11
6:35:55,0.47,-0.81,-0.14
6:35:55,0.48,-0.89,-0.12
6:35:55,0.29,-0.88,-0.17
6:35:55,0.33,-0.92,-0.12
6:35:55,0.40,-0.98,-0.14
6:35:55,0.42,-0.92,-0.19
6:35:55,0.45,-0.96,-0.17
6:35:55,0.47,-0.92,-0.21
6:35:56,0.40,-0.94,-0.12
6:35:56,0.43,-0.92,-0.19
6:35:56,0.45,-0.96,-0.17
6:35:56,0.42,-0.91,-0.21
6:36:18,-0.56,-0.59,-0.59
6:36:18,-0.56,-0.59,-0.59
6:36:18,-0.55,-0.59,-0.59
6:36:18,-0.56,-0.59,-0.58
6:36:18,-0.56,-0.59,-0.59
6:36:19,-0.56,-0.58,-0.59
6:36:19,-0.55,-0.59,-0.60
6:36:19,-0.56,-0.59,-0.59
6:36:19,-0.55,-0.60,-0.59
6:36:19,-0.55,-0.59,-0.59
6:36:19,-0.56,-0.59,-0.58
6:36:19,-0.55,-0.59,-0.58
6:36:19,-0.56,-0.60,-0.60
6:36:19,-0.56,-0.59,-0.59
6:36:19,-0.55,-0.59,-0.59
6:36:20,-0.56,-0.60,-0.59
6:36:20,-0.53,-0.64,-0.57
6:36:20,-0.47,-0.71,-0.62
6:36:20,-0.52,-0.65,-0.58
6:36:24,-0.55,-0.78,-0.38
6:36:24,-0.53,-0.76,-0.39
6:36:24,-0.59,-0.60,-0.41
6:36:24,-0.66,-0.68,-0.36
6:36:25,-0.43,-0.79,-0.35
6:36:25,-0.39,-0.90,-0.30
6:36:25,-0.37,-0.89,-0.30
6:36:25,-0.36,-0.88,-0.32
6:36:25,-0.38,-0.89,-0.32
6:36:25,-0.39,-0.90,-0.33
6:36:25,-0.38,-0.89,-0.32
6:36:25,-0.38,-0.90,-0.32
6:36:25,-0.38,-0.90,-0.30
6:36:25,-0.35,-0.92,-0.34
6:36:26,-0.45,-0.93,-0.31
6:36:26,-0.50,-0.86,-0.36
6:36:26,-0.46,-0.83,-0.30
6:36:26,-0.44,-0.83,-0.36
6:36:26,-0.41,-0.87,-0.31
7:7:52,-0.97,-0.15,-0.11
7:7:53,-0.96,-0.17,-0.13
7:7:53,-0.97,-0.18,-0.15
7:7:53,-0.94,-0.19,-0.11
7:7:53,-0.96,-0.17,-0.16
7:7:53,-0.96,-0.12,-0.15
7:7:53,-0.96,-0.11,-0.17
7:7:53,-0.98,-0.11,-0.17
7:7:53,-1.02,-0.10,-0.14
7:7:53,-0.87,0.08,-0.21
7:7:53,-0.96,-0.05,-0.23
7:7:53,-0.97,-0.20,-0.21
7:7:54,-0.88,-0.06,-0.23
7:7:54,-0.96,-0.10,-0.19
7:7:54,-0.97,-0.01,-0.19
7:7:54,-0.92,0.05,-0.29
7:7:54,-0.97,0.08,-0.29
7:7:54,-1.19,0.19,-0.38
7:7:54,-1.04,-0.07,-0.07
7:7:56,-0.61,0.69,-0.32
7:7:56,-0.60,0.72,-0.29
7:7:56,-0.61,0.78,-0.33
7:7:56,-0.58,0.70,-0.35
7:7:56,-0.64,0.66,-0.28
7:7:56,-0.63,0.69,-0.29
7:7:57,-0.62,0.69,-0.32
7:7:57,-0.63,0.71,-0.31
7:7:57,-0.66,0.69,-0.24
7:7:57,-0.80,0.41,-0.19
7:7:57,-0.99,0.26,-0.51
7:7:57,-0.92,0.33,-0.26
7:7:57,-0.84,0.40,-0.33
7:7:57,-0.83,0.42,-0.33
7:7:57,-0.83,0.43,-0.31
7:7:57,-0.83,0.40,-0.31
7:7:57,-0.81,0.44,-0.34
7:7:58,-0.80,0.48,-0.30
7:7:58,-0.75,0.48,-0.37
7:34:6,-0.93,0.39,-0.31
7:34:6,-1.22,0.79,-0.57
7:34:6,-0.82,0.46,-0.05
7:34:6,-2.00,0.06,-0.41
7:34:6,-0.77,0.52,0.06
7:34:6,-0.81,0.54,-0.11
7:34:6,-0.66,0.70,-0.06
7:34:6,-0.73,0.62,-0.09
7:34:6,-0.68,0.55,0.08
7:34:7,-0.71,0.65,-0.12
7:34:7,-0.67,0.74,-0.13
7:34:7,-0.62,0.71,-0.14
7:34:7,-0.52,0.80,-0.15
7:34:7,-0.53,0.79,-0.16
7:34:7,-0.51,0.79,-0.14
7:34:7,-0.42,0.79,-0.16
7:34:7,-0.45,0.82,-0.19
7:34:7,-0.23,0.90,-0.22
7:34:7,-0.11,0.93,-0.24
7:34:8,-0.13,0.93,-0.26
7:34:8,-0.11,0.94,-0.24
7:34:8,-0.00,1.00,-0.25
7:34:8,-0.08,0.92,-0.25
7:34:8,-0.22,0.80,-0.20
7:34:8,-0.70,0.94,-0.64
7:34:8,-0.26,0.84,-0.40
7:34:8,-0.27,0.83,-0.43
7:34:8,-0.28,0.84,-0.40
7:34:8,-0.27,0.83,-0.40
7:34:9,-0.27,0.83,-0.40
7:34:9,-0.27,0.82,-0.42
7:34:9,-0.28,0.84,-0.42
7:34:9,-0.28,0.84,-0.40
7:34:9,-0.28,0.83,-0.41
7:34:9,-0.28,0.83,-0.41
7:34:9,-0.29,0.84,-0.45
7:34:9,-0.28,0.83,-0.42
7:34:9,-0.28,0.84,-0.41
7:34:9,-0.27,0.84,-0.41
7:34:27,-0.89,-0.04,-0.40
7:34:27,-0.88,0.12,-0.30
7:34:27,-0.88,-0.13,-0.24
7:34:27,-0.92,0.14,-0.33
7:34:27,-0.90,0.25,-0.10
7:34:27,-0.89,0.10,-0.33
7:34:27,-0.77,0.22,-0.40
7:34:28,-0.96,-0.01,-0.37
7:34:28,-0.92,-0.01,-0.35
7:34:28,-0.92,-0.00,-0.37
7:34:28,-0.92,-0.01,-0.35
7:34:28,-0.91,-0.00,-0.34
7:34:28,-0.91,-0.01,-0.36
7:34:28,-0.92,0.00,-0.34
7:34:28,-0.93,0.00,-0.36
7:34:28,-0.91,0.01,-0.35
7:34:28,-0.91,0.01,-0.35
7:34:29,-0.94,-0.05,-0.37
7:34:29,-1.00,0.03,-0.32
7:58:37,-0.62,0.26,-0.65
7:58:37,-0.80,0.28,-0.47
7:58:37,-0.76,0.33,-0.50
7:58:37,-0.75,0.32,-0.49
7:58:37,-0.76,0.31,-0.54
7:58:37,-0.75,0.32,-0.49
7:58:37,-0.73,0.37,-0.52
7:58:37,-0.74,0.36,-0.51
7:58:38,-0.72,0.28,-0.54
7:58:38,-0.73,0.37,-0.50
7:58:38,-0.72,0.49,-0.53
7:58:38,-0.76,0.45,-0.46
7:58:38,-0.73,0.30,-0.47
7:58:38,-0.65,0.45,-0.48
7:58:38,-0.77,0.41,-0.49
7:58:38,-0.70,0.33,-0.46
7:58:38,-0.70,0.35,-0.44
7:58:38,-0.80,0.31,-0.43
7:58:39,-0.78,0.28,-0.44
7:58:55,-0.88,0.29,-0.30
7:58:55,-0.88,0.32,-0.26
7:58:55,-0.78,0.34,-0.26
7:58:55,-0.74,0.37,-0.31
7:58:55,-2.00,-0.93,1.67
7:58:55,-0.76,-0.12,-0.02
7:58:55,-0.91,-0.40,-0.05
7:58:55,-0.95,-0.33,-0.05
7:58:55,-0.91,-0.25,-0.11
7:58:56,-0.98,-0.31,-0.23
7:58:56,-0.91,-0.29,-0.28
7:58:56,-0.88,-0.30,-0.23
7:58:56,-0.93,-0.28,-0.30
7:58:56,-1.09,-0.31,-0.25
7:58:56,-0.88,-0.19,-0.32
7:58:56,-0.92,-0.42,-0.46
7:58:56,-1.27,-0.09,0.22
7:58:56,-0.71,-0.60,-0.06
7:58:56,-0.79,-0.58,-0.10
7:58:57,-0.97,-0.85,0.10
7:58:57,-0.64,-0.48,-0.13
7:58:57,-0.84,-0.58,-0.07
7:58:57,-0.92,-0.49,-0.22
7:58:57,-0.82,-0.66,-0.17
7:58:57,-0.22,-0.35,-0.55
7:58:57,-0.62,-0.66,-0.44
7:58:57,-0.58,-0.72,-0.44
7:58:57,-0.57,-0.71,-0.43
7:58:57,-0.57,-0.71,-0.43
7:58:58,-0.58,-0.71,-0.45
7:58:58,-0.58,-0.71,-0.44
7:58:58,-0.56,-0.71,-0.44
7:58:58,-0.58,-0.71,-0.45
7:58:58,-0.58,-0.71,-0.43
7:58:58,-0.57,-0.71,-0.44
7:58:58,-0.57,-0.71,-0.44
7:58:58,-0.56,-0.71,-0.45
7:58:58,-0.58,-0.71,-0.43
7:58:58,-0.57,-0.71,-0.45
7:58:59,-0.57,-0.71,-0.44
7:58:59,-0.56,-0.71,-0.44
7:58:59,-1.12,-0.44,-0.77
7:58:59,-0.53,-0.55,-0.41
7:58:59,-0.58,-0.66,-0.36
7:58:59,-0.66,-0.68,-0.42
7:58:59,-0.41,-0.80,-0.55
7:59:1,-0.64,-0.62,-0.47
7:59:1,-0.65,-0.59,-0.48
7:59:1,-0.64,-0.61,-0.47
7:59:2,-0.65,-0.61,-0.46
7:59:2,-0.64,-0.60,-0.47
7:59:2,-0.65,-0.59,-0.48
7:59:2,-0.66,-0.62,-0.48
7:59:2,-0.64,-0.61,-0.47
7:59:2,-0.65,-0.62,-0.48
7:59:2,-0.65,-0.60,-0.50
7:59:2,-0.74,-0.64,-0.45
7:59:2,-0.61,-0.40,-0.50
7:59:2,-0.72,-0.58,-0.48
7:59:3,-0.57,-0.26,-0.51
7:59:3,-0.64,-0.49,-0.49
7:59:3,-0.72,-0.63,-0.46
7:59:3,-0.65,-0.53,-0.47
7:59:3,-0.66,-0.57,-0.48
7:59:3,-0.67,-0.59,-0.50
7:59:15,-0.25,-0.85,-0.49
7:59:15,-0.30,-0.84,-0.49
7:59:15,-0.31,-0.86,-0.47
7:59:16,-0.33,-0.84,-0.49
7:59:16,-0.31,-0.85,-0.48
7:59:16,-0.31,-0.85,-0.47
7:59:16,-0.31,-0.85,-0.47
7:59:16,-0.31,-0.84,-0.47
7:59:16,-0.31,-0.85,-0.48
7:59:16,-0.31,-0.85,-0.48
7:59:16,-0.31,-0.85,-0.45
7:59:16,-0.31,-0.85,-0.47
7:59:16,-0.30,-0.86,-0.48
7:59:17,-0.31,-0.84,-0.48
7:59:17,-0.32,-0.85,-0.48
7:59:17,-0.31,-0.85,-0.49
7:59:17,-0.31,-0.84,-0.46
7:59:17,-0.30,-0.85,-0.48
7:59:17,-0.30,-0.84,-0.46
9:8:31,-0.92,-0.30,0.09
9:8:31,-0.95,-0.35,0.12
9:8:31,-0.87,-0.38,0.08
9:8:31,-0.81,-0.55,0.13
9:8:31,-1.02,-0.94,-0.38
9:8:31,-0.83,-0.47,-0.29
9:8:31,-0.81,-0.41,-0.30
9:8:31,-0.77,-0.59,-0.41
9:8:31,-0.77,-0.48,-0.43
9:8:31,-0.74,-0.48,-0.46
9:8:32,-0.69,-0.49,-0.44
9:8:32,-0.73,-0.54,-0.49
9:8:32,-0.71,-0.49,-0.49
9:8:32,-0.71,-0.48,-0.50
9:8:32,-0.69,-0.48,-0.51
9:8:32,-0.72,-0.49,-0.51
9:8:32,-0.74,-0.54,-0.48
9:8:32,-0.71,-0.50,-0.50
9:8:32,-0.72,-0.49,-0.51
9:8:36,-0.29,-0.71,-0.68
9:8:36,-0.28,-0.70,-0.67
9:8:36,-0.30,-0.70,-0.67
9:8:36,-0.29,-0.70,-0.68
9:8:36,-0.30,-0.71,-0.67
9:8:36,-0.28,-0.70,-0.68
9:8:36,-0.29,-0.70,-0.68
9:8:36,-0.27,-0.70,-0.67
9:8:36,-0.29,-0.71,-0.67
9:8:36,-0.28,-0.71,-0.67
9:8:37,-0.22,-0.77,-0.71
9:8:37,-0.37,-0.49,-0.68
9:8:37,-0.29,-0.72,-0.69
9:8:37,-0.19,-0.79,-0.56
9:8:37,-0.22,-0.63,-0.73
9:8:37,-0.24,-0.38,-0.65
9:8:37,-0.24,-0.50,-0.78
9:8:37,-0.38,-0.01,-0.71
9:8:37,-0.19,-0.69,-0.99
9:8:37,-0.11,0.06,-0.83
9:8:38,-0.27,-0.29,-0.67
9:8:38,-0.46,-0.17,-0.95
9:8:38,-0.45,-0.40,-0.75
9:8:38,-0.49,-0.25,-0.78
9:8:38,-0.44,-0.40,-0.98
9:8:38,0.30,-0.28,-0.62
9:8:38,0.22,-0.38,-0.26
9:8:38,-0.69,-1.74,0.27
9:8:38,-0.34,-1.04,-0.00
9:8:38,-0.35,-0.96,-0.01
9:8:39,-0.39,-0.86,0.06
9:8:39,-0.50,-0.85,0.05
9:8:39,-0.54,-0.87,0.06
9:8:39,-0.56,-0.87,0.02
9:8:39,-0.47,-0.84,-0.06
9:8:39,-0.50,-0.88,-0.13
9:8:39,-0.45,-0.90,-0.20
9:8:39,-0.36,-0.93,-0.33
9:8:39,-0.34,-0.88,-0.27
9:8:39,-0.28,-0.89,-0.41
9:8:40,-0.27,-0.88,-0.43
9:8:40,-0.15,-0.85,-0.51
9:8:40,0.25,-0.71,-0.72
9:8:40,0.45,-0.58,-0.81
9:8:40,0.32,-0.60,-0.75
9:8:40,0.37,-0.56,-0.78
9:8:40,0.36,-0.54,-0.76
9:8:40,0.34,-0.60,-0.73
9:8:40,0.20,-0.38,-0.64
9:8:40,0.27,-0.61,-0.87
9:8:41,0.23,-0.66,-0.71
9:8:41,0.62,-0.61,-0.70
9:8:41,0.38,-0.03,-0.89
9:8:41,0.52,-0.28,-0.91
9:8:41,0.32,-0.11,-0.79
9:8:41,0.37,-0.26,-0.95
9:8:41,0.45,-0.24,-0.85
9:8:41,0.33,-0.35,-0.84
9:8:41,0.56,-0.17,-0.78
9:8:41,-0.08,-0.06,-1.11
9:8:42,0.06,-0.02,-1.01
9:8:42,0.12,-0.08,-0.90
9:8:42,0.03,0.03,-1.03
9:8:42,0.04,-0.10,-0.94
9:8:42,0.14,0.04,-1.00
9:8:42,0.07,0.04,-0.98
9:8:42,0.04,0.01,-0.95
9:8:42,0.05,0.07,-0.98
9:8:42,0.06,0.05,-0.99
9:8:42,0.06,0.08,-0.98
9:8:43,0.07,0.09,-0.98
9:8:43,0.06,0.03,-0.96
9:8:43,0.10,0.17,-1.01
9:8:43,0.06,0.12,-0.99
9:8:43,0.06,0.12,-0.98
9:8:43,0.06,0.12,-0.99
9:8:43,0.07,0.13,-0.99
9:8:43,0.06,0.12,-0.98
9:8:43,0.07,0.13,-0.99
9:8:43,0.07,0.13,-0.99
9:8:47,0.21,0.68,-0.65
9:8:47,0.23,0.68,-0.69
9:8:47,0.15,0.73,-0.66
9:8:47,0.15,0.71,-0.67
9:8:47,0.20,0.68,-0.64
9:8:47,0.21,0.70,-0.67
9:8:47,0.21,0.69,-0.67
9:8:47,0.24,0.69,-0.68
9:8:47,0.22,0.69,-0.65
9:8:48,0.23,0.68,-0.66
9:8:48,0.19,0.68,-0.67
9:8:48,0.21,0.67,-0.71
9:8:48,0.19,0.70,-0.68
9:8:48,0.21,0.70,-0.65
9:8:48,0.24,0.67,-0.70
9:8:48,-0.02,0.75,-0.64
9:8:48,0.07,0.72,-0.58
9:8:48,0.25,0.64,-0.64
9:8:48,0.06,0.74,-0.85
9:8:52,-0.22,0.69,-0.66
9:8:52,-0.28,0.64,-0.60
9:8:52,-0.21,0.70,-0.66
9:8:52,-0.22,0.69,-0.62
9:8:52,-0.22,0.69,-0.64
9:8:52,-0.21,0.68,-0.64
9:8:53,-0.21,0.69,-0.61
9:8:53,-0.25,0.74,-0.59
9:8:53,-0.21,0.70,-0.62
9:8:53,-0.20,0.72,-0.65
9:8:53,-0.23,0.72,-0.62
9:8:53,-0.27,0.72,-0.63
9:8:53,-0.17,0.64,-0.61
9:8:53,-0.17,0.66,-0.64
9:8:53,-0.18,0.69,-0.65
9:8:53,-0.16,0.68,-0.66
9:8:54,-0.23,0.71,-0.62
9:8:54,-0.22,0.73,-0.62
9:8:54,-0.20,0.70,-0.63
10:8:44,-0.67,0.45,-0.55
10:8:44,-0.66,0.46,-0.54
10:8:44,-0.66,0.45,-0.56
10:8:44,-0.62,0.50,-0.58
10:8:44,-0.71,0.27,-0.57
10:8:44,-0.60,0.75,-0.33
10:8:44,-0.71,0.40,-0.52
10:8:44,-0.73,0.23,-0.55
10:8:44,-0.63,-0.03,-0.49
10:8:45,-0.90,-0.18,-0.63
10:8:45,-0.85,0.25,-0.68
10:8:45,-0.83,0.28,-0.85
10:8:45,-0.67,-0.30,-0.51
10:8:45,-0.67,-0.22,-0.66
10:8:45,-0.68,-0.44,-0.51
10:8:45,-0.75,-0.20,-0.65
10:8:45,-0.59,-0.36,-0.50
10:8:45,-0.57,-0.26,-0.82
10:8:45,-0.59,-0.25,-0.76
10:8:46,-0.61,-0.19,-0.74
10:8:46,-0.61,-0.14,-0.73
10:8:46,-0.65,-0.03,-0.76
10:8:46,-0.67,-0.03,-0.76
10:8:46,-0.66,0.02,-0.73
10:8:46,-0.65,0.05,-0.72
10:8:46,-0.65,0.10,-0.74
10:8:46,-0.66,0.14,-0.72
10:8:46,-0.64,0.07,-0.72
10:8:46,-0.60,0.19,-0.71
10:8:47,-0.65,0.29,-0.69
10:8:47,-0.61,0.29,-0.69
10:8:47,-0.60,0.37,-0.65
10:8:48,-0.49,0.75,-0.35
10:8:48,-0.50,0.75,-0.36
10:8:48,-0.49,0.75,-0.35
10:8:49,-0.49,0.74,-0.35
10:8:49,-0.49,0.76,-0.35
10:8:49,-0.49,0.75,-0.35
10:8:49,-0.49,0.75,-0.34
10:8:49,-0.48,0.75,-0.35
10:8:49,-0.50,0.75,-0.35
10:8:49,-0.49,0.76,-0.35
10:8:49,-0.49,0.76,-0.36
10:8:49,-0.48,0.75,-0.35
10:8:49,-0.50,0.75,-0.34
10:8:50,-0.49,0.75,-0.36
10:8:50,-0.49,0.75,-0.35
10:8:50,-0.49,0.75,-0.35
10:8:50,-0.49,0.76,-0.35
10:8:50,-0.49,0.76,-0.34
10:8:50,-0.49,0.75,-0.34
10:9:0,-0.38,0.96,-0.38
10:9:0,-0.33,0.82,-0.36
10:9:0,-0.35,0.82,-0.37
10:9:0,-0.27,0.76,-0.37
10:9:0,-0.04,0.88,-0.51
10:9:0,-0.35,0.76,-0.40
10:9:0,-0.12,0.89,-0.51
10:9:0,-0.05,0.80,-0.44
10:9:0,-0.18,0.88,-0.42
10:9:0,-0.43,0.78,-0.59
10:9:1,-0.48,0.87,-0.33
10:9:1,-0.52,0.74,-0.35
10:9:1,-0.53,0.72,-0.33
10:9:1,-0.53,0.73,-0.34
10:9:1,-0.54,0.74,-0.36
10:9:1,-0.57,0.69,-0.36
10:9:1,-0.40,0.70,-0.40
10:9:1,-0.52,0.68,-0.41
10:9:1,-0.49,0.73,-0.36
11:59:0,-0.88,0.26,-0.25
11:59:1,-0.87,0.30,-0.30
11:59:1,-0.83,0.34,-0.39
11:59:1,-0.80,0.37,-0.43
11:59:1,-0.77,0.36,-0.46
11:59:1,-0.76,0.39,-0.47
11:59:1,-0.66,0.34,-0.54
11:59:1,-0.29,0.43,-0.86
11:59:1,-0.16,0.23,-0.86
11:59:1,-0.24,0.23,-0.97
11:59:1,-0.31,0.27,-0.88
11:59:2,-0.32,0.38,-0.82
11:59:2,-0.20,0.51,-1.04
11:59:2,-0.69,0.46,-0.38
11:59:2,-0.80,0.52,-0.50
11:59:2,-0.71,0.38,-0.11
11:59:2,-0.81,0.23,-0.00
11:59:2,-0.84,0.09,0.06
11:59:2,-0.05,0.49,0.10
11:59:2,-0.80,0.49,0.25
11:59:2,-0.79,0.50,0.26
11:59:3,-0.80,0.49,0.25
11:59:3,-0.79,0.48,0.25
11:59:3,-0.80,0.48,0.27
11:59:3,-0.80,0.48,0.26
11:59:3,-0.80,0.48,0.26
11:59:3,-0.79,0.49,0.27
11:59:3,-0.81,0.48,0.25
11:59:3,-0.79,0.48,0.27
11:59:3,-0.80,0.48,0.27
11:59:3,-0.81,0.47,0.25
11:59:4,-0.80,0.49,0.27
11:59:4,-0.80,0.49,0.27
11:59:4,-0.80,0.48,0.27
11:59:4,-0.80,0.47,0.26
11:59:4,-0.80,0.47,0.28
11:59:10,-0.19,0.56,-0.62
11:59:10,0.10,0.76,-0.74
11:59:10,0.11,0.68,-0.67
11:59:10,-0.37,0.27,-1.45
11:59:10,0.24,0.62,-0.74
11:59:10,-0.02,0.58,-0.72
11:59:11,0.17,0.60,-0.78
11:59:11,0.22,0.58,-0.82
11:59:11,0.18,0.65,-0.75
11:59:11,0.19,0.69,-0.71
11:59:11,0.17,0.66,-0.71
11:59:11,0.18,0.65,-0.71
11:59:11,0.18,0.65,-0.72
11:59:11,0.18,0.64,-0.71
11:59:11,0.18,0.65,-0.71
11:59:11,0.17,0.65,-0.72
11:59:12,0.17,0.65,-0.70
11:59:12,0.17,0.66,-0.69
11:59:12,0.18,0.65,-0.70
11:59:12,0.17,0.66,-0.71
11:59:12,0.17,0.67,-0.71
11:59:12,0.18,0.66,-0.69
11:59:12,0.17,0.66,-0.70
11:59:12,0.17,0.66,-0.72
11:59:12,0.17,0.65,-0.71
11:59:12,0.17,0.67,-0.70
11:59:18,0.62,0.59,-0.50
11:59:18,0.64,0.59,-0.48
11:59:19,0.63,0.57,-0.49
11:59:19,0.64,0.58,-0.48
11:59:19,0.65,0.59,-0.48
11:59:19,0.64,0.60,-0.47
11:59:19,0.65,0.59,-0.48
11:59:19,0.65,0.58,-0.49
11:59:19,0.65,0.59,-0.46
11:59:19,0.64,0.59,-0.47
11:59:19,0.64,0.58,-0.47
11:59:19,0.66,0.59,-0.47
11:59:20,0.65,0.58,-0.46
11:59:20,0.64,0.58,-0.47
11:59:20,0.65,0.59,-0.47
11:59:20,0.66,0.59,-0.46
11:59:20,0.65,0.58,-0.46
11:59:20,0.65,0.59,-0.47
11:59:20,0.65,0.59,-0.47
11:59:26,0.76,0.58,-0.23
11:59:26,0.77,0.58,-0.23
11:59:26,0.77,0.58,-0.23
11:59:27,0.76,0.60,-0.25
11:59:27,0.76,0.60,-0.25
11:59:27,0.76,0.60,-0.24
11:59:27,0.76,0.60,-0.24
11:59:27,0.76,0.59,-0.25
11:59:27,0.76,0.61,-0.23
11:59:27,0.76,0.61,-0.22
11:59:27,0.75,0.60,-0.23
11:59:27,0.76,0.62,-0.24
11:59:27,0.73,0.62,-0.21
11:59:28,0.74,0.64,-0.24
11:59:28,0.77,0.59,-0.18
11:59:28,0.81,0.62,-0.16
11:59:28,0.69,0.51,-0.03
11:59:28,0.49,0.79,-0.26
11:59:28,0.50,0.80,-0.17
11:59:30,0.57,0.97,-0.02
11:59:30,0.58,0.80,-0.14
11:59:30,0.57,0.78,-0.17
11:59:30,0.61,0.81,-0.13
11:59:30,0.50,0.85,-0.49
11:59:30,0.63,0.75,-0.15
11:59:31,0.56,0.81,-0.08
11:59:31,0.61,0.83,-0.05
11:59:31,0.57,0.79,-0.08
11:59:31,0.61,0.99,-0.34
11:59:31,0.59,0.79,-0.11
11:59:31,0.60,0.80,-0.14
11:59:31,0.57,0.83,-0.06
11:59:31,0.53,0.70,-0.25
11:59:31,0.51,0.74,-0.18
11:59:31,0.55,0.81,-0.16
11:59:32,0.47,0.82,-0.16
11:59:32,0.50,0.83,-0.16
11:59:32,0.50,0.83,-0.17
11:59:32,0.50,0.84,-0.15
11:59:32,0.51,0.83,-0.17
11:59:32,0.49,0.84,-0.16
11:59:32,0.49,0.83,-0.16
11:59:32,0.50,0.83,-0.15
11:59:32,0.49,0.83,-0.15
12:19:2,-0.85,0.42,-0.21
12:19:2,-0.84,0.41,-0.23
12:19:2,-0.84,0.42,-0.23
12:19:2,-0.85,0.42,-0.21
12:19:2,-0.84,0.42,-0.22
12:19:3,-0.84,0.42,-0.21
12:19:3,-0.83,0.41,-0.22
12:19:3,-0.84,0.41,-0.23
12:19:3,-0.84,0.41,-0.23
12:19:3,-0.84,0.42,-0.23
12:19:3,-0.84,0.41,-0.21
12:19:3,-0.84,0.42,-0.21
12:19:3,-0.83,0.41,-0.21
12:19:3,-0.85,0.42,-0.17
12:19:3,-0.85,0.42,-0.16
12:19:4,-0.85,0.41,-0.16
12:19:4,-0.85,0.42,-0.16
12:19:4,-0.86,0.42,-0.17
12:19:4,-0.85,0.42,-0.19
12:19:8,-0.97,0.11,-0.06
12:19:8,-0.96,0.08,-0.05
12:19:8,-0.97,0.09,-0.05
12:19:8,-0.98,0.09,-0.05
12:19:8,-0.97,0.09,-0.05
12:19:9,-0.97,0.08,-0.05
12:19:9,-0.97,0.10,-0.04
12:19:9,-0.97,0.09,-0.07
12:19:9,-0.97,0.08,-0.05
12:19:9,-0.97,0.09,-0.05
12:19:9,-0.97,0.10,-0.05
12:19:9,-0.96,0.08,-0.06
12:19:9,-0.97,0.08,-0.05
12:19:9,-0.98,0.08,-0.06
12:19:9,-0.98,0.08,-0.06
12:19:10,-0.97,0.07,-0.05
12:19:10,-0.97,0.07,-0.06
12:19:10,-0.97,0.08,-0.05
12:19:10,-0.97,0.08,-0.05
12:19:27,-0.05,0.68,-0.42
12:19:27,-0.17,0.84,-0.41
12:19:28,-0.15,0.87,-0.37
12:19:28,-0.15,0.87,-0.36
12:19:28,-0.15,0.88,-0.36
12:19:28,-0.14,0.88,-0.37
12:19:28,-0.15,0.87,-0.37
12:19:28,-0.15,0.88,-0.36
12:19:28,-0.15,0.88,-0.35
12:19:28,-0.15,0.88,-0.37
12:19:28,-0.16,0.88,-0.37
12:19:28,-0.15,0.88,-0.37
12:19:29,-0.15,0.87,-0.36
12:19:29,-0.15,0.88,-0.36
12:19:29,-0.14,0.88,-0.37
12:19:29,-0.15,0.88,-0.38
12:19:29,-0.14,0.88,-0.37
12:19:29,-0.15,0.88,-0.37
12:19:29,-0.16,0.90,-0.37
12:19:36,-0.30,0.81,-0.48
12:19:36,-0.22,0.98,-0.53
12:19:36,-0.05,0.83,-0.48
12:19:36,-0.29,0.83,-0.49
12:19:36,-0.27,0.71,-0.39
12:19:36,-0.30,0.80,-0.45
12:19:36,-0.32,0.82,-0.45
12:19:37,-0.31,0.80,-0.39
12:19:37,-0.32,0.80,-0.40
12:19:37,-0.24,0.80,-0.41
12:19:37,-0.30,0.74,-0.48
12:19:37,-0.34,0.81,-0.45
12:19:37,-0.13,0.70,-0.30
12:19:37,-0.41,1.00,-0.24
12:19:37,-0.44,0.94,-0.39
12:19:37,-0.34,0.83,-0.34
12:19:37,-0.35,0.82,-0.33
12:19:38,-0.34,0.84,-0.32
12:19:38,-0.32,0.86,-0.33
12:28:22,-0.56,0.78,-0.11
12:28:22,-0.56,0.77,-0.11
12:28:22,-0.57,0.78,-0.09
12:28:23,-0.56,0.78,-0.11
12:28:23,-0.56,0.77,-0.10
12:28:23,-0.56,0.77,-0.09
12:28:23,-0.56,0.77,-0.12
12:28:23,-0.56,0.77,-0.10
12:28:23,-0.56,0.77,-0.10
12:28:23,-0.57,0.77,-0.09
12:28:23,-0.56,0.78,-0.11
12:28:23,-0.56,0.77,-0.11
12:28:23,-0.55,0.77,-0.11
12:28:24,-0.56,0.78,-0.11
12:28:24,-0.56,0.76,-0.11
12:28:24,-0.57,0.77,-0.10
12:28:24,-0.56,0.78,-0.10
12:28:24,-0.56,0.78,-0.11
12:28:24,-0.54,0.77,-0.10
12:28:33,-0.82,0.32,-0.31
12:28:33,-1.00,0.38,-0.15
12:28:33,-0.80,0.31,-0.32
12:28:33,-0.81,0.28,-0.32
12:28:33,-0.87,0.37,-0.25
12:28:33,-0.88,0.33,-0.24
12:28:33,-0.92,0.36,-0.27
12:28:33,-0.84,0.34,-0.23
12:28:33,-0.88,0.35,-0.25
12:28:33,-0.87,0.34,-0.22
12:28:34,-0.88,0.33,-0.42
12:28:34,-0.89,0.38,-0.23
12:28:34,-0.90,0.28,-0.15
12:28:34,-1.14,0.36,0.15
12:28:34,-0.94,0.37,-0.27
12:28:34,-0.88,0.24,-0.17
12:28:34,-0.88,0.11,-0.13
12:28:34,-0.94,0.46,-0.11
12:28:34,-0.92,0.19,-0.25
13:7:48,-0.67,-0.02,-0.74
13:7:48,-0.69,-0.00,-0.67
13:7:48,-0.69,-0.01,-0.68
13:7:48,-0.67,0.00,-0.71
13:7:48,-0.64,-0.04,-0.73
13:7:48,-0.69,-0.02,-0.69
13:7:48,-0.69,-0.02,-0.68
13:7:48,-0.69,-0.02,-0.70
13:7:48,-0.69,-0.01,-0.69
13:7:48,-0.69,-0.01,-0.67
13:7:49,-0.70,-0.02,-0.68
13:7:49,-0.69,-0.03,-0.70
13:7:49,-0.69,-0.02,-0.70
13:7:49,-0.69,-0.02,-0.70
13:7:49,-0.69,-0.02,-0.69
13:7:49,-0.69,-0.02,-0.69
13:7:49,-0.69,-0.02,-0.69
13:7:49,-0.69,-0.02,-0.70
13:7:49,-0.69,-0.02,-0.68
13:28:50,-1.27,-0.44,0.45
13:28:50,-0.94,-0.29,0.17
13:28:50,-0.99,-0.21,0.06
13:28:50,-1.00,-0.23,0.16
13:28:50,-0.90,-0.22,0.12
13:28:50,-0.93,-0.17,0.12
13:28:50,-0.94,-0.91,-0.21
13:28:50,-0.94,-0.14,0.14
13:28:51,-0.72,-0.31,0.25
13:28:51,-0.70,-0.83,0.38
13:28:51,-0.80,-0.37,0.38
13:28:51,-0.89,-0.26,0.43
13:28:51,-0.89,-0.31,0.36
13:28:51,-0.87,-0.32,0.34
13:28:51,-0.88,-0.33,0.35
13:28:51,-1.07,-0.71,0.23
13:28:51,-0.92,-0.05,0.18
13:28:51,-0.99,-0.30,0.19
13:28:52,-0.94,-0.24,0.16
13:55:29,-0.02,-0.68,-0.46
13:55:29,0.10,-0.88,-0.49
13:55:29,0.08,-0.82,-0.36
13:55:29,0.05,-0.88,-0.58
13:55:29,0.11,-0.90,-0.70
13:55:29,0.11,-0.87,-0.53
13:55:29,0.16,-0.82,-0.52
13:55:30,0.07,-0.84,-0.50
13:55:30,0.13,-0.87,-0.55
13:55:30,0.13,-0.86,-0.55
13:55:30,0.13,-0.86,-0.58
13:55:30,0.16,-0.86,-0.54
13:55:30,0.16,-0.84,-0.57
13:55:30,0.15,-0.85,-0.56
13:55:30,0.16,-0.84,-0.56
13:55:30,0.17,-0.82,-0.56
13:55:30,0.19,-0.84,-0.57
13:55:31,0.23,-0.79,-0.50
13:55:31,0.25,-0.82,-0.58
13:55:36,-0.09,-0.92,-0.23
13:55:36,-0.10,-0.80,-0.18
13:55:36,-0.03,-1.03,-0.18
13:55:36,0.08,-1.01,-0.27
13:55:37,-0.07,-1.04,-0.09
13:55:37,-0.03,-1.01,-0.19
13:55:37,-0.01,-1.08,-0.14
13:55:37,0.01,-1.04,-0.12
13:55:37,-0.02,-0.84,-0.12
13:55:37,-0.07,-0.96,-0.28
13:55:37,-0.09,-1.04,-0.23
13:55:37,-0.12,-1.00,-0.13
13:55:37,-0.10,-1.02,-0.18
13:55:37,-0.10,-1.00,-0.26
13:55:38,-0.12,-1.18,-0.19
13:55:38,-0.21,-0.99,-0.22
13:55:38,-0.21,-1.02,-0.26
13:55:38,-0.28,-0.98,-0.08
13:55:38,-0.29,-0.92,-0.19
14:27:25,-0.97,0.06,0.12
14:27:25,-0.97,0.08,0.13
14:27:25,-0.98,0.08,0.13
14:27:25,-0.96,0.09,0.13
14:27:25,-0.96,0.09,0.12
14:27:25,-0.96,0.10,0.14
14:27:26,-0.96,0.09,0.11
14:27:26,-0.97,0.09,0.13
14:27:26,-0.96,0.10,0.13
14:27:26,-0.97,0.10,0.13
14:27:26,-0.96,0.09,0.13
14:27:26,-0.96,0.10,0.12
14:27:26,-0.97,0.11,0.13
14:27:26,-0.97,0.12,0.12
14:27:26,-0.95,0.12,0.13
14:27:26,-0.97,0.13,0.13
14:27:27,-0.96,0.13,0.15
14:27:27,-0.95,0.13,0.12
14:27:27,-0.96,0.12,0.12
14:27:40,-0.80,0.55,0.13
14:27:40,-0.76,0.54,0.13
14:27:40,-0.79,0.53,0.14
14:27:40,-0.76,0.56,0.16
14:27:40,-0.76,0.54,0.17
14:27:40,-0.77,0.53,0.18
14:27:40,-0.90,0.50,0.32
14:27:40,-0.83,0.44,0.23
14:27:40,-0.81,0.47,0.19
14:27:40,-0.85,0.42,0.21
14:27:41,-0.87,0.34,0.23
14:27:41,-0.87,0.34,0.26
14:27:41,-0.88,0.39,0.29
14:27:41,-0.87,0.36,0.34
14:27:41,-0.83,0.39,0.24
14:27:41,-0.83,0.34,0.22
14:27:41,-0.85,0.39,0.26
14:27:41,-0.86,0.38,0.27
14:27:41,-0.88,0.34,0.29
14:35:9,-0.95,0.55,-0.21
14:35:9,-0.79,0.53,-0.16
14:35:9,-0.78,0.54,-0.16
14:35:9,-0.77,0.57,-0.15
14:35:9,-0.81,0.54,-0.19
14:35:9,-0.80,0.47,-0.16
14:35:9,-0.80,0.49,-0.18
14:35:9,-0.83,0.47,-0.17
14:35:10,-0.85,0.43,-0.19
14:35:10,-0.81,0.51,-0.21
14:35:10,-0.81,0.46,-0.25
14:35:10,-0.86,0.40,-0.21
14:35:10,-0.82,0.45,-0.20
14:35:10,-0.82,0.43,-0.21
14:35:10,-0.82,0.41,-0.23
14:35:10,-0.84,0.51,-0.25
14:35:10,-0.80,0.45,-0.20
14:35:10,-0.82,0.45,-0.24
14:35:11,-0.66,0.47,-0.16
14:35:16,-0.90,-0.20,-0.34
14:35:16,-0.92,-0.21,-0.32
14:35:16,-0.93,-0.18,-0.33
14:35:16,-0.91,-0.20,-0.32
14:35:16,-0.90,-0.21,-0.33
14:35:16,-0.89,-0.21,-0.34
14:35:17,-0.90,-0.23,-0.35
14:35:17,-0.89,-0.23,-0.34
14:35:17,-0.90,-0.21,-0.35
14:35:17,-0.91,-0.22,-0.34
14:35:17,-0.90,-0.24,-0.33
14:35:17,-0.88,-0.25,-0.35
14:35:17,-0.88,-0.29,-0.34
14:35:17,-0.88,-0.29,-0.34
14:35:17,-0.88,-0.28,-0.35
14:35:17,-0.89,-0.25,-0.35
14:35:18,-0.88,-0.27,-0.36
14:35:18,-0.89,-0.28,-0.35
14:35:18,-0.89,-0.27,-0.35
14:35:24,0.59,0.37,0.59
14:35:24,0.66,0.42,0.62
14:35:24,0.65,0.39,0.64
14:35:24,0.55,0.45,0.73
14:35:24,0.53,0.29,0.76
14:35:24,0.29,0.00,0.97
14:35:24,0.50,-0.19,0.61
14:35:25,0.61,-0.36,0.52
14:35:25,0.52,-0.12,0.23
14:35:25,0.96,-0.33,0.32
14:35:25,0.96,-0.06,0.15
14:35:25,0.99,-0.11,0.21
14:35:25,0.93,-0.22,0.22
14:35:25,0.80,-0.32,0.15
14:35:25,1.31,-0.16,0.13
14:35:25,1.00,-0.28,0.04
14:35:25,1.06,-0.22,0.09
14:35:26,0.91,-0.83,0.14
14:35:26,0.95,0.17,0.05
14:35:26,0.87,-0.47,0.08
14:35:26,1.66,-0.43,0.35
14:35:26,0.84,-0.08,-0.10
14:35:26,-2.00,2.00,2.00
14:35:26,0.95,-0.11,-0.07
14:35:26,1.04,-0.15,0.23
14:35:26,1.61,0.13,-0.10
14:35:26,0.85,0.06,0.02
14:35:27,0.96,-0.02,0.00
14:35:27,1.06,-0.12,0.16
14:35:27,1.09,-0.00,0.04
14:35:27,1.03,-0.05,0.25
14:35:27,0.98,-0.12,0.22
14:35:27,0.99,-0.10,0.26
14:35:27,0.97,-0.11,0.24
14:35:27,1.03,-0.12,0.31
14:35:27,1.00,-0.15,0.16
14:35:27,0.99,-0.13,0.21
14:35:28,1.00,-0.12,0.21
14:35:28,0.99,-0.13,0.21
15:4:42,1.02,-0.11,-0.12
15:4:42,1.01,-0.12,-0.13
15:4:42,1.01,-0.09,-0.13
15:4:42,1.01,-0.12,-0.14
15:4:42,1.01,-0.10,-0.13
15:4:42,1.01,-0.11,-0.13
15:4:43,1.01,-0.10,-0.13
15:4:43,1.00,-0.11,-0.12
15:4:43,1.02,-0.13,-0.15
15:4:43,1.01,-0.11,-0.12
15:4:43,1.01,-0.12,-0.12
15:4:43,1.00,-0.11,-0.12
15:4:43,1.01,-0.11,-0.11
15:4:43,1.01,-0.11,-0.12
15:4:43,1.02,-0.12,-0.13
15:4:43,1.00,-0.12,-0.12
15:4:44,1.01,-0.14,-0.11
15:4:44,1.03,-0.12,-0.11
15:4:44,1.04,0.07,-0.12
15:5:6,0.98,-0.01,-0.27
15:5:6,1.00,-0.04,-0.25
15:5:6,1.02,-0.12,-0.21
15:5:7,1.00,-0.09,-0.22
15:5:7,1.00,-0.10,-0.23
15:5:7,0.98,-0.06,-0.27
15:5:7,0.98,-0.07,-0.26
15:5:7,0.99,-0.07,-0.23
15:5:7,0.98,-0.06,-0.25
15:5:7,0.99,-0.07,-0.24
15:5:7,1.00,-0.07,-0.25
15:5:7,0.99,-0.08,-0.24
15:5:7,1.00,-0.09,-0.25
15:5:8,1.00,-0.08,-0.23
15:5:8,0.99,-0.08,-0.25
15:5:8,0.99,-0.08,-0.25
15:5:8,0.99,-0.09,-0.23
15:5:8,0.99,-0.09,-0.24
15:5:8,1.00,-0.06,-0.24
15:16:56,0.78,-0.50,-0.47
15:16:56,0.80,-0.47,-0.51
15:16:57,0.76,-0.48,-0.48
15:16:57,0.80,-0.49,-0.45
15:16:57,0.78,-0.48,-0.46
15:16:57,0.80,-0.50,-0.44
15:16:57,0.78,-0.46,-0.47
15:16:57,0.80,-0.51,-0.44
15:16:57,0.80,-0.50,-0.45
15:16:57,0.80,-0.48,-0.49
15:16:57,0.79,-0.49,-0.46
15:16:57,0.78,-0.48,-0.46
15:16:58,0.79,-0.51,-0.47
15:16:58,0.77,-0.51,-0.44
15:16:58,0.78,-0.51,-0.46
15:16:58,0.76,-0.51,-0.46
15:16:58,0.76,-0.52,-0.47
15:16:58,0.77,-0.52,-0.48
15:16:58,0.77,-0.51,-0.47
15:17:8,0.75,0.25,-0.62
15:17:8,0.75,0.25,-0.61
15:17:8,0.75,0.25,-0.62
15:17:8,0.75,0.27,-0.63
15:17:8,0.75,0.26,-0.62
15:17:8,0.75,0.25,-0.60
15:17:8,0.75,0.25,-0.63
15:17:8,0.75,0.26,-0.61
15:17:8,0.75,0.26,-0.61
15:17:9,0.74,0.25,-0.62
15:17:9,0.75,0.27,-0.63
15:17:9,0.75,0.26,-0.63
15:17:9,0.75,0.25,-0.61
15:17:9,0.75,0.28,-0.61
15:17:9,0.75,0.27,-0.61
15:17:9,0.75,0.26,-0.61
15:17:9,0.76,0.27,-0.61
15:17:9,0.75,0.27,-0.61
15:17:9,0.75,0.28,-0.61
15:31:17,0.89,0.37,0.07
15:31:17,0.92,0.40,0.10
15:31:17,0.92,0.41,0.07
15:31:17,0.93,0.41,0.07
15:31:18,0.91,0.42,0.10
15:31:18,0.93,0.41,0.09
15:31:18,0.91,0.42,0.09
15:31:18,0.92,0.40,0.10
15:31:18,0.92,0.41,0.09
15:31:18,0.91,0.41,0.07
15:31:18,0.92,0.40,0.10
15:31:18,0.91,0.41,0.09
15:31:18,0.92,0.42,0.10
15:31:18,0.89,0.39,0.07
15:31:19,0.88,0.38,0.09
15:31:19,0.91,0.41,0.09
15:31:19,0.92,0.41,0.08
15:31:19,0.91,0.41,0.08
15:31:19,0.93,0.41,0.08
15:31:25,0.86,0.49,-0.08
15:31:25,0.87,0.48,-0.09
15:31:25,0.86,0.48,-0.09
15:31:25,0.87,0.49,-0.09
15:31:25,0.84,0.50,-0.08
15:31:26,0.87,0.50,-0.09
15:31:26,0.86,0.50,-0.09
15:31:26,0.88,0.49,-0.09
15:31:26,0.87,0.50,-0.10
15:31:26,0.86,0.50,-0.09
15:31:26,0.86,0.49,-0.11
15:31:26,0.87,0.49,-0.10
15:31:26,0.87,0.50,-0.10
15:31:26,0.87,0.50,-0.09
15:31:26,0.86,0.49,-0.10
15:31:27,0.87,0.50,-0.09
15:31:27,0.87,0.49,-0.09
15:31:27,0.88,0.50,-0.09
15:31:27,0.86,0.48,-0.12
15:42:7,0.68,0.57,0.55
15:42:7,0.65,0.63,0.37
15:42:7,0.39,0.81,0.29
15:42:7,0.64,0.66,0.40
15:42:7,0.67,0.74,0.44
15:42:7,0.64,0.68,0.45
15:42:7,0.68,0.65,0.42
15:42:7,0.70,0.66,0.39
15:42:8,0.55,0.58,0.34
15:42:8,0.63,0.66,0.43
15:42:8,0.57,0.71,0.41
15:42:8,0.61,0.70,0.39
15:42:8,0.64,0.66,0.29
15:42:8,0.45,0.74,0.51
15:42:8,0.43,0.79,0.44
15:42:8,0.45,0.76,0.45
15:42:8,0.45,0.79,0.40
15:42:8,0.05,0.86,0.52
15:42:9,0.38,0.79,0.43
15:42:18,0.49,0.93,0.25
15:42:18,0.46,0.87,0.14
15:42:18,0.63,0.83,0.20
15:42:18,0.47,0.81,0.09
15:42:18,0.39,1.04,0.22
15:42:19,0.17,0.90,0.21
15:42:19,0.44,0.86,0.10
15:42:19,0.26,0.90,0.38
15:42:19,0.44,0.85,0.33
15:42:19,0.52,0.88,0.13
15:42:19,0.36,0.87,0.21
15:42:19,0.52,0.78,0.25
15:42:19,0.39,0.97,0.19
15:42:19,0.44,0.90,0.25
15:42:19,0.43,0.88,0.33
15:42:20,0.42,0.88,0.24
15:42:20,0.44,0.81,0.29
15:42:20,0.42,0.89,0.20
15:42:20,0.16,0.69,0.16
15:42:22,0.06,0.80,-0.56
15:42:22,0.07,0.79,-0.56
15:42:22,0.07,0.80,-0.56
15:42:22,0.06,0.79,-0.56
15:42:23,0.06,0.80,-0.56
15:42:23,0.07,0.79,-0.56
15:42:23,0.05,0.79,-0.56
15:42:23,0.06,0.79,-0.57
15:42:23,0.07,0.79,-0.56
15:42:23,0.07,0.80,-0.56
15:42:23,0.06,0.79,-0.56
15:42:23,0.06,0.80,-0.58
15:42:23,0.06,0.79,-0.54
15:42:23,0.06,0.78,-0.55
15:42:24,0.06,0.80,-0.57
15:42:24,0.06,0.80,-0.55
15:42:24,0.06,0.79,-0.56
15:42:24,0.06,0.80,-0.56
15:42:24,0.06,0.80,-0.57
15:42:33,-0.28,0.68,-0.62
15:42:33,-0.14,0.76,-0.60
15:42:33,-0.15,0.77,-0.59
15:42:33,-0.15,0.76,-0.59
15:42:33,-0.10,0.78,-0.57
15:42:34,-0.09,0.78,-0.57
15:42:34,-0.04,0.82,-0.52
15:42:34,-0.06,0.79,-0.54
15:42:34,-0.05,0.82,-0.55
15:42:34,0.02,0.82,-0.52
15:42:34,-0.02,0.82,-0.51
15:42:34,-0.06,0.81,-0.53
15:42:34,0.01,0.82,-0.54
15:42:34,0.01,0.81,-0.53
15:42:34,-0.07,0.79,-0.54
15:42:35,-0.04,0.75,-0.58
15:42:35,0.00,0.78,-0.57
15:42:35,0.56,0.84,-0.63
15:42:35,0.55,0.90,-0.46
15:42:35,-0.21,0.92,-0.71
15:42:35,0.10,0.63,-0.75
15:42:35,0.50,0.63,-0.70
15:42:35,0.38,0.68,-0.60
15:42:35,0.33,0.71,-0.60
15:42:35,0.37,0.69,-0.60
15:42:36,0.34,0.69,-0.61
15:42:36,0.35,0.71,-0.59
15:42:36,0.36,0.70,-0.58
15:42:36,0.36,0.70,-0.60
15:42:36,0.37,0.70,-0.59
15:42:36,0.34,0.73,-0.59
15:42:36,0.37,0.70,-0.56
15:42:36,0.30,0.75,-0.55
15:42:36,0.15,0.79,-0.55
15:42:36,0.03,0.81,-0.56
15:42:37,-0.20,0.73,-0.73
15:42:37,0.06,0.79,-0.54
15:42:37,-0.04,0.81,-0.53
15:42:37,0.10,0.75,-0.64
15:51:18,0.28,0.95,0.01
15:51:19,0.19,0.96,-0.01
15:51:19,0.25,0.96,0.04
15:51:19,0.24,0.98,0.04
15:51:19,0.27,0.95,0.02
15:51:19,0.26,0.92,-0.00
15:51:19,0.28,0.96,-0.02
15:51:19,0.35,0.92,-0.02
15:51:19,0.34,0.91,-0.01
15:51:19,0.33,0.92,-0.05
15:51:19,0.29,0.93,-0.05
15:51:20,0.27,0.92,-0.06
15:51:20,0.29,0.93,-0.07
15:51:20,0.27,0.89,-0.07
15:51:20,0.11,0.97,-0.15
15:51:20,0.09,0.98,-0.13
15:51:20,0.14,0.93,-0.11
15:51:20,0.17,0.96,-0.09
15:51:20,0.18,0.94,-0.06
15:51:23,0.80,0.57,-0.16
15:51:23,0.83,0.50,-0.19
15:51:24,0.82,0.51,-0.19
15:51:24,0.82,0.48,-0.21
15:51:24,0.86,0.49,-0.20
15:51:24,0.84,0.49,-0.18
15:51:24,0.83,0.46,-0.24
15:51:24,0.87,0.48,-0.21
15:51:24,0.83,0.46,-0.26
15:51:24,0.85,0.46,-0.28
15:51:24,0.89,0.41,-0.23
15:51:24,1.03,0.32,-0.07
15:51:25,0.90,0.41,-0.14
15:51:25,0.93,0.37,-0.10
15:51:25,1.02,0.52,-0.13
15:51:25,0.87,0.48,-0.16
15:51:25,0.85,0.56,-0.12
15:51:25,0.83,0.55,-0.15
15:51:25,0.85,0.62,-0.08
15:51:32,0.87,0.34,-0.34
15:51:32,0.84,0.44,-0.51
15:51:32,0.92,0.38,-0.34
15:51:32,0.90,0.33,-0.35
15:51:32,0.89,0.33,-0.35
15:51:32,0.91,0.34,-0.33
15:51:32,0.89,0.38,-0.31
15:51:32,0.86,0.25,-0.33
15:51:32,0.91,0.32,-0.33
15:51:33,0.86,0.34,-0.34
15:51:33,0.89,0.33,-0.32
15:51:33,0.90,0.35,-0.29
15:51:33,0.89,0.31,-0.33
15:51:33,0.92,0.38,-0.27
15:51:33,0.91,0.43,-0.24
15:51:33,0.81,0.33,-0.22
15:51:33,0.88,0.30,-0.35
15:51:33,0.89,0.37,-0.27
15:51:33,0.89,0.35,-0.26
18:19:34,0.96,0.12,-0.03
18:19:34,1.00,0.21,0.05
18:19:34,0.98,0.21,0.05
18:19:34,0.97,0.23,0.04
18:19:34,0.98,0.22,0.04
18:19:34,0.99,0.22,0.07
18:19:34,0.98,0.12,0.03
18:19:35,1.00,0.46,0.46
18:19:35,1.07,0.67,0.42
18:19:35,0.90,0.41,0.15
18:19:35,0.92,0.37,0.12
18:19:35,0.87,0.48,0.10
18:19:35,0.81,0.51,0.08
18:19:35,0.80,0.53,0.06
18:19:35,0.86,0.56,0.07
18:19:35,0.84,0.53,0.07
18:19:35,0.85,0.54,0.06
18:19:36,0.78,0.54,0.07
18:19:36,0.85,0.52,0.08
18:19:36,0.85,0.56,0.06
18:19:36,0.84,0.54,0.08
18:19:36,0.91,0.55,0.04
18:19:36,0.86,0.61,0.21
18:19:36,0.39,1.04,-0.16
18:19:36,0.49,0.78,-0.20
18:19:36,0.55,0.79,-0.08
18:19:36,0.63,0.77,-0.07
18:19:37,0.58,0.80,-0.04
18:19:37,0.67,0.56,-0.10
18:19:37,0.62,0.75,-0.06
18:19:37,0.60,0.85,0.10
18:19:37,0.53,0.82,-0.07
18:19:37,0.60,0.75,-0.12
18:19:37,0.67,0.83,-0.04
18:19:37,0.60,0.76,-0.03
18:19:37,0.60,0.78,-0.01
18:19:37,0.70,0.79,-0.07
18:19:38,0.61,0.76,0.00
18:19:38,0.61,0.73,0.08
18:19:38,0.60,0.78,0.01
18:19:38,0.62,0.73,0.06
18:19:38,0.60,0.78,0.02
18:19:38,0.64,0.75,0.02
18:19:38,0.60,0.81,0.03
18:34:32,-0.25,0.92,-0.18
18:34:32,-0.25,0.91,-0.18
18:34:32,-0.25,0.91,-0.18
18:34:32,-0.27,0.92,-0.20
18:34:33,-0.26,0.91,-0.20
18:34:33,-0.25,0.91,-0.19
18:34:33,-0.25,0.91,-0.19
18:34:33,-0.25,0.92,-0.20
18:34:33,-0.25,0.89,-0.18
18:34:33,-0.32,0.87,-0.22
18:34:33,-0.32,0.91,-0.19
18:34:33,-0.34,1.00,-0.25
18:34:33,-0.23,0.87,-0.22
18:34:33,-0.30,0.85,-0.28
18:34:34,-0.31,0.96,-0.32
18:34:34,-0.24,0.97,-0.17
18:34:34,-0.29,0.92,-0.25
18:34:34,-1.48,0.55,-0.85
18:34:34,-0.27,0.89,-0.22
18:34:48,-0.94,0.24,-0.01
18:34:48,-0.91,0.26,-0.04
18:34:48,-0.96,0.26,0.00
18:34:48,-0.87,0.32,-0.02
18:34:48,-0.91,0.26,-0.02
18:34:48,-0.95,0.33,0.02
18:34:48,-0.97,0.32,0.10
18:34:48,-0.94,0.32,0.08
18:34:49,-0.93,0.30,0.05
18:34:49,-0.90,0.32,0.06
18:34:49,-0.90,0.34,0.06
18:34:49,-0.92,0.29,0.05
18:34:49,-0.91,0.40,-0.07
18:34:49,-0.90,0.50,-0.16
18:34:49,-0.76,0.44,-0.28
18:34:49,-0.74,0.62,-0.23
18:34:49,-0.12,0.81,-0.61
18:34:49,-0.13,0.69,-0.47
18:34:50,-0.01,0.79,-0.18
18:34:50,0.72,-0.39,-0.72
18:34:50,0.65,-0.36,-0.71
18:34:50,0.65,-0.36,-0.60
18:34:50,0.79,-0.34,-0.63
18:34:50,0.99,-0.35,-0.58
18:34:50,0.71,-0.35,0.24
18:34:50,1.00,-0.14,-0.34
18:34:50,0.96,0.11,-0.27
18:34:50,0.99,0.25,-0.11
18:34:51,0.79,0.89,0.19
18:34:51,0.95,0.43,0.13
18:34:51,1.05,0.49,0.15
18:34:51,0.70,0.59,0.27
18:34:51,0.66,0.68,0.40
18:34:51,0.57,0.63,0.50
18:34:51,0.39,0.80,0.23
18:34:51,0.30,0.80,0.47
18:34:51,0.27,0.76,0.57
18:34:51,0.22,0.82,0.47
18:34:52,0.24,0.80,0.52
18:34:52,0.25,0.79,0.51
18:34:52,0.26,0.79,0.52
18:35:6,0.27,0.64,-0.61
18:35:6,0.36,0.71,-0.58
18:35:7,0.37,0.71,-0.58
18:35:7,0.34,0.74,-0.59
18:35:7,0.33,0.72,-0.63
18:35:7,0.27,0.68,-0.66
18:35:7,0.31,0.62,-0.68
18:35:7,0.33,0.67,-0.68
18:35:7,0.33,0.72,-0.63
18:35:7,0.37,0.61,-0.63
18:35:7,0.30,0.68,-0.62
18:35:7,0.37,0.66,-0.61
18:35:8,0.30,0.74,-0.63
18:35:8,0.32,0.69,-0.64
18:35:8,0.01,0.77,-0.50
18:35:8,0.32,0.66,-0.64
18:35:8,0.37,0.68,-0.62
18:35:8,0.30,0.65,-0.60
18:35:8,0.44,0.66,-0.72
19:13:49,0.64,0.55,-0.50
19:13:49,0.67,0.51,-0.52
19:13:49,0.70,0.50,-0.54
19:13:49,0.64,0.54,-0.51
19:13:49,0.65,0.58,-0.54
19:13:49,0.60,0.62,-0.56
19:13:49,0.66,0.51,-0.51
19:13:50,0.67,0.57,-0.52
19:13:50,0.69,0.54,-0.57
19:13:50,0.66,0.53,-0.55
19:13:50,0.63,0.52,-0.56
19:13:50,0.63,0.49,-0.56
19:13:50,0.65,0.52,-0.52
19:13:50,0.65,0.50,-0.54
19:13:50,0.69,0.49,-0.55
19:13:50,0.66,0.49,-0.51
19:13:50,0.65,0.50,-0.55
19:13:51,0.67,0.50,-0.56
19:13:51,0.68,0.50,-0.56
19:13:56,-0.23,0.85,-0.41
19:13:56,-0.46,0.75,-0.09
19:13:56,0.08,0.78,-0.57
19:13:56,0.19,1.07,-0.57
19:13:56,-0.10,0.81,-0.72
19:13:56,0.18,0.93,-0.33
19:13:56,-0.23,0.11,-0.39
19:13:56,0.39,1.15,-0.55
19:13:57,0.23,0.36,-0.85
19:13:57,0.32,0.42,-1.20
19:13:57,0.04,0.68,-0.70
19:13:57,0.90,0.36,-1.07
19:13:57,0.12,0.02,-0.71
19:13:57,-0.12,0.54,-0.44
19:13:57,0.30,0.28,-1.02
19:13:57,0.04,0.15,-0.43
19:13:57,0.50,0.21,-0.98
19:13:57,0.72,0.25,-0.93
19:13:58,0.73,0.26,-1.02
19:13:58,0.44,-0.41,-1.55
19:13:58,0.96,0.58,-0.54
19:13:58,-0.25,0.45,-1.11
19:13:58,0.33,0.17,-0.87
19:13:58,0.37,0.16,-0.88
19:13:58,0.54,0.28,-0.80
19:13:58,0.63,0.26,-0.73
19:13:58,0.64,0.27,-0.74
19:13:58,0.64,0.27,-0.72
19:14:17,0.73,0.36,-0.34
19:14:17,0.96,-0.21,-1.49
19:14:17,0.97,-0.24,-0.13
19:14:17,1.00,-0.06,-0.28
19:14:17,1.01,-0.08,-0.14
19:14:17,1.04,-0.14,-0.12
19:14:17,1.02,-0.13,-0.08
19:14:18,1.00,-0.12,-0.05
19:14:18,1.09,-0.24,-0.04
19:14:18,1.06,-0.18,-0.09
19:14:18,0.86,0.11,-0.21
19:14:18,1.06,-0.06,0.17
19:14:18,1.01,-0.04,0.03
19:14:18,1.05,-0.01,0.11
19:14:18,1.05,-0.03,0.08
19:14:18,0.94,-0.18,0.01
19:14:18,1.03,-0.11,0.19
19:14:19,0.71,-0.19,0.13
19:14:19,1.00,0.11,0.10
19:14:19,0.92,0.22,0.14
19:14:19,0.98,0.12,0.09
19:14:19,0.99,0.17,0.23
19:14:19,0.96,0.13,0.27
19:14:19,0.94,0.09,0.31
19:14:19,0.89,0.23,0.23
19:14:19,0.98,0.16,0.34
20:17:5,0.87,0.34,0.35
20:17:5,0.87,0.37,0.32
20:17:5,0.87,0.38,0.32
20:17:5,0.88,0.37,0.34
20:17:5,0.87,0.38,0.32
20:17:6,0.87,0.38,0.31
20:17:6,0.87,0.38,0.33
20:17:6,0.88,0.37,0.33
20:17:6,0.89,0.37,0.31
20:17:6,0.89,0.38,0.33
20:17:6,0.88,0.38,0.30
20:17:6,0.88,0.39,0.31
20:17:6,0.89,0.37,0.32
20:17:6,0.88,0.38,0.31
20:17:6,0.89,0.37,0.31
20:17:7,0.75,0.45,0.29
20:17:7,0.98,0.28,0.10
20:17:7,1.01,0.46,0.12
20:17:7,0.91,0.42,0.05
20:17:8,0.89,-0.54,-0.16
20:17:8,0.70,-0.70,-0.06
20:17:9,0.88,-0.59,-0.11
20:17:9,0.95,-0.40,-0.13
20:17:9,0.91,-0.44,-0.13
20:17:9,0.98,-0.33,-0.07
20:17:9,1.01,-0.10,0.01
20:17:9,0.81,-0.51,-0.08
20:17:9,0.86,-0.51,-0.17
20:17:9,0.92,-0.44,-0.15
20:17:9,0.98,-0.34,-0.15
20:17:9,0.96,-0.35,-0.10
20:17:10,0.94,-0.34,-0.12
20:17:10,1.00,-0.22,-0.06
20:17:10,0.95,-0.35,-0.12
20:17:10,1.05,-0.15,-0.04
20:17:10,1.13,0.09,0.02
20:17:10,1.16,-0.56,-0.10
20:17:10,0.97,-0.25,-0.20
20:17:10,0.99,0.08,-0.23
20:17:10,0.73,-0.65,-0.18
20:17:10,0.78,-0.39,-0.08
20:17:11,1.00,-0.20,-0.23
20:17:11,0.99,-0.04,-0.27
20:17:11,1.01,-0.02,-0.35
20:17:11,0.96,0.17,-0.31
20:17:11,1.02,0.04,-0.35
20:17:11,0.99,0.20,-0.35
20:17:11,1.03,0.28,-0.30
20:17:11,1.02,0.23,-0.24
20:17:11,0.88,0.40,-0.34
20:17:11,0.91,0.33,-0.30
20:17:12,0.90,0.46,-0.26
20:17:12,0.87,0.51,-0.23
20:17:12,0.90,0.32,-0.29
20:17:12,0.88,0.44,-0.23
20:17:12,0.85,0.36,-0.26
20:17:12,0.77,0.55,-0.17
20:17:12,0.71,0.72,0.04
20:17:12,0.78,0.58,-0.10
20:17:12,0.76,0.66,-0.05
20:17:12,0.76,0.64,-0.06
20:17:13,0.77,0.64,-0.04
20:17:13,0.76,0.64,-0.04
20:17:13,0.77,0.64,-0.06
20:17:13,0.76,0.63,-0.05
20:17:13,0.78,0.63,-0.04
20:17:13,0.76,0.64,-0.05
20:17:13,0.77,0.64,-0.05
20:17:13,0.76,0.67,-0.04
20:17:13,0.76,0.65,-0.05
20:17:13,0.75,0.65,-0.04
20:17:14,0.76,0.65,-0.04
20:17:14,0.76,0.65,-0.05
20:17:14,0.75,0.64,-0.04
20:17:14,0.75,0.65,-0.03
20:17:14,0.76,0.65,-0.05
20:17:14,0.76,0.65,-0.05
20:17:14,0.75,0.65,-0.04
20:17:17,0.70,-0.77,0.01
20:17:17,0.69,-0.77,0.02
20:17:17,0.69,-0.77,0.01
20:17:17,0.69,-0.78,0.02
20:17:17,0.69,-0.77,0.02
20:17:17,0.68,-0.78,0.01
20:17:17,0.68,-0.81,0.00
20:17:17,0.65,-0.81,0.01
20:17:17,0.65,-0.82,0.01
20:17:18,0.65,-0.81,0.02
20:17:18,0.64,-0.82,0.02
20:17:18,0.66,-0.80,0.04
20:17:18,0.66,-0.80,0.02
20:17:18,0.67,-0.80,0.02
20:17:18,0.68,-0.80,0.02
20:17:18,0.69,-0.79,0.03
20:17:18,0.69,-0.78,0.02
20:17:18,0.71,-0.76,0.03
20:17:18,0.71,-0.76,0.01
20:17:27,0.56,0.02,0.84
20:17:27,0.57,0.01,0.83
20:17:27,0.57,0.01,0.83
20:17:27,0.57,0.02,0.84
20:17:27,0.57,0.02,0.83
20:17:27,0.58,0.01,0.80
20:17:27,0.57,0.01,0.86
20:17:28,0.58,0.04,0.84
20:17:28,0.56,-0.00,0.81
20:17:28,0.73,0.13,0.75
20:17:28,0.44,-0.37,0.61
20:17:28,-0.17,-0.75,0.35
20:17:28,0.07,-0.81,0.73
20:17:28,-0.22,-0.78,0.74
20:17:28,-0.10,-0.86,0.65
20:17:28,-0.15,-0.78,0.58
20:17:28,-0.24,-0.72,0.45
20:17:29,-0.34,-0.91,0.35
20:17:29,-0.34,-0.89,0.39
20:17:29,-0.33,-0.89,0.38
20:17:29,-0.34,-0.89,0.38
20:17:29,-0.34,-0.88,0.39
20:17:29,-0.33,-0.89,0.38
20:17:29,-0.33,-0.89,0.39
20:17:29,-0.34,-0.89,0.39
20:17:29,-0.35,-0.90,0.37
20:17:29,-0.35,-0.90,0.35
20:17:30,-0.34,-0.90,0.35
20:17:30,-0.34,-0.89,0.37
20:17:30,-0.34,-0.90,0.36
20:17:30,-0.35,-0.90,0.36
20:17:30,-0.36,-0.90,0.36
20:17:32,-0.52,-0.87,0.09
20:17:32,-0.73,-0.88,-0.15
20:17:32,-0.62,-0.97,0.09
20:17:32,-0.66,-0.82,0.06
20:17:33,-0.58,-0.79,0.07
20:17:33,-0.63,-0.80,0.10
20:17:33,-0.62,-0.81,0.11
20:17:33,-0.61,-0.83,0.09
20:17:33,-0.46,-0.90,0.25
20:17:33,-0.51,-0.87,0.16
20:17:33,-0.62,-0.74,0.26
20:17:33,-0.51,-0.93,0.28
20:17:33,-0.45,-1.00,0.30
20:17:33,-0.36,-0.94,0.20
20:17:34,-0.50,-0.85,0.18
20:17:34,-0.59,-0.88,0.32
20:17:34,-0.50,-0.84,0.28
20:17:34,-0.48,-0.81,0.25
20:17:34,-0.48,-0.89,0.30
21:7:52,-0.46,-0.73,-0.53
21:7:52,-0.45,-0.73,-0.53
21:7:52,-0.45,-0.73,-0.54
21:7:52,-0.45,-0.73,-0.54
21:7:52,-0.46,-0.73,-0.53
21:7:52,-0.46,-0.73,-0.54
21:7:52,-0.47,-0.73,-0.54
21:7:52,-0.46,-0.73,-0.54
21:7:52,-0.46,-0.72,-0.53
21:7:52,-0.46,-0.72,-0.53
21:7:53,-0.46,-0.72,-0.54
21:7:53,-0.46,-0.71,-0.54
21:7:53,-0.46,-0.71,-0.55
21:7:53,-0.49,-0.54,-0.53
21:7:53,-0.53,-0.79,-0.55
21:7:53,-0.76,-0.82,-0.61
21:7:53,-0.50,-0.57,-0.58
21:7:53,-0.35,-0.57,-0.74
21:7:53,-0.61,-0.42,-0.57
21:7:55,-0.41,0.14,-0.91
21:7:55,-0.30,0.14,-0.88
21:7:55,0.58,0.12,-1.30
21:7:55,-0.52,0.63,-0.91
21:7:55,-0.09,0.00,-0.74
21:7:55,0.02,0.33,-0.87
21:7:55,0.57,1.92,0.44
21:7:56,0.10,0.26,-1.26
21:7:56,0.11,0.10,-0.87
21:7:56,-0.11,0.35,-0.91
21:7:56,-0.03,0.28,-0.88
21:7:56,-0.11,0.39,-0.89
21:7:56,-0.33,0.75,-1.01
21:7:56,-0.14,0.11,-1.18
21:7:56,-0.24,0.22,-0.71
21:7:56,-0.85,0.87,-1.06
21:7:56,-0.30,0.66,-1.07
21:7:57,0.06,0.07,-0.76
21:7:57,0.29,-0.20,-0.62
21:7:57,0.16,0.13,-1.06
21:7:57,0.10,0.22,-0.93
21:7:57,0.12,0.13,-0.98
21:7:57,0.17,-0.07,-0.92
21:7:57,-0.00,0.18,-0.95
21:7:57,0.07,0.13,-0.95
21:7:57,-0.06,0.17,-0.96
21:7:57,-0.14,0.16,-0.89
21:7:58,-0.35,0.26,-0.87
21:7:58,-0.26,0.19,-0.83
21:7:58,-0.42,0.31,-0.81
21:7:58,-0.41,0.34,-0.80
21:7:58,-0.40,0.39,-0.76
21:7:58,-0.35,0.41,-0.74
21:7:58,-0.40,0.47,-0.76
21:7:58,-0.41,0.71,-0.69
21:7:58,-0.37,0.57,-0.69
21:7:58,-0.36,0.56,-0.70
21:7:59,-0.36,0.56,-0.71
21:7:59,-0.37,0.57,-0.69
21:7:59,-0.37,0.57,-0.68
21:7:59,-0.37,0.57,-0.67
21:7:59,-0.37,0.57,-0.69
21:7:59,-0.38,0.57,-0.69
21:7:59,-0.37,0.57,-0.69
21:7:59,-0.37,0.56,-0.69
21:7:59,-0.37,0.57,-0.68
21:7:59,-0.37,0.57,-0.70
21:8:0,-0.38,0.56,-0.69
21:8:0,-0.37,0.57,-0.69
21:8:0,-0.37,0.56,-0.68
21:8:0,-0.37,0.57,-0.68
21:8:5,-0.38,0.82,-0.33
21:8:5,-0.30,0.83,-0.35
21:8:5,-0.32,0.86,-0.35
21:8:5,-0.27,0.92,-0.52
21:8:5,-0.29,0.85,-0.39
21:8:5,-0.31,0.84,-0.44
21:8:5,-0.39,0.78,-0.44
21:8:5,-0.30,0.80,-0.41
21:8:5,-0.18,0.87,-0.46
21:8:6,-0.27,0.84,-0.41
21:8:6,-0.30,0.73,-0.51
21:8:6,-0.15,0.85,-0.36
21:8:6,-0.21,0.88,-0.31
21:8:6,-0.16,0.90,-0.33
21:8:6,-0.08,0.95,-0.52
21:8:6,-0.16,0.96,-0.34
21:8:6,-0.64,0.71,0.12
21:8:6,-0.26,0.96,-0.17
21:8:6,-0.20,0.92,-0.28
21:8:18,-0.38,0.87,-0.64
21:8:18,-0.37,0.76,-0.58
21:8:18,-0.16,0.93,-0.58
21:8:18,-0.38,0.59,-0.66
21:8:19,-0.43,0.65,-0.67
21:8:19,-0.15,0.60,-0.72
21:8:19,-0.21,0.68,-0.69
21:8:19,-0.41,0.60,-0.65
21:8:19,-0.36,0.71,-0.51
21:8:19,-0.15,0.66,-0.67
21:8:19,-0.28,0.54,-0.61
21:8:19,-0.55,0.57,-0.63
21:8:19,-0.43,0.60,-0.67
21:8:19,-0.16,0.74,-0.54
21:8:20,-0.27,0.67,-0.57
21:8:20,-0.60,0.56,-0.53
21:8:20,-0.33,0.68,-0.65
21:8:20,-0.23,0.89,-0.65
21:8:20,-0.26,0.65,-0.57
