0:15:16,0.53,0.63,-0.62
0:15:16,0.55,0.45,-0.43
0:15:16,0.61,0.59,-0.66
0:15:16,0.49,0.60,-0.60
0:15:16,0.56,0.65,-0.59
0:15:16,0.44,0.45,-0.72
0:15:16,0.51,0.45,-0.50
0:15:17,0.41,0.06,-1.21
0:15:17,0.40,0.31,-0.81
0:15:17,0.40,0.33,-0.85
0:15:17,0.38,0.34,-0.87
0:15:17,0.43,0.25,-0.99
0:15:17,0.52,0.15,-1.01
0:15:17,0.66,0.35,-0.79
0:15:17,0.43,0.68,-0.39
0:15:17,0.50,0.39,-0.79
0:15:17,0.54,0.35,-0.80
0:15:18,0.55,0.64,-0.66
0:15:18,0.60,0.50,-0.45
0:15:28,-0.44,0.19,-0.85
0:15:28,-0.46,0.17,-0.85
0:15:28,-0.45,0.16,-0.86
0:15:28,-0.46,0.15,-0.83
0:15:28,-0.49,0.16,-0.83
0:15:28,-0.51,0.14,-0.82
0:15:29,-0.51,0.15,-0.81
0:15:29,-0.50,0.15,-0.82
0:15:29,-0.51,0.14,-0.83
0:15:29,-0.51,0.15,-0.82
0:15:29,-0.49,0.11,-0.86
0:15:29,-0.52,0.14,-0.83
0:15:29,-0.53,0.13,-0.82
0:15:29,-0.53,0.13,-0.80
0:15:29,-0.54,0.13,-0.80
0:15:29,-0.53,0.12,-0.80
0:15:30,-0.56,0.12,-0.78
0:15:30,-0.55,0.11,-0.79
0:15:30,-0.55,0.11,-0.80
0:54:34,-0.12,-0.21,-0.95
0:54:34,-0.58,-0.22,-1.06
0:54:35,-0.54,-0.13,-0.82
0:54:35,-0.53,-0.11,-0.83
0:54:35,-0.54,-0.08,-0.83
0:54:35,-0.54,-0.09,-0.83
0:54:35,-0.53,-0.10,-0.83
0:54:35,-0.55,-0.09,-0.83
0:54:35,-0.54,-0.08,-0.83
0:54:35,-0.54,-0.10,-0.82
0:54:35,-0.54,-0.09,-0.82
0:54:35,-0.54,-0.09,-0.83
0:54:36,-0.54,-0.09,-0.82
0:54:36,-0.55,-0.09,-0.83
0:54:36,-0.55,-0.09,-0.83
0:54:36,-0.55,-0.09,-0.82
0:54:36,-0.55,-0.09,-0.83
0:54:36,-0.55,-0.10,-0.83
0:54:36,-0.54,-0.08,-0.82
0:54:36,-0.53,-0.09,-0.81
0:54:36,-0.55,-0.08,-0.84
0:54:36,-0.54,-0.09,-0.84
0:54:37,-0.55,-0.10,-0.82
0:54:56,-0.16,-0.53,-0.80
0:54:56,-0.43,-0.35,-0.88
0:54:56,-0.53,-0.27,-0.80
0:54:56,-0.54,-0.33,-0.74
0:54:56,-0.86,-0.07,-0.80
0:54:57,-1.11,-0.49,-1.07
0:54:57,-0.79,-0.26,-0.70
0:54:57,-0.84,0.00,-0.65
0:54:57,-0.50,-0.39,-0.79
0:54:57,-0.60,-0.39,-0.70
0:54:57,-0.69,-0.24,-0.67
0:54:57,-0.54,-0.33,-0.72
0:54:57,-0.49,-0.46,-0.71
0:54:57,-0.30,-0.55,-0.79
0:54:57,-0.33,-0.61,-0.72
0:54:58,-0.19,-0.74,-0.68
0:54:58,-0.02,-0.74,-0.73
0:54:58,-0.06,-0.73,-0.71
0:54:58,-0.08,-0.72,-0.71
0:54:58,-0.09,-0.75,-0.69
0:54:58,-0.03,-0.73,-0.72
0:54:58,-0.03,-0.73,-0.71
0:54:58,0.01,-0.73,-0.73
0:54:58,0.06,-0.71,-0.72
0:54:58,0.16,-0.71,-0.72
0:54:59,0.24,-0.69,-0.73
0:54:59,0.75,-1.49,-0.19
0:54:59,0.55,-0.58,-0.67
0:54:59,0.57,-0.49,-0.71
0:54:59,0.75,-0.37,-0.60
0:54:59,0.73,-0.23,-0.67
0:54:59,0.87,0.15,-0.62
0:54:59,0.53,0.68,-0.53
0:54:59,0.73,0.61,-0.31
0:54:59,0.63,0.60,-0.28
0:55:0,0.69,0.60,-0.33
0:55:0,0.74,0.63,-0.26
0:55:0,0.74,0.62,-0.25
0:55:0,0.73,0.61,-0.27
0:55:0,0.73,0.62,-0.26
0:55:0,0.72,0.62,-0.26
0:55:0,0.75,0.63,-0.25
0:55:0,0.75,0.62,-0.27
0:55:0,0.74,0.62,-0.24
0:55:0,0.74,0.63,-0.25
0:55:1,0.73,0.63,-0.25
2:29:15,-0.19,-0.83,-0.27
2:29:15,-0.41,-0.13,-0.90
2:29:15,-0.44,-0.49,-0.61
2:29:15,-0.45,-0.38,-0.62
2:29:15,-0.38,-0.31,-1.05
2:29:16,-0.36,-0.36,-0.88
2:29:16,-0.32,-0.34,-0.86
2:29:16,-0.42,-0.30,-0.90
2:29:16,-0.37,-0.35,-0.87
2:29:16,-0.37,-0.34,-0.91
2:29:16,-0.32,-0.39,-0.77
2:29:16,-0.43,-0.32,-0.89
2:29:16,-0.39,-0.29,-0.89
2:29:16,-0.11,-1.29,-0.78
2:29:16,-0.85,-0.32,-1.04
2:29:17,-0.61,-0.10,-0.87
2:29:17,-0.63,-0.69,-0.57
2:29:17,-2.00,-1.52,-0.47
2:29:17,-0.71,-0.24,-0.49
2:29:17,-0.62,-0.49,-0.65
2:29:17,-0.60,-0.40,-0.68
2:29:17,-0.61,-0.46,-0.68
2:29:17,-0.59,-0.43,-0.68
2:29:17,-0.67,-0.35,-0.61
2:29:17,-0.75,-0.26,-0.58
2:29:18,-0.75,-0.26,-0.62
2:29:18,-0.75,-0.27,-0.60
2:29:18,-0.76,-0.25,-0.60
2:29:18,-0.74,-0.25,-0.61
2:29:18,-0.75,-0.25,-0.59
2:29:18,-0.75,-0.26,-0.60
2:29:18,-0.74,-0.26,-0.59
2:29:18,-1.01,-0.08,-0.45
2:29:18,-0.90,0.28,-0.14
2:29:18,-0.88,-0.02,-0.56
2:29:19,-0.88,-0.02,-0.49
2:29:19,-0.84,0.03,-0.45
2:29:19,-0.87,0.04,-0.49
2:29:19,-0.87,0.00,-0.44
2:29:19,-0.93,-0.05,-0.42
2:29:19,-0.86,0.03,-0.45
2:29:19,-0.85,0.03,-0.46
2:29:19,-0.87,0.04,-0.46
2:29:19,-0.86,0.04,-0.47
2:29:19,-0.86,0.05,-0.47
2:29:20,-0.88,0.04,-0.47
2:29:20,-0.87,0.04,-0.47
2:29:20,-0.87,0.03,-0.45
2:29:20,-0.87,0.04,-0.47
2:29:20,-0.86,0.05,-0.46
2:29:20,-0.86,0.04,-0.45
2:29:20,-0.88,0.03,-0.45
2:29:20,-0.80,-0.01,-0.49
2:29:20,-0.86,0.03,-0.38
2:29:20,-0.83,0.60,-0.32
2:29:22,-0.07,0.66,-1.03
2:29:22,0.20,0.42,-1.01
2:29:22,-0.68,-0.14,-0.80
2:29:22,-0.23,0.29,-0.96
2:29:22,-0.39,0.20,-0.86
2:29:23,-0.35,0.11,-0.82
2:29:23,-0.35,-0.07,-1.12
2:29:23,-0.50,-0.23,-0.89
2:29:23,-0.48,-0.16,-0.88
2:29:23,-0.45,-0.06,-0.85
2:29:23,-0.52,-0.01,-0.83
2:29:23,-0.55,-0.02,-0.83
2:29:23,-0.52,-0.09,-0.75
2:29:23,-0.54,0.12,-0.83
2:29:23,-0.53,0.22,-0.82
2:29:24,-0.53,0.24,-0.77
2:29:24,-0.53,0.26,-0.79
2:29:24,-0.42,0.21,-0.71
2:29:24,-0.53,0.47,-0.67
2:29:24,-0.53,0.50,-0.67
2:29:24,-0.52,0.49,-0.65
2:29:24,-0.53,0.49,-0.66
2:29:24,-0.53,0.43,-0.70
2:29:24,-0.50,0.54,-0.62
2:29:24,-0.53,0.49,-0.66
2:29:25,-0.51,0.48,-0.66
2:29:25,-0.53,0.50,-0.64
2:29:25,-0.52,0.49,-0.65
3:17:53,-1.01,0.14,-0.09
3:17:53,-0.91,0.14,-0.38
3:17:53,-0.93,0.23,-0.35
3:17:53,-0.82,0.22,-0.35
3:17:53,-1.13,0.60,-0.75
3:17:53,-0.55,0.25,-0.74
3:17:54,-0.55,0.22,-0.80
3:17:54,-0.54,0.26,-0.79
3:17:54,-0.52,0.24,-0.79
3:17:54,-0.51,0.24,-0.79
3:17:54,-0.55,0.27,-0.81
3:17:54,-0.52,0.25,-0.81
3:17:54,-0.51,0.25,-0.81
3:17:54,-0.49,0.22,-0.80
3:17:54,-0.51,0.23,-0.80
3:17:54,-0.51,0.22,-0.82
3:17:55,-0.50,0.22,-0.81
3:17:55,-0.50,0.22,-0.81
3:17:55,-0.50,0.20,-0.82
3:17:55,-0.49,0.20,-0.83
3:17:55,-0.49,0.21,-0.81
3:17:55,-0.49,0.22,-0.82
3:17:55,-0.48,0.21,-0.81
3:17:55,-0.48,0.21,-0.83
3:17:55,-0.48,0.18,-0.82
3:17:55,-0.47,0.19,-0.84
3:17:58,-0.33,-0.18,-0.95
3:17:58,-0.29,-0.10,-0.83
3:17:58,-0.45,0.10,-0.74
3:17:58,-0.49,0.19,-0.80
3:17:58,-0.70,0.23,-0.71
3:17:58,-0.17,0.63,-0.36
3:17:58,-0.59,0.27,-0.69
3:17:58,-0.66,0.32,-0.71
3:17:58,-0.57,0.22,-0.71
3:17:58,-0.67,0.26,-0.73
3:17:59,-0.61,0.16,-0.75
3:17:59,-0.50,0.05,-0.61
3:17:59,-0.44,-0.01,-0.81
3:17:59,-0.64,0.07,-0.71
3:17:59,-0.59,0.17,-0.76
3:17:59,-0.64,0.19,-0.73
3:17:59,-0.64,0.19,-0.74
3:17:59,-0.66,0.19,-0.70
3:17:59,-0.64,0.19,-0.72
3:17:59,-0.58,0.19,-0.74
3:18:0,-0.55,0.07,-0.74
3:18:0,-0.64,0.16,-0.72
3:18:0,-0.63,0.18,-0.71
3:18:0,-0.63,0.18,-0.71
3:18:0,-0.64,0.21,-0.71
3:18:0,-0.64,0.22,-0.71
3:18:4,-0.50,0.41,-0.71
3:18:4,-0.51,0.41,-0.72
3:18:4,-0.50,0.42,-0.72
3:18:4,-0.50,0.41,-0.71
3:18:4,-0.50,0.41,-0.73
3:18:4,-0.50,0.41,-0.71
3:18:4,-0.51,0.41,-0.72
3:18:4,-0.50,0.40,-0.73
3:18:5,-0.49,0.38,-0.76
3:18:5,-0.52,0.34,-0.76
3:18:5,-0.58,0.42,-0.77
3:18:5,-0.51,0.41,-0.71
3:18:5,-0.55,0.36,-0.71
3:18:5,-0.55,0.40,-0.71
3:18:5,-0.54,0.34,-0.73
3:18:5,-0.53,0.24,-0.77
3:18:5,-0.56,0.13,-0.76
3:18:5,-0.38,-0.08,-0.87
3:18:6,-0.79,0.15,-0.62
3:18:6,-0.43,0.54,-0.70
3:18:6,-0.46,0.56,-0.68
3:18:6,-1.24,0.19,-0.77
3:18:6,-0.37,0.65,-0.67
3:18:6,-0.24,0.59,-0.68
3:18:6,-0.38,0.93,-0.67
3:18:6,-0.41,0.76,-0.57
3:18:6,-0.40,0.77,-0.53
3:18:6,-0.38,0.77,-0.45
3:18:7,-0.40,0.81,-0.43
3:18:7,-0.36,0.76,-0.41
3:18:7,-0.38,0.79,-0.48
3:18:7,-0.43,0.82,-0.37
3:18:7,-0.38,0.81,-0.30
3:18:7,-0.36,0.83,-0.31
3:18:7,-0.39,0.80,-0.35
3:18:7,-0.44,0.88,-0.26
3:18:7,-0.41,0.96,-0.31
3:18:7,-0.39,0.83,-0.35
3:18:8,-0.38,0.82,-0.30
3:18:8,-0.47,0.83,-0.30
3:18:8,-0.33,0.86,-0.23
3:18:8,-0.45,0.91,-0.07
3:18:8,-0.43,0.76,-0.11
3:18:8,-0.32,0.94,-0.13
3:18:8,-0.65,1.08,-0.03
3:18:8,-0.36,0.92,-0.07
3:18:8,-0.18,0.88,-0.02
3:18:10,-0.43,0.87,0.08
3:18:11,-0.42,0.86,0.08
3:18:11,-0.46,0.82,0.10
3:18:11,-0.42,0.86,0.07
3:18:11,-0.43,0.87,0.07
3:18:11,-0.42,0.87,0.09
3:18:11,-0.42,0.87,0.08
3:18:11,-0.43,0.86,0.07
3:18:11,-0.42,0.87,0.08
3:18:11,-0.43,0.86,0.08
3:18:11,-0.42,0.86,0.08
3:18:12,-0.42,0.85,0.08
3:18:12,-0.43,0.86,0.08
3:18:12,-0.43,0.86,0.08
3:18:12,-0.42,0.86,0.09
3:18:12,-0.43,0.86,0.08
3:18:12,-0.42,0.86,0.08
3:18:12,-0.43,0.85,0.09
3:18:12,-0.42,0.86,0.08
3:43:50,-0.86,-0.52,-0.04
3:43:50,-0.88,-0.53,-0.08
3:43:50,-0.89,-0.55,-0.02
3:43:50,-0.84,-0.49,-0.00
3:43:51,-0.86,-0.47,0.02
3:43:51,-0.90,-0.66,0.08
3:43:51,-0.88,-0.47,-0.01
3:43:51,-0.83,-0.50,-0.02
3:43:51,-0.88,-0.52,-0.01
3:43:51,-0.85,-0.50,-0.01
3:43:51,-0.88,-0.51,-0.02
3:43:51,-0.85,-0.50,-0.00
3:43:51,-0.86,-0.51,-0.01
3:43:51,-0.88,-0.49,-0.01
3:43:52,-0.86,-0.49,-0.01
3:43:52,-0.88,-0.46,-0.02
3:43:52,-0.86,-0.53,-0.00
3:43:52,-0.87,-0.50,-0.00
3:43:52,-0.85,-0.52,-0.01
3:44:1,-0.96,-0.28,0.16
3:44:1,-0.94,-0.20,0.15
3:44:1,-0.90,-0.24,0.10
3:44:1,-0.94,-0.26,0.15
3:44:1,-0.97,-0.21,0.12
3:44:1,-0.96,-0.20,0.12
3:44:1,-0.93,-0.21,0.15
3:44:1,-0.92,-0.23,0.13
3:44:1,-0.96,-0.20,0.14
3:44:2,-0.93,-0.21,0.13
3:44:2,-0.93,-0.22,0.15
3:44:2,-0.95,-0.20,0.14
3:44:2,-0.96,-0.21,0.12
3:44:2,-0.96,-0.21,0.13
3:44:2,-0.97,-0.21,0.12
3:44:2,-0.94,-0.20,0.14
3:44:2,-0.97,-0.22,0.13
3:44:2,-0.96,-0.21,0.14
3:44:2,-0.95,-0.21,0.14
3:59:17,-0.90,0.36,-0.03
3:59:17,-0.91,0.36,-0.03
3:59:17,-0.91,0.36,-0.03
3:59:17,-0.91,0.36,-0.02
3:59:17,-0.91,0.36,-0.03
3:59:17,-0.88,0.42,-0.06
3:59:17,-0.88,0.41,-0.04
3:59:17,-0.88,0.42,-0.04
3:59:17,-0.88,0.42,-0.03
3:59:18,-0.87,0.42,-0.04
3:59:18,-0.88,0.42,-0.03
3:59:18,-0.87,0.40,-0.05
3:59:18,-0.89,0.42,-0.02
3:59:18,-0.88,0.41,-0.02
3:59:18,-0.87,0.42,-0.02
3:59:18,-0.88,0.42,-0.04
3:59:18,-0.89,0.42,-0.03
3:59:18,-0.88,0.41,-0.04
3:59:18,-0.89,0.37,-0.04
4:39:49,0.51,0.78,0.33
4:39:49,0.50,0.81,0.26
4:39:49,0.52,0.77,0.32
4:39:49,0.51,0.77,0.31
4:39:49,0.52,0.76,0.32
4:39:49,0.53,0.78,0.32
4:39:49,0.53,0.77,0.31
4:39:50,0.54,0.77,0.30
4:39:50,0.50,0.77,0.39
4:39:50,0.49,0.80,0.34
4:39:50,0.47,0.80,0.34
4:39:50,0.48,0.78,0.34
4:39:50,0.48,0.78,0.34
4:39:50,0.49,0.78,0.33
4:39:50,0.48,0.78,0.34
4:39:50,0.50,0.81,0.32
4:39:50,0.46,0.78,0.32
4:39:51,0.49,0.79,0.34
4:39:51,0.47,0.74,0.31
4:39:55,-0.19,0.57,0.78
4:39:56,-0.19,0.56,0.78
4:39:56,-0.19,0.56,0.77
4:39:56,-0.19,0.55,0.77
4:39:56,-0.19,0.55,0.78
4:39:56,-0.25,0.62,0.89
4:39:56,-0.43,0.61,0.57
4:39:56,-0.28,-0.09,0.95
4:39:56,-0.19,0.22,0.89
4:39:56,-0.20,0.22,0.88
4:39:56,-0.33,0.29,0.94
4:39:57,-0.32,0.27,0.80
4:39:57,-0.42,0.13,1.28
4:39:57,-0.26,0.29,0.88
4:39:57,-0.28,0.32,0.89
4:39:57,-0.27,0.30,0.90
4:39:57,-0.27,0.28,0.88
4:39:57,-0.27,0.29,0.88
4:39:57,-0.27,0.29,0.89
4:39:57,-0.28,0.29,0.90
4:39:57,-0.28,0.29,0.90
4:39:58,-0.28,0.29,0.90
4:39:58,-0.27,0.28,0.88
4:39:58,-0.27,0.29,0.90
4:39:58,-0.27,0.29,0.89
4:39:58,-0.28,0.29,0.89
4:39:58,-0.29,0.28,0.91
4:39:58,-0.27,0.28,0.89
4:40:4,-0.36,0.25,0.84
4:40:4,-0.42,0.26,0.86
4:40:4,-0.41,0.26,0.84
4:40:4,-0.40,0.26,0.87
4:40:4,-0.40,0.26,0.85
4:40:5,-0.41,0.27,0.86
4:40:5,-0.41,0.27,0.85
4:40:5,-0.41,0.27,0.86
4:40:5,-0.41,0.26,0.85
4:40:5,-0.40,0.26,0.86
4:40:5,-0.41,0.27,0.84
4:40:5,-0.41,0.26,0.85
4:40:5,-0.41,0.26,0.86
4:40:5,-0.42,0.29,0.89
4:40:5,-0.51,0.17,0.89
4:40:6,-0.41,0.27,0.85
4:40:6,-0.41,0.26,0.85
4:40:6,-0.41,0.26,0.86
4:40:6,-0.40,0.27,0.84
4:40:13,-1.06,-0.07,0.39
4:40:13,-0.91,-0.27,0.47
4:40:13,-0.88,-0.23,0.44
4:40:13,-0.88,-0.27,0.48
4:40:13,-1.23,-1.26,0.37
4:40:14,-0.56,-0.41,0.53
4:40:14,-0.76,-0.34,0.50
4:40:14,-0.77,-0.25,0.48
4:40:14,-0.96,-0.33,0.54
4:40:14,-0.86,-0.30,0.40
4:40:14,-0.90,-0.31,0.41
4:40:14,-0.94,-0.32,0.31
4:40:14,-0.90,-0.29,0.35
4:40:14,-0.91,-0.29,0.33
4:40:14,-0.90,-0.21,0.37
4:40:15,-0.91,-0.30,0.34
4:40:15,-0.97,-0.26,0.34
4:40:15,-0.87,-0.25,0.38
4:40:15,-0.92,-0.26,0.35
4:57:50,-0.69,-0.40,-0.42
4:57:50,-0.75,-0.54,-0.35
4:57:50,-0.89,-0.49,-0.32
4:57:50,-1.00,-0.08,-0.26
4:57:50,-0.79,-0.62,-0.15
4:57:50,-0.96,-0.60,0.15
4:57:50,-0.76,-0.65,0.02
4:57:50,-0.85,-0.61,0.03
4:57:50,-0.83,-0.57,0.15
4:57:51,-0.85,-0.64,0.02
4:57:51,-0.77,-0.62,0.08
4:57:51,-0.77,-0.53,0.20
4:57:51,-0.81,-0.59,0.14
4:57:51,-0.80,-0.58,0.11
4:57:51,-0.81,-0.57,0.04
4:57:51,-0.84,-0.55,0.02
4:57:51,-0.82,-0.61,0.23
4:57:51,-0.80,-0.61,0.12
4:57:51,-0.84,-0.53,0.17
4:57:52,-0.81,-0.54,0.13
4:57:52,-0.79,-0.57,0.17
4:57:52,-0.85,-0.58,0.17
4:57:52,-0.80,-0.55,0.12
4:57:52,-0.82,-0.55,0.15
4:57:52,-0.89,-0.64,0.25
4:57:52,-0.81,-0.57,0.15
4:57:52,-0.82,-0.56,0.18
4:57:52,-0.75,-0.48,0.15
4:57:52,-0.75,-0.51,0.25
4:57:53,-0.78,-0.53,0.18
5:45:18,0.11,-0.47,-0.87
5:45:18,0.11,-0.48,-0.90
5:45:18,0.14,-0.48,-0.84
5:45:18,0.11,-0.49,-0.88
5:45:18,0.10,-0.46,-0.90
5:45:18,0.10,-0.46,-0.90
5:45:18,0.10,-0.48,-0.88
5:45:18,0.11,-0.48,-0.88
5:45:18,0.10,-0.47,-0.90
5:45:18,0.11,-0.47,-0.90
5:45:19,0.10,-0.47,-0.89
5:45:19,0.11,-0.46,-0.90
5:45:19,0.11,-0.47,-0.89
5:45:19,0.08,-0.46,-0.89
5:45:19,0.10,-0.47,-0.90
5:45:19,0.10,-0.46,-0.89
5:45:19,0.10,-0.46,-0.90
5:45:19,0.11,-0.46,-0.89
5:45:19,0.10,-0.46,-0.90
5:45:23,0.36,0.38,-0.82
5:45:23,0.38,0.42,-0.83
5:45:23,0.41,0.39,-0.82
5:45:24,0.41,0.38,-0.83
5:45:24,0.41,0.38,-0.80
5:45:24,0.43,0.40,-0.82
5:45:24,0.44,0.42,-0.82
5:45:24,0.44,0.39,-0.80
5:45:24,0.46,0.39,-0.79
5:45:24,0.55,0.41,-0.72
5:45:24,0.68,0.24,-0.69
5:45:24,0.84,0.39,-0.45
5:45:24,0.81,0.39,-0.44
5:45:25,0.81,0.39,-0.43
5:45:25,0.81,0.39,-0.44
5:45:25,0.81,0.39,-0.45
5:45:25,0.82,0.39,-0.43
5:45:25,0.81,0.38,-0.44
5:45:25,0.83,0.40,-0.44
5:45:25,0.81,0.39,-0.44
5:45:25,0.81,0.40,-0.43
5:45:25,0.81,0.38,-0.45
5:45:25,0.81,0.40,-0.44
5:45:26,0.81,0.39,-0.44
5:45:26,0.81,0.39,-0.42
5:45:26,0.80,0.39,-0.45
5:45:26,0.82,0.39,-0.44
5:45:26,0.81,0.39,-0.45
5:45:26,0.80,0.39,-0.45
5:45:26,0.81,0.39,-0.44
5:45:26,0.80,0.40,-0.43
5:45:26,0.82,0.41,-0.44
5:45:31,0.74,0.11,-0.75
5:45:31,0.64,-0.01,-0.80
5:45:31,0.58,-0.07,-0.78
5:45:31,0.60,-0.06,-0.77
5:45:32,0.50,-0.17,-0.77
5:45:32,0.35,-0.07,-0.60
5:45:32,0.79,-0.18,-0.64
5:45:32,0.82,-0.16,-0.64
5:45:32,0.79,-0.17,-0.64
5:45:32,0.78,-0.17,-0.66
5:45:32,0.74,-0.17,-0.62
5:45:32,0.78,-0.17,-0.61
5:45:32,0.71,0.08,-0.70
5:45:32,0.77,-0.19,-0.63
5:45:33,0.68,-0.20,-0.58
5:45:33,0.75,-0.12,-0.76
5:45:33,0.74,-0.12,-0.69
5:45:33,0.77,-0.13,-0.69
5:45:33,0.78,-0.18,-0.71
5:45:33,0.71,-0.14,-0.69
5:45:33,0.66,-0.21,-0.67
5:45:33,0.60,-0.14,-0.73
5:45:33,0.80,-0.16,-0.69
5:45:33,0.71,-0.14,-0.73
5:45:34,0.71,-0.11,-0.72
5:45:34,0.73,-0.09,-0.68
6:6:23,0.70,-0.65,0.31
6:6:23,0.67,-0.72,0.29
6:6:23,0.70,-0.70,0.29
6:6:23,0.69,-0.74,0.30
6:6:23,0.66,-0.73,0.27
6:6:23,0.67,-0.73,0.29
6:6:23,0.69,-0.73,0.29
6:6:24,0.73,-0.68,0.30
6:6:24,0.68,-0.73,0.28
6:6:24,0.67,-0.73,0.29
6:6:24,0.69,-0.75,0.28
6:6:24,0.68,-0.75,0.29
6:6:24,0.68,-0.75,0.28
6:6:24,0.68,-0.74,0.28
6:6:24,0.61,-0.82,0.26
6:6:24,0.66,-0.75,0.27
6:6:24,0.68,-0.74,0.26
6:6:25,0.68,-0.72,0.27
6:6:25,0.67,-0.76,0.25
6:14:2,0.60,0.14,-0.60
6:14:3,0.84,0.06,-0.52
6:14:3,1.03,-0.12,-0.59
6:14:3,0.96,-0.17,-0.43
6:14:3,0.96,-0.19,-0.43
6:14:3,0.81,-0.27,-0.43
6:14:3,0.91,-0.22,-0.49
6:14:3,0.81,-0.15,-0.36
6:14:3,0.82,-0.11,-0.46
6:14:3,0.54,-0.07,-0.42
6:14:3,0.95,-0.23,-0.41
6:14:4,0.65,-0.08,-0.48
6:14:4,0.89,-0.22,-0.43
6:14:4,1.15,-0.54,-0.40
6:14:4,0.82,-0.26,-0.49
6:14:4,0.96,-0.29,-0.47
6:14:4,1.01,-0.15,-0.34
6:14:4,0.85,-0.33,-0.41
6:14:4,0.81,-0.40,-0.39
6:14:7,1.00,0.01,0.16
6:14:7,1.01,-0.04,0.18
6:14:7,1.00,-0.02,0.19
6:14:7,1.00,-0.02,0.19
6:14:7,0.98,-0.02,0.18
6:14:7,1.00,-0.02,0.18
6:14:7,0.99,-0.02,0.18
6:14:7,1.00,-0.02,0.19
6:14:7,1.01,-0.03,0.19
6:14:8,1.04,-0.06,0.17
6:14:8,1.00,-0.02,0.19
6:14:8,0.99,-0.02,0.18
6:14:8,1.01,-0.02,0.18
6:14:8,1.00,-0.03,0.18
6:14:8,1.00,-0.03,0.19
6:14:8,1.00,-0.03,0.18
6:14:8,1.01,-0.03,0.18
6:14:8,1.00,-0.03,0.18
6:14:8,1.00,-0.02,0.17
6:14:12,0.83,-0.02,-0.59
6:14:12,2.00,-1.17,-0.53
6:14:12,0.92,-0.19,-0.42
6:14:12,0.92,-0.20,-0.41
6:14:12,0.92,-0.20,-0.40
6:14:12,0.93,-0.19,-0.39
6:14:12,0.92,-0.20,-0.41
6:14:12,0.92,-0.19,-0.40
6:14:12,0.93,-0.20,-0.40
6:14:13,0.92,-0.18,-0.40
6:14:13,0.92,-0.20,-0.40
6:14:13,0.93,-0.19,-0.41
6:14:13,0.92,-0.20,-0.40
6:14:13,0.92,-0.19,-0.40
6:14:13,0.92,-0.19,-0.40
6:14:13,0.92,-0.18,-0.40
6:14:13,0.92,-0.19,-0.40
6:14:13,0.92,-0.20,-0.40
6:14:13,0.92,-0.20,-0.41
6:14:31,0.80,-0.14,-0.57
6:14:32,0.79,-0.17,-0.55
6:14:32,0.84,-0.18,-0.53
6:14:32,0.83,-0.16,-0.57
6:14:32,0.94,-0.19,-0.53
6:14:32,0.77,-0.16,-0.51
6:14:32,0.84,-0.20,-0.54
6:14:32,0.89,-0.23,-0.64
6:14:32,0.86,-0.16,-0.52
6:14:32,0.82,-0.16,-0.58
6:14:32,0.80,-0.13,-0.54
6:14:33,0.89,-0.22,-0.51
6:14:33,0.77,-0.08,-0.62
6:14:33,1.00,-0.25,-0.46
6:14:33,0.79,-0.24,-0.55
6:14:33,0.91,-0.27,-0.25
6:14:33,0.90,-0.25,-0.47
6:14:33,0.87,-0.25,-0.44
6:14:33,0.89,-0.21,-0.54
8:9:2,0.91,0.10,-0.41
8:9:2,0.92,0.10,-0.40
8:9:2,0.95,0.09,-0.38
8:9:2,0.95,0.10,-0.43
8:9:2,0.95,0.13,-0.43
8:9:2,0.90,0.10,-0.43
8:9:2,0.94,0.09,-0.43
8:9:2,0.91,0.09,-0.42
8:9:2,0.92,0.10,-0.43
8:9:3,0.91,0.09,-0.44
8:9:3,0.92,0.10,-0.43
8:9:3,0.90,0.09,-0.43
8:9:3,0.97,0.15,-0.52
8:9:3,0.92,0.07,-0.40
8:9:3,0.94,0.08,-0.41
8:9:3,0.89,0.10,-0.45
8:9:3,0.90,0.07,-0.44
8:9:3,0.99,0.03,-0.40
8:9:3,0.94,0.10,-0.38
8:17:52,0.77,0.13,0.65
8:17:52,0.76,0.13,0.64
8:17:52,0.77,0.14,0.62
8:17:52,0.77,0.13,0.63
8:17:52,0.77,0.14,0.64
8:17:52,0.77,0.14,0.63
8:17:52,0.76,0.15,0.63
8:17:53,0.76,0.15,0.62
8:17:53,0.76,0.16,0.63
8:17:53,0.78,0.16,0.64
8:17:53,0.77,0.18,0.60
8:17:53,0.78,0.17,0.61
8:17:53,0.76,0.20,0.61
8:17:53,0.78,0.19,0.62
8:17:53,0.77,0.19,0.62
8:17:53,0.77,0.19,0.61
8:17:53,0.78,0.18,0.61
8:17:54,0.77,0.18,0.61
8:17:54,0.77,0.19,0.61
8:18:9,0.18,0.72,0.71
8:18:9,0.30,0.79,0.54
8:18:9,0.18,0.72,0.64
8:18:10,0.18,0.72,0.65
8:18:10,0.20,0.72,0.64
8:18:10,0.19,0.72,0.64
8:18:10,0.18,0.72,0.64
8:18:10,0.19,0.71,0.64
8:18:10,0.16,0.72,0.62
8:18:10,0.14,0.72,0.62
8:18:10,0.17,0.74,0.61
8:18:10,0.11,0.73,0.65
8:18:10,0.13,0.75,0.57
8:18:11,0.17,0.79,0.58
8:18:11,0.15,0.76,0.59
8:18:11,0.17,0.85,0.55
8:18:11,0.14,0.74,0.57
8:18:11,0.17,0.78,0.58
8:18:11,0.16,0.77,0.57
8:39:17,0.18,0.91,-0.31
8:39:18,0.18,0.91,-0.29
8:39:18,0.15,0.91,-0.30
8:39:18,0.16,0.91,-0.31
8:39:18,0.16,0.90,-0.31
8:39:18,0.15,0.91,-0.32
8:39:18,0.17,0.90,-0.30
8:39:18,0.15,0.93,-0.28
8:39:18,0.19,0.93,-0.28
8:39:18,0.13,0.81,-0.42
8:39:18,0.04,0.93,-0.28
8:39:19,0.04,0.90,-0.35
8:39:19,0.10,0.93,-0.36
8:39:19,0.05,0.91,-0.43
8:39:19,-0.01,0.86,-0.35
8:39:19,-0.03,0.90,-0.45
8:39:19,0.07,0.93,-0.35
8:39:19,0.18,0.81,-0.24
8:39:19,0.10,0.92,-0.40
8:39:40,-0.06,0.55,-0.81
8:39:40,-0.05,0.54,-0.80
8:39:40,-0.07,0.57,-0.79
8:39:40,-0.05,0.56,-0.80
8:39:40,-0.06,0.55,-0.80
8:39:40,-0.04,0.56,-0.79
8:39:40,-0.03,0.52,-0.80
8:39:40,-0.06,0.55,-0.80
8:39:40,-0.01,0.53,-0.83
8:39:40,-0.06,0.55,-0.82
8:39:41,-0.11,0.54,-0.77
8:39:41,-0.12,0.54,-0.78
8:39:41,-0.07,0.54,-0.85
8:39:41,-0.23,0.51,-0.79
8:39:41,-0.13,0.54,-0.85
8:39:41,-0.13,0.61,-0.85
8:39:41,-0.08,0.58,-0.78
8:39:41,-0.10,0.66,-0.67
8:39:41,-0.13,0.58,-0.74
8:39:44,-0.67,-0.11,-0.72
8:39:44,-0.42,-0.06,-0.77
8:39:44,-0.48,0.22,-0.93
8:39:44,-0.50,0.13,-0.85
8:39:44,-0.47,0.08,-0.88
8:39:45,-0.47,0.15,-0.91
8:39:45,-0.46,-0.01,-0.88
8:39:45,-0.29,-0.02,-0.85
8:39:45,-0.88,-0.06,-0.55
8:39:45,-0.58,-0.36,-0.69
8:39:45,-0.63,-0.36,-0.52
8:39:45,-0.41,-0.37,-0.85
8:39:45,-0.39,-0.31,-0.85
8:39:45,-0.34,-0.28,-0.86
8:39:45,-0.45,-0.38,-0.80
8:39:46,-0.46,-0.34,-0.83
8:39:46,-0.44,-0.36,-0.84
8:39:46,-0.43,-0.33,-0.90
8:39:46,-0.50,-0.24,-0.90
9:18:8,-0.59,-0.11,-0.81
9:18:8,-0.48,-0.14,-0.80
9:18:8,-0.61,-0.09,-0.80
9:18:8,-0.38,-0.01,-0.88
9:18:8,-0.35,0.01,-0.91
9:18:8,-0.38,0.03,-0.90
9:18:8,-0.31,0.03,-0.93
9:18:9,-0.33,0.01,-0.95
9:18:9,-0.34,0.02,-0.95
9:18:9,-0.33,-0.03,-0.96
9:18:9,-0.35,-0.01,-0.92
9:18:9,-0.34,-0.02,-0.93
9:18:9,-0.37,-0.09,-0.88
9:18:9,-0.33,-0.01,-0.92
9:18:9,-0.34,-0.00,-0.93
9:18:9,-0.34,-0.02,-0.92
9:18:9,-0.33,0.00,-0.93
9:18:10,-0.35,-0.02,-0.92
9:18:10,-0.33,-0.00,-0.92
9:18:12,-0.45,-0.80,-0.23
9:18:12,-0.43,-0.91,-0.28
9:18:12,-0.40,-0.88,-0.28
9:18:12,-0.42,-0.87,-0.28
9:18:13,-0.41,-0.89,-0.29
9:18:13,-0.41,-0.85,-0.25
9:18:13,-0.48,-0.85,-0.27
9:18:13,-0.47,-0.83,-0.28
9:18:13,-0.54,-0.82,-0.27
9:18:13,-0.51,-0.86,-0.26
9:18:13,-0.50,-0.78,-0.33
9:18:13,-0.50,-0.84,-0.32
9:18:13,-0.45,-0.87,-0.37
9:18:13,-0.37,-0.83,-0.38
9:18:14,-0.45,-0.87,-0.33
9:18:14,-0.42,-0.87,-0.34
9:18:14,-0.48,-0.84,-0.32
9:18:14,-0.52,-0.83,-0.34
9:18:14,-0.46,-0.83,-0.35
9:18:20,-0.27,-0.83,-0.52
9:18:20,-0.27,-0.84,-0.51
9:18:20,-0.26,-0.85,-0.54
9:18:20,-0.32,-0.82,-0.50
9:18:20,-0.26,-0.87,-0.50
9:18:20,-0.18,-0.79,-0.56
9:18:20,-0.28,-0.86,-0.63
9:18:20,-0.03,-0.92,-0.56
9:18:20,0.12,-0.84,-0.60
9:18:20,0.06,-0.88,-0.57
9:18:21,-0.01,-0.87,-0.59
9:18:21,0.06,-0.83,-0.59
9:18:21,-0.06,-0.86,-0.57
9:18:21,-0.05,-0.85,-0.58
9:18:21,-0.04,-0.85,-0.57
9:18:21,-0.08,-0.84,-0.58
9:18:21,-0.12,-0.86,-0.55
9:18:21,-0.11,-0.86,-0.56
9:18:21,-0.12,-0.84,-0.55
9:18:40,-0.90,0.15,-0.40
9:18:40,-0.83,0.19,-0.44
9:18:40,-0.82,0.20,-0.46
9:18:40,-0.81,0.20,-0.50
9:18:40,-0.83,0.27,-0.49
9:18:40,-0.79,0.25,-0.50
9:18:40,-0.73,0.27,-0.53
9:18:41,-0.83,0.24,-0.51
9:18:41,-0.79,0.22,-0.53
9:18:41,-0.72,0.24,-0.52
9:18:41,-0.76,0.22,-0.53
9:18:41,-0.85,0.19,-0.42
9:18:41,-0.79,0.18,-0.60
9:18:41,-0.77,0.19,-0.55
9:18:41,-0.77,0.25,-0.42
9:18:41,-0.80,0.19,-0.65
9:18:41,-0.81,0.29,-0.75
9:18:42,-0.81,0.15,-0.43
9:18:42,-0.75,0.18,-0.55
9:31:17,0.34,0.85,-0.36
9:31:17,0.33,0.83,-0.36
9:31:17,0.35,0.84,-0.36
9:31:17,0.34,0.83,-0.37
9:31:17,0.31,0.91,-0.37
9:31:17,0.33,0.83,-0.35
9:31:17,0.34,0.84,-0.35
9:31:17,0.35,0.86,-0.35
9:31:17,0.35,0.84,-0.36
9:31:18,0.34,0.85,-0.35
9:31:18,0.34,0.84,-0.35
9:31:18,0.34,0.84,-0.33
9:31:18,0.33,0.85,-0.35
9:31:18,0.34,0.85,-0.35
9:31:18,0.35,0.85,-0.34
9:31:18,0.34,0.85,-0.35
9:31:18,0.35,0.84,-0.34
9:31:18,0.34,0.85,-0.34
9:31:18,0.39,0.85,-0.37
9:31:28,-0.17,0.91,0.28
9:31:28,-0.18,0.90,0.32
9:31:29,0.00,0.92,-0.09
9:31:29,-0.00,0.97,-0.09
9:31:29,-0.00,0.96,-0.09
9:31:29,-0.03,0.97,-0.07
9:31:29,-0.02,0.97,-0.07
9:31:29,0.15,0.70,-0.31
9:31:29,-0.01,0.94,-0.07
9:31:29,0.01,0.97,-0.05
9:31:29,0.03,0.99,-0.05
9:31:29,-0.00,0.98,-0.04
9:31:30,0.04,0.97,-0.09
9:31:30,0.05,0.94,0.00
9:31:30,0.01,0.96,-0.07
9:31:30,0.05,0.97,-0.08
9:31:30,0.38,1.11,0.10
9:31:30,0.01,1.02,-0.13
9:31:30,0.03,0.96,-0.15
9:31:30,0.04,0.96,-0.08
9:31:30,0.04,0.95,-0.15
9:31:30,0.01,0.91,-0.11
9:31:31,0.03,0.96,-0.16
9:31:31,0.01,0.95,-0.16
9:40:56,-0.08,0.98,-0.17
9:40:57,-0.03,0.97,-0.20
9:40:57,-0.16,0.93,-0.16
9:40:57,-0.08,0.93,-0.21
9:40:57,-0.06,0.92,-0.24
9:40:57,-0.17,0.93,-0.23
9:40:57,-0.10,0.93,-0.21
9:40:57,-0.08,0.94,-0.19
9:40:57,-0.07,0.92,-0.21
9:40:57,-0.08,0.94,-0.19
9:40:57,-0.06,0.94,-0.19
9:40:58,-0.07,0.94,-0.20
9:40:58,-0.06,0.95,-0.18
9:40:58,-0.06,0.94,-0.16
9:40:58,-0.07,0.94,-0.17
9:40:58,-0.07,0.96,-0.17
9:40:58,-0.06,0.96,-0.17
9:40:58,-0.06,0.96,-0.13
9:40:58,-0.06,0.95,-0.15
9:41:22,0.15,0.96,0.04
9:41:22,0.17,0.97,0.04
9:41:22,0.16,0.95,0.05
9:41:22,0.20,1.02,0.08
9:41:22,0.09,0.97,-0.17
9:41:22,0.26,0.82,0.05
9:41:22,0.11,1.32,0.03
9:41:22,0.42,0.81,-0.16
9:41:23,0.54,0.71,-0.15
9:41:23,0.77,0.36,-0.34
9:41:23,0.80,0.39,-0.67
9:41:23,0.64,0.50,-0.66
9:41:23,0.52,0.63,-0.65
9:41:23,0.48,0.61,-0.58
9:41:23,0.47,0.62,-0.61
9:41:23,0.48,0.57,-0.62
9:41:23,0.23,0.53,-0.67
9:41:23,0.02,0.71,-0.68
9:41:24,-0.19,0.76,-0.57
9:41:24,-0.09,0.74,-0.64
9:41:24,-0.09,0.82,-0.59
9:41:24,-0.12,0.74,-0.65
9:41:24,0.07,0.82,-0.68
9:41:24,0.37,-0.01,0.06
9:41:24,0.30,0.67,-0.67
9:41:24,0.30,0.85,-0.47
9:41:24,0.21,0.89,-0.39
9:41:24,0.22,0.91,-0.39
9:41:25,0.20,0.76,-0.43
9:41:25,0.17,0.91,-0.38
9:41:25,0.21,0.89,-0.36
9:41:25,0.18,0.89,-0.36
9:41:25,0.09,0.91,-0.30
9:41:25,0.14,0.71,-0.35
9:41:25,0.10,0.87,-0.36
9:41:25,0.17,0.71,-0.44
9:41:25,0.10,0.90,-0.24
9:41:25,0.02,0.98,-0.20
10:0:6,-0.25,0.95,-0.29
10:0:6,-0.09,1.00,-0.30
10:0:6,-0.35,0.86,-0.34
10:0:6,-0.29,0.84,-0.34
10:0:6,-0.41,0.80,-0.36
10:0:6,-0.51,0.74,-0.32
10:0:7,-0.55,0.68,-0.31
10:0:7,-0.56,0.74,-0.34
10:0:7,-0.71,0.62,-0.38
10:0:7,-1.11,0.33,-0.20
10:0:7,-0.94,0.23,-0.19
10:0:7,-0.97,0.10,-0.15
10:0:7,-0.98,0.06,-0.16
10:0:7,-0.94,-0.02,-0.15
10:0:7,-0.99,0.02,-0.09
10:0:7,-0.97,0.03,-0.11
10:0:8,-0.98,0.03,-0.08
10:0:8,-0.98,0.04,-0.07
10:0:8,-0.96,0.05,-0.10
10:0:8,-0.98,0.07,-0.09
10:0:8,-0.96,0.05,-0.10
10:0:8,-0.96,0.06,-0.10
10:0:8,-0.97,0.04,-0.09
10:0:8,-0.94,0.05,-0.11
10:0:8,-0.96,0.08,-0.11
10:0:8,-0.92,0.04,-0.09
10:0:9,-0.95,0.05,-0.16
10:0:9,-0.95,0.05,-0.16
10:0:9,-0.99,0.08,-0.16
10:0:9,-0.97,0.05,-0.13
10:0:9,-0.97,0.06,-0.13
10:0:16,-0.10,0.96,0.07
10:0:16,-0.12,0.99,0.07
10:0:17,-0.12,0.95,0.05
10:0:17,-0.11,0.96,0.08
10:0:17,-0.11,0.95,0.07
10:0:17,-0.12,0.96,0.06
10:0:17,-0.12,0.96,0.07
10:0:17,-0.12,0.96,0.05
10:0:17,-0.12,0.95,0.07
10:0:17,-0.13,0.96,0.07
10:0:17,-0.12,0.95,0.07
10:0:17,-0.12,0.95,0.08
10:0:18,-0.13,0.95,0.06
10:0:18,-0.12,0.97,0.08
10:0:18,-0.13,0.96,0.07
10:0:18,-0.12,0.95,0.07
10:0:18,-0.12,0.96,0.08
10:0:18,-0.12,0.96,0.08
10:0:18,-0.12,0.96,0.06
10:0:24,-0.46,0.44,-0.73
10:0:24,-0.43,0.44,-0.75
10:0:24,-0.41,0.49,-0.72
10:0:24,-0.41,0.48,-0.74
10:0:24,-0.34,0.56,-0.72
10:0:24,-0.04,-0.03,-0.62
10:0:24,-0.70,0.56,-0.47
10:0:24,-0.62,0.64,-0.33
10:0:24,-0.64,0.64,-0.35
10:0:24,-0.63,0.63,-0.35
10:0:25,-0.65,0.62,-0.38
10:0:25,-0.54,0.62,-0.41
10:0:25,-0.64,0.66,-0.38
10:0:25,-0.52,0.72,-0.38
10:0:25,-0.46,0.79,-0.34
10:0:25,-0.23,1.01,-0.43
10:0:25,-0.28,0.75,-0.39
10:0:25,-0.39,0.82,-0.48
10:0:25,-0.38,0.74,-0.44
10:0:25,-0.38,0.66,-0.48
10:0:26,-0.42,0.52,-0.47
10:0:26,-0.21,0.34,-0.48
10:0:26,-0.50,0.74,-0.39
10:0:26,-0.63,0.53,-0.24
10:0:26,-1.01,0.54,0.03
10:0:26,-0.96,0.02,0.12
10:0:26,-0.92,-0.18,0.44
10:0:26,-1.15,0.47,0.24
10:0:26,-0.88,0.28,-0.14
10:0:26,-0.75,0.33,-0.18
10:0:27,-0.88,0.32,-0.19
10:0:27,-0.84,0.33,-0.15
10:0:27,-0.88,0.39,-0.18
10:0:27,-0.84,0.37,-0.18
10:0:27,-0.93,0.30,-0.21
10:0:27,-0.85,0.29,-0.18
10:0:27,-0.82,0.35,-0.22
10:0:27,-0.77,0.40,-0.34
10:0:27,-0.77,0.40,-0.38
10:0:27,-0.80,0.38,-0.40
10:0:28,-0.82,0.43,-0.30
10:0:28,-0.80,0.43,-0.30
10:0:28,-0.77,0.37,-0.59
10:0:28,-0.88,0.40,-0.29
10:0:28,-0.81,0.43,-0.34
10:0:28,-0.81,0.40,-0.34
10:0:28,-0.88,0.25,-0.25
10:28:48,-0.93,0.24,0.14
10:28:48,-0.89,0.27,0.10
10:28:48,-0.90,0.31,0.11
10:28:48,-0.91,0.29,0.08
10:28:49,-0.80,0.64,0.23
10:28:49,-0.81,0.48,-0.17
10:28:49,-0.77,0.71,0.06
10:28:49,-0.79,0.59,0.09
10:28:49,-0.75,0.60,0.07
10:28:49,-0.73,0.59,0.09
10:28:49,-0.75,0.60,0.10
10:28:49,-0.75,0.59,0.06
10:28:49,-0.74,0.57,0.07
10:28:49,-0.78,0.58,0.07
10:28:50,-0.77,0.58,0.09
10:28:50,-0.76,0.58,0.06
10:28:50,-0.75,0.56,0.09
10:28:50,-0.79,0.61,0.08
10:28:50,-0.85,0.42,0.09
10:28:52,-1.02,0.34,-0.04
10:28:52,-0.95,0.16,-0.05
10:28:52,-1.02,-0.06,-0.03
10:28:52,-0.99,-0.33,-0.17
10:28:52,-0.83,-0.31,-0.04
10:28:52,-1.44,-0.81,-0.37
10:28:52,-0.79,-0.65,-0.16
10:28:52,-0.57,-0.71,-0.13
10:28:52,-0.86,-0.63,-0.22
10:28:52,-0.85,-0.38,-0.13
10:28:53,-0.84,-0.56,-0.12
10:28:53,-0.81,-0.46,-0.21
10:28:53,-0.91,-0.54,-0.18
10:28:53,-0.84,-0.66,-0.12
10:28:53,-0.79,-0.65,-0.05
10:28:53,-0.76,-0.66,-0.04
10:28:53,-0.89,-0.70,-0.08
10:28:53,-0.86,-0.62,0.00
10:28:53,-0.85,-0.54,0.03
10:28:53,-0.94,-0.52,0.02
10:28:54,-0.85,-0.61,0.13
10:28:54,-0.86,-0.72,0.22
10:28:54,-0.84,-0.57,-0.05
10:28:54,-0.80,-0.63,0.08
11:30:8,-0.99,-0.07,-0.08
11:30:8,-0.95,-0.05,-0.05
11:30:8,-0.95,-0.05,-0.06
11:30:8,-0.98,-0.03,0.00
11:30:8,-0.97,0.29,0.02
11:30:8,-1.01,-0.07,-0.04
11:30:8,-0.93,-0.14,0.02
11:30:8,-0.97,-0.06,-0.02
11:30:8,-0.97,-0.08,-0.00
11:30:9,-0.97,-0.08,0.00
11:30:9,-1.02,0.06,0.01
11:30:9,-0.94,0.03,0.02
11:30:9,-0.97,0.03,0.00
11:30:9,-0.91,-0.15,0.01
11:30:9,-0.95,0.07,0.02
11:30:9,-0.98,0.03,0.02
11:30:9,-0.96,0.05,0.03
11:30:9,-1.04,-0.07,0.10
11:30:9,-0.95,-0.00,0.03
12:42:4,-0.69,0.51,-0.45
12:42:4,-0.69,0.51,-0.45
12:42:4,-0.69,0.52,-0.45
12:42:4,-0.68,0.51,-0.45
12:42:4,-0.68,0.50,-0.44
12:42:4,-0.68,0.51,-0.46
12:42:4,-0.68,0.52,-0.43
12:42:5,-0.69,0.53,-0.43
12:42:5,-0.67,0.53,-0.45
12:42:5,-0.67,0.55,-0.44
12:42:5,-0.68,0.54,-0.44
12:42:5,-0.68,0.55,-0.45
12:42:5,-0.67,0.55,-0.44
12:42:5,-0.66,0.55,-0.45
12:42:5,-0.66,0.55,-0.43
12:42:5,-0.65,0.55,-0.43
12:42:5,-0.67,0.53,-0.45
12:42:6,-0.66,0.56,-0.42
12:42:6,-0.65,0.56,-0.43
12:42:12,-0.50,0.75,-0.31
12:42:12,-0.49,0.76,-0.34
12:42:12,-0.50,0.75,-0.34
12:42:12,-0.50,0.76,-0.32
12:42:12,-0.50,0.75,-0.34
12:42:12,-0.49,0.76,-0.33
12:42:12,-0.50,0.76,-0.33
12:42:12,-0.50,0.76,-0.33
12:42:12,-0.50,0.75,-0.34
12:42:12,-0.50,0.81,-0.35
12:42:13,-0.46,0.71,-0.33
12:42:13,-0.48,0.83,-0.33
12:42:13,-0.43,0.85,-0.35
12:42:13,-0.61,0.86,-0.31
12:42:13,-0.45,0.76,-0.35
12:42:13,-0.47,0.78,-0.38
12:42:13,-0.58,0.74,-0.53
12:42:13,-0.61,0.75,-0.37
12:42:13,-0.48,0.65,-0.34
12:42:29,-0.68,0.69,0.03
12:42:29,-0.68,0.67,0.04
12:42:29,-0.68,0.68,0.01
12:42:29,-0.68,0.68,0.02
12:42:29,-0.69,0.67,0.02
12:42:29,-0.68,0.67,0.04
12:42:29,-0.67,0.67,0.01
12:42:29,-0.69,0.68,0.03
12:42:29,-0.69,0.67,0.03
12:42:29,-0.70,0.68,0.03
12:42:30,-0.68,0.68,0.03
12:42:30,-0.69,0.67,0.04
12:42:30,-0.68,0.68,0.02
12:42:30,-0.69,0.68,0.03
12:42:30,-0.68,0.67,0.03
12:42:30,-0.70,0.67,0.02
12:42:30,-0.69,0.68,0.02
12:42:30,-0.68,0.68,0.02
12:42:30,-0.70,0.67,0.01
12:42:35,-0.66,0.43,-0.57
12:42:35,-0.65,0.45,-0.54
12:42:35,-0.66,0.45,-0.53
12:42:35,-0.66,0.46,-0.53
12:42:35,-0.68,0.50,-0.48
12:42:35,-0.68,0.47,-0.56
12:42:36,-0.60,0.51,-0.41
12:42:36,-0.86,0.57,-0.27
12:42:36,-0.81,0.63,-0.49
12:42:36,-0.58,0.49,-0.50
12:42:36,-0.68,0.44,-0.35
12:42:36,-0.69,0.56,-0.42
12:42:36,-0.67,0.38,-0.38
12:42:36,-0.71,0.51,-0.34
12:42:36,-0.39,0.45,-0.14
12:42:36,-0.66,0.48,-0.45
12:42:37,-0.78,0.48,-0.41
12:42:37,-0.71,0.51,-0.44
12:42:37,-0.18,0.66,-0.30
13:9:15,-0.78,0.42,-0.32
13:9:15,-0.79,0.45,-0.28
13:9:15,-0.79,0.41,-0.28
13:9:15,-0.77,0.43,-0.30
13:9:15,-0.79,0.44,-0.29
13:9:15,-0.81,0.48,-0.25
13:9:15,-0.83,0.46,-0.26
13:9:15,-0.80,0.49,-0.27
13:9:16,-0.68,0.60,-0.32
13:9:16,-0.77,0.45,-0.26
13:9:16,-0.83,0.43,-0.28
13:9:16,-0.81,0.46,-0.26
13:9:16,-0.88,0.34,-0.29
13:9:16,-0.81,0.46,-0.26
13:9:16,-0.68,0.59,-0.29
13:9:16,-0.87,0.40,-0.24
13:9:16,-0.79,0.44,-0.24
13:9:16,-0.80,0.43,-0.24
13:9:17,-0.84,0.50,-0.26
13:22:10,-0.16,0.87,0.30
13:22:10,-0.70,1.01,0.28
13:22:11,-0.47,0.75,0.27
13:22:11,-0.49,0.74,0.23
13:22:11,-0.43,0.86,0.21
13:22:11,-0.43,0.89,0.23
13:22:11,-0.42,0.82,0.24
13:22:11,-0.43,0.83,0.22
13:22:11,-0.41,0.84,0.24
13:22:11,-0.41,0.83,0.22
13:22:11,-0.42,0.83,0.23
13:22:11,-0.41,0.85,0.24
13:22:12,-0.42,0.84,0.21
13:22:12,-0.44,0.84,0.22
13:22:12,-0.44,0.82,0.22
13:22:12,-0.42,0.85,0.21
13:22:12,-0.47,0.86,0.20
13:22:12,-0.42,0.75,0.18
13:22:12,-0.46,0.75,0.23
13:22:12,-0.42,0.85,0.18
13:22:12,-0.45,0.88,0.48
14:28:37,0.17,1.02,0.11
14:28:37,0.76,1.29,0.13
14:28:37,0.46,1.00,0.02
14:28:37,0.29,0.87,0.00
14:28:37,0.28,0.88,0.00
14:28:37,0.34,0.98,-0.12
14:28:37,0.27,0.95,-0.02
14:28:37,0.34,0.92,-0.11
14:28:37,0.61,0.92,-0.22
14:28:38,0.54,0.92,-0.11
14:28:38,0.52,0.85,-0.05
14:28:38,0.62,0.78,0.07
14:28:38,0.17,0.13,0.17
14:28:38,-0.04,0.85,-0.35
14:28:38,0.25,0.61,-0.57
14:28:38,0.24,1.05,-0.45
14:28:38,0.26,0.93,-0.27
14:28:38,0.20,0.93,-0.25
14:28:38,0.25,0.92,-0.23
14:28:39,0.17,0.95,-0.28
14:28:39,0.18,0.94,-0.31
14:28:39,0.19,0.93,-0.29
14:28:39,0.23,0.93,-0.31
14:28:39,0.10,0.93,-0.35
14:28:39,0.15,0.95,-0.31
14:28:39,0.10,0.92,-0.32
14:28:39,0.12,0.92,-0.30
14:28:39,0.09,0.92,-0.30
14:28:39,0.18,0.95,-0.27
14:28:40,0.23,0.97,-0.37
14:41:5,-0.52,0.72,-0.52
14:41:5,0.02,0.90,-0.42
14:41:5,0.10,0.86,-0.22
14:41:5,-0.03,0.83,-0.12
14:41:5,0.26,0.88,-0.44
14:41:5,0.39,0.91,-0.25
14:41:6,0.34,0.92,-0.27
14:41:6,0.40,0.92,-0.23
14:41:6,0.01,0.77,-0.16
14:41:6,0.22,0.92,-0.18
14:41:6,0.12,0.91,-0.25
14:41:6,0.06,0.93,-0.07
14:41:6,0.24,1.03,-0.12
14:41:6,0.31,0.92,-0.12
14:41:6,0.31,0.90,-0.10
14:41:6,0.32,0.92,-0.12
14:41:7,0.34,0.92,-0.10
14:41:7,0.36,0.91,-0.11
14:41:7,0.37,0.91,-0.10
14:41:7,0.36,0.89,-0.09
14:41:7,0.38,0.90,-0.10
14:41:7,0.37,0.92,-0.10
14:41:7,0.39,0.89,-0.10
14:41:7,0.38,0.90,-0.10
14:41:7,0.38,0.90,-0.09
14:41:7,0.39,0.90,-0.10
14:41:18,1.00,-0.22,-0.05
14:41:18,1.00,-0.22,-0.06
14:41:18,0.99,-0.22,-0.05
14:41:18,1.00,-0.23,-0.04
14:41:18,1.00,-0.23,-0.05
14:41:18,1.00,-0.23,-0.04
14:41:18,0.99,-0.23,-0.05
14:41:18,1.00,-0.23,-0.06
14:41:18,1.00,-0.24,-0.06
14:41:18,1.00,-0.25,-0.06
14:41:19,1.00,-0.26,-0.06
14:41:19,0.99,-0.28,-0.06
14:41:19,0.98,-0.30,-0.06
14:41:19,0.98,-0.34,-0.06
14:41:19,0.97,-0.32,-0.06
14:41:19,0.97,-0.34,-0.03
14:41:19,0.99,-0.33,-0.06
14:41:19,0.96,-0.31,-0.05
14:41:19,0.97,-0.32,-0.03
14:41:24,0.50,0.03,-0.88
14:41:24,0.53,0.09,-0.88
14:41:24,0.62,-0.09,-0.78
14:41:24,0.65,-0.08,-0.80
14:41:24,0.68,-0.12,-0.77
14:41:25,0.70,-0.11,-0.74
14:41:25,0.65,-0.17,-0.87
14:41:25,0.59,-0.16,-0.86
14:41:25,0.51,-0.05,-0.84
14:41:25,0.65,-0.19,-0.79
14:41:25,0.73,-0.19,-0.76
14:41:25,0.71,-0.17,-0.81
14:41:25,0.65,-0.15,-0.74
14:41:25,0.63,-0.09,-0.88
14:41:25,0.62,-0.11,-0.79
14:41:26,0.71,-0.08,-0.80
14:41:26,0.66,-0.05,-0.82
14:41:26,0.59,-0.11,-0.78
14:41:26,0.69,-0.15,-0.76
15:10:41,1.00,0.17,-0.09
15:10:41,1.00,0.19,-0.10
15:10:42,1.00,0.19,-0.10
15:10:42,0.97,0.17,-0.08
15:10:42,0.99,0.19,-0.07
15:10:42,0.99,0.19,-0.07
15:10:42,1.00,0.19,-0.08
15:10:42,0.99,0.17,-0.10
15:10:42,1.00,0.17,-0.08
15:10:42,1.00,0.18,-0.08
15:10:42,0.99,0.18,-0.09
15:10:42,1.00,0.18,-0.08
15:10:43,0.98,0.17,-0.08
15:10:43,0.99,0.18,-0.07
15:10:43,0.99,0.18,-0.08
15:10:43,0.99,0.18,-0.09
15:10:43,0.98,0.19,-0.09
15:10:43,1.01,0.18,-0.07
15:10:43,1.00,0.19,-0.06
15:10:49,0.85,-0.28,-0.18
15:10:49,0.93,-0.20,-0.43
15:10:49,0.92,-0.22,-0.35
15:10:50,0.94,-0.26,-0.33
15:10:50,0.91,-0.21,-0.42
15:10:50,0.91,-0.13,-0.43
15:10:50,0.89,-0.21,-0.40
15:10:50,0.89,-0.13,-0.47
15:10:50,0.91,-0.18,-0.44
15:10:50,0.90,-0.17,-0.43
15:10:50,0.91,-0.19,-0.43
15:10:50,0.90,-0.18,-0.44
15:10:50,0.90,-0.18,-0.44
15:10:51,0.89,-0.19,-0.45
15:10:51,0.91,-0.19,-0.45
15:10:51,0.91,-0.19,-0.43
15:10:51,0.92,-0.17,-0.46
15:10:51,0.91,-0.19,-0.45
15:10:51,0.90,-0.19,-0.44
15:10:54,0.62,0.64,-0.07
15:10:54,0.67,0.27,-0.09
15:10:55,0.63,0.41,-0.17
15:10:55,0.81,0.50,-0.26
15:10:55,0.88,0.43,-0.24
15:10:55,0.88,0.41,-0.25
15:10:55,0.84,0.47,-0.30
15:10:55,0.88,0.35,-0.25
15:10:55,1.00,-0.12,-0.28
15:10:55,0.88,-0.35,-0.32
15:10:55,0.85,-0.54,-0.27
15:10:55,0.83,-0.56,-0.29
15:10:56,0.81,-0.53,-0.28
15:10:56,0.84,-0.56,-0.29
15:10:56,0.83,-0.55,-0.30
15:10:56,0.84,-0.55,-0.30
15:10:56,0.84,-0.54,-0.30
15:10:56,0.82,-0.54,-0.29
15:10:56,0.84,-0.55,-0.29
15:10:56,0.83,-0.55,-0.28
15:10:56,0.83,-0.54,-0.29
15:10:56,0.84,-0.54,-0.29
15:10:57,0.84,-0.55,-0.29
15:10:57,0.83,-0.54,-0.29
15:10:57,0.83,-0.55,-0.30
15:10:57,0.83,-0.55,-0.30
15:10:57,0.83,-0.54,-0.29
15:10:57,0.84,-0.54,-0.29
15:10:57,0.83,-0.55,-0.29
15:10:57,0.83,-0.55,-0.31
15:11:10,0.28,-0.76,-0.71
15:11:10,0.37,-0.60,-0.72
15:11:10,0.38,-0.84,-0.80
15:11:10,0.35,-0.72,-0.64
15:11:10,0.33,-0.76,-0.61
15:11:11,0.26,-0.78,-0.60
15:11:11,0.31,-0.80,-0.61
15:11:11,0.28,-0.79,-0.62
15:11:11,0.22,-0.43,-0.93
15:11:11,0.17,-0.57,-0.84
15:11:11,0.24,-0.73,-0.72
15:11:11,0.27,-0.72,-0.70
15:11:11,0.23,-0.73,-0.70
15:11:11,0.21,-0.75,-0.71
15:11:11,0.19,-0.76,-0.66
15:11:12,0.09,-0.77,-0.67
15:11:12,0.17,-0.76,-0.67
15:11:12,0.15,-0.75,-0.66
15:11:12,0.22,-0.77,-0.72
15:33:56,-0.09,-0.72,-0.55
15:33:56,0.24,-0.94,-0.66
15:33:56,1.51,-1.59,-0.42
15:33:56,0.28,-0.77,-0.58
15:33:56,0.24,-0.78,-0.58
15:33:56,0.25,-0.81,-0.58
15:33:56,0.26,-0.82,-0.53
15:33:56,0.22,-0.84,-0.59
15:33:56,0.23,-0.86,-0.55
15:33:56,0.27,-0.73,-0.50
15:33:57,0.18,-0.84,-0.55
15:33:57,0.02,-0.86,-0.55
15:33:57,0.20,-0.87,-0.57
15:33:57,0.09,-0.83,-0.54
15:33:57,0.23,-0.87,-0.54
15:33:57,0.17,-0.88,-0.50
15:33:57,0.15,-0.84,-0.54
15:33:57,0.15,-0.86,-0.51
15:33:57,0.05,-0.93,-0.44
15:34:6,-0.30,-0.97,0.19
15:34:6,-0.30,-0.97,0.19
15:34:6,-0.31,-0.96,0.19
15:34:6,-0.33,-0.96,0.17
15:34:7,-0.36,-0.94,0.15
15:34:7,-0.38,-0.95,0.16
15:34:7,-0.36,-0.95,0.17
15:34:7,-0.37,-0.96,0.15
15:34:7,-0.31,-0.94,0.17
15:34:7,-0.40,-0.83,0.10
15:34:7,-1.02,-0.63,-0.29
15:34:7,-0.95,-0.61,-0.36
15:34:7,-0.74,0.08,-0.45
15:34:7,-0.67,-0.29,-0.67
15:34:8,-0.55,-0.15,-0.58
15:34:8,-0.63,-0.19,-0.65
15:34:8,-0.71,-0.30,-0.72
15:34:8,-0.63,-0.18,-0.67
15:34:8,-0.69,-0.20,-0.68
15:34:8,-0.74,-0.19,-0.68
15:34:8,-0.66,-0.13,-0.70
15:34:8,-0.70,-0.15,-0.68
15:34:8,-0.70,-0.14,-0.67
15:34:8,-0.69,-0.18,-0.64
15:34:9,-0.71,-0.19,-0.65
15:34:9,-0.73,-0.18,-0.62
15:34:9,-0.75,-0.19,-0.61
15:34:9,-0.73,-0.20,-0.60
15:34:9,-0.74,-0.24,-0.59
15:34:9,-0.82,-0.26,-0.55
15:34:9,-0.73,-0.24,-0.60
15:34:9,-0.75,-0.24,-0.57
15:34:9,-0.75,-0.25,-0.59
15:34:9,-0.75,-0.24,-0.57
15:34:19,-0.90,-0.23,-0.21
15:34:20,-0.92,-0.23,-0.25
15:34:20,-0.89,-0.25,-0.29
15:34:20,-0.97,-0.29,-0.20
15:34:20,-0.91,-0.21,-0.19
15:34:20,-0.93,-0.22,-0.18
15:34:20,-0.97,-0.20,-0.24
15:34:20,-0.92,-0.27,-0.22
15:34:20,-0.93,-0.26,-0.23
15:34:20,-0.95,-0.25,-0.20
15:34:20,-0.93,-0.23,-0.21
15:34:21,-0.99,-0.24,-0.23
15:34:21,-0.93,-0.23,-0.18
15:34:21,-0.93,-0.22,-0.23
15:34:21,-0.86,-0.18,-0.71
15:34:21,-0.92,-0.15,-0.46
15:34:21,-0.61,-0.27,-0.66
15:34:21,-0.74,-0.30,-0.55
15:34:21,-0.48,-0.19,-0.84
15:34:21,-0.57,-0.40,-0.69
15:34:21,-0.47,-0.08,-0.82
15:34:22,-0.59,-0.50,-0.74
15:34:22,-0.56,-0.36,-0.76
15:34:22,-0.51,-0.36,-0.79
15:34:22,-0.55,-0.35,-0.75
15:34:22,-0.55,-0.36,-0.75
15:34:22,-0.55,-0.36,-0.74
15:34:22,-0.56,-0.35,-0.76
15:34:22,-0.54,-0.36,-0.74
15:34:22,-0.56,-0.36,-0.74
15:34:22,-0.57,-0.37,-0.73
15:34:23,-0.56,-0.36,-0.74
15:34:23,-0.57,-0.36,-0.74
15:34:23,-0.57,-0.36,-0.73
15:34:23,-0.56,-0.36,-0.74
15:34:23,-0.56,-0.37,-0.73
15:34:29,-0.82,-0.59,-0.41
15:34:29,-0.76,-0.54,-0.45
15:34:29,-0.69,-0.58,-0.53
15:34:29,-0.64,-0.62,-0.39
15:34:29,-0.67,-0.58,-0.42
15:34:30,-0.70,-0.58,-0.44
15:34:30,-0.69,-0.60,-0.41
15:34:30,-0.69,-0.61,-0.42
15:34:30,-0.69,-0.59,-0.42
15:34:30,-0.69,-0.60,-0.43
15:34:30,-0.68,-0.59,-0.42
15:34:30,-0.68,-0.68,-0.39
15:34:30,-0.67,-0.54,-0.60
15:34:30,-0.66,-0.59,-0.43
15:34:30,-0.72,-0.67,-0.50
15:34:31,-0.56,-0.69,-0.54
15:34:31,-0.59,-0.61,-0.44
15:34:31,-0.64,-0.48,-0.56
15:34:31,-0.68,-0.50,-0.47
15:34:34,-0.67,-0.06,-0.72
15:34:34,-0.71,0.03,-0.74
15:34:34,-0.69,0.03,-0.70
15:34:34,-0.69,-0.08,-0.67
15:34:34,-0.40,-0.02,-0.68
15:34:35,-0.67,-0.07,-0.74
15:34:35,-0.58,-0.04,-0.73
15:34:35,-0.80,-0.01,-0.50
15:34:35,-0.81,-0.09,-0.60
15:34:35,-0.64,-0.04,-0.73
15:34:35,-0.68,-0.02,-0.72
15:34:35,-0.62,-0.03,-0.70
15:34:35,-0.59,-0.05,-0.74
15:34:35,-0.67,-0.01,-0.67
15:34:35,-0.64,-0.05,-0.73
15:34:36,-0.69,-0.03,-0.67
15:34:36,-0.72,-0.04,-0.69
15:34:36,-0.74,0.02,-0.72
15:34:36,-0.80,-0.17,-0.72
15:45:1,-0.72,-0.12,-0.66
15:45:1,-0.72,-0.10,-0.66
15:45:1,-0.73,-0.08,-0.65
15:45:1,-0.73,-0.06,-0.65
15:45:1,-0.73,-0.02,-0.63
15:45:1,-0.74,-0.04,-0.65
15:45:1,-0.73,-0.04,-0.65
15:45:1,-0.73,-0.04,-0.66
15:45:1,-0.74,-0.07,-0.60
15:45:1,-0.74,0.12,-0.67
15:45:2,-0.78,0.18,-0.55
15:45:2,-0.76,0.20,-0.54
15:45:2,-0.79,0.36,-0.49
15:45:2,-0.71,0.37,-0.43
15:45:2,-0.78,0.38,-0.41
15:45:2,-0.76,0.37,-0.41
15:45:2,-0.78,0.38,-0.43
15:45:2,-0.78,0.38,-0.41
15:45:2,-0.78,0.38,-0.41
15:45:2,-0.78,0.39,-0.42
15:45:3,-0.77,0.35,-0.42
15:45:3,-0.78,0.36,-0.46
15:45:3,-0.77,0.37,-0.45
15:45:3,-0.77,0.37,-0.45
15:45:3,-0.76,0.36,-0.42
15:45:3,-0.77,0.39,-0.44
15:45:3,-0.78,0.38,-0.42
15:45:3,-0.77,0.38,-0.45
15:45:3,-0.78,0.38,-0.40
15:45:3,-0.76,0.33,-0.46
15:45:4,-0.83,0.30,-0.47
15:45:4,-0.84,0.33,-0.45
15:45:4,-0.79,0.25,-0.38
15:45:4,-0.83,0.33,-0.36
15:58:30,0.38,0.79,0.41
15:58:31,0.39,0.88,0.58
15:58:31,0.23,0.76,0.57
15:58:31,0.38,0.68,0.49
15:58:31,0.88,0.61,0.41
15:58:31,0.45,0.77,0.48
15:58:31,0.41,0.72,0.43
15:58:31,0.46,0.75,0.45
15:58:31,0.41,0.80,0.41
15:58:31,0.39,0.81,0.44
15:58:31,0.46,0.77,0.44
15:58:32,0.56,0.71,0.38
15:58:32,0.56,0.74,0.40
15:58:32,0.62,0.70,0.38
15:58:32,0.56,0.72,0.41
15:58:32,0.57,0.67,0.42
15:58:32,0.59,0.69,0.40
15:58:32,0.61,0.68,0.39
15:58:32,0.60,0.69,0.40
15:58:32,0.60,0.68,0.40
15:58:32,0.60,0.68,0.39
15:58:33,0.59,0.68,0.40
15:58:33,0.59,0.69,0.38
15:58:33,0.60,0.69,0.39
15:58:35,0.75,0.56,0.34
15:58:35,0.74,0.55,0.35
15:58:35,0.75,0.56,0.35
15:58:35,0.75,0.55,0.37
15:58:35,0.75,0.56,0.35
15:58:35,0.76,0.55,0.35
15:58:35,0.75,0.54,0.36
15:58:35,0.76,0.55,0.35
15:58:35,0.75,0.54,0.36
15:58:36,0.75,0.55,0.36
15:58:36,0.76,0.53,0.35
15:58:36,0.76,0.54,0.35
15:58:36,0.76,0.54,0.36
15:58:36,0.76,0.53,0.35
15:58:36,0.77,0.52,0.36
15:58:36,0.76,0.53,0.36
15:58:36,0.76,0.53,0.37
15:58:36,0.77,0.53,0.36
15:58:36,0.77,0.52,0.34
15:58:39,0.80,0.33,-0.04
15:58:39,1.05,0.09,-0.19
15:58:40,1.00,0.14,-0.20
15:58:40,0.99,0.10,-0.18
15:58:40,1.00,0.13,-0.19
15:58:40,1.00,0.12,-0.18
15:58:40,1.02,0.11,-0.17
15:58:40,1.01,-0.06,-0.21
15:58:40,1.02,0.05,-0.16
15:58:40,1.01,0.03,-0.16
15:58:40,1.05,0.05,-0.17
15:58:40,1.00,-0.08,-0.19
15:58:41,1.01,-0.02,-0.19
15:58:41,1.03,-0.05,-0.16
15:58:41,1.04,-0.01,-0.18
15:58:41,0.98,-0.05,-0.02
15:58:41,0.97,-0.05,-0.11
15:58:41,1.02,-0.06,-0.15
15:58:41,0.99,-0.03,-0.15
16:47:26,0.85,-0.45,-0.36
16:47:26,0.86,-0.45,-0.36
16:47:26,0.86,-0.45,-0.38
16:47:27,0.86,-0.45,-0.38
16:47:27,0.85,-0.45,-0.36
16:47:27,0.86,-0.45,-0.36
16:47:27,0.86,-0.46,-0.36
16:47:27,0.86,-0.45,-0.35
16:47:27,0.86,-0.45,-0.36
16:47:27,0.88,-0.37,-0.49
16:47:27,0.76,-0.47,-0.36
16:47:27,0.86,-0.37,-0.36
16:47:27,0.82,-0.53,-0.40
16:47:28,0.83,-0.52,-0.39
16:47:28,0.68,-0.45,-0.49
16:47:28,0.77,-0.39,-0.55
16:47:28,0.56,-0.50,-0.49
16:47:28,0.71,-0.47,-0.59
16:47:28,0.63,-0.61,-0.54
16:47:28,0.81,-0.34,-0.55
16:47:28,0.80,-0.38,-0.54
16:47:28,0.81,-0.38,-0.53
16:47:28,0.80,-0.36,-0.54
16:47:28,0.78,-0.34,-0.51
16:47:29,0.80,-0.38,-0.54
16:47:29,0.80,-0.32,-0.53
16:47:29,0.84,-0.33,-0.55
16:47:29,0.80,-0.32,-0.53
16:47:29,0.81,-0.28,-0.74
16:47:29,0.79,-0.35,-0.58
16:47:29,0.78,-0.36,-0.56
16:47:29,0.79,-0.37,-0.55
16:47:29,0.80,-0.35,-0.54
16:47:29,0.81,-0.37,-0.54
16:47:30,0.79,-0.36,-0.55
16:47:30,0.79,-0.36,-0.54
16:47:30,0.80,-0.36,-0.54
17:10:59,0.50,0.31,-0.81
17:10:59,0.51,0.30,-0.82
17:10:59,0.50,0.27,-0.83
17:10:59,0.44,0.34,-0.75
17:10:59,0.47,0.28,-0.79
17:10:59,0.50,0.26,-0.83
17:10:59,0.48,0.27,-0.77
17:11:0,0.54,0.23,-0.81
17:11:0,0.58,0.24,-0.79
17:11:0,0.59,0.23,-0.81
17:11:0,0.57,0.22,-0.80
17:11:0,0.59,0.24,-0.81
17:11:0,0.57,0.21,-0.79
17:11:0,0.58,0.22,-0.80
17:11:0,0.58,0.22,-0.79
17:11:0,0.56,0.23,-0.79
17:11:0,0.58,0.21,-0.80
17:11:1,0.57,0.21,-0.80
17:11:1,0.58,0.21,-0.79
17:11:5,0.82,0.43,-0.41
17:11:5,0.82,0.43,-0.40
17:11:5,0.81,0.43,-0.38
17:11:5,0.81,0.43,-0.36
17:11:5,0.78,0.32,-0.58
17:11:5,0.66,0.45,-0.68
17:11:5,0.74,0.37,-0.83
17:11:5,0.79,0.37,-0.50
17:11:6,0.61,0.32,-0.56
17:11:6,0.81,0.35,-0.53
17:11:6,0.79,0.32,-0.52
17:11:6,0.78,0.32,-0.51
17:11:6,0.79,0.33,-0.52
17:11:6,0.79,0.32,-0.52
17:11:6,0.80,0.32,-0.52
17:11:6,0.80,0.32,-0.52
17:11:6,0.80,0.33,-0.52
17:11:6,0.80,0.32,-0.51
17:11:7,0.80,0.33,-0.51
17:11:7,0.79,0.33,-0.51
17:11:7,0.80,0.33,-0.51
17:11:7,0.81,0.34,-0.51
17:11:7,0.79,0.32,-0.52
17:11:7,0.80,0.33,-0.51
17:11:7,0.80,0.33,-0.51
17:11:7,0.80,0.33,-0.52
17:11:17,0.47,0.71,-0.39
17:11:17,0.42,0.72,-0.39
17:11:17,0.52,0.66,-0.34
17:11:17,0.60,0.63,-0.31
17:11:17,0.61,0.54,-0.33
17:11:17,0.68,0.73,-0.24
17:11:17,0.70,0.60,-0.29
17:11:17,0.61,0.63,-0.29
17:11:18,1.03,0.79,-0.21
17:11:18,0.66,0.65,-0.25
17:11:18,0.76,0.68,-0.21
17:11:18,-0.90,1.60,0.50
17:11:18,0.73,0.59,-0.27
17:11:18,0.68,0.69,-0.22
17:11:18,0.68,0.69,-0.22
17:11:18,0.66,0.71,-0.22
17:11:18,0.69,0.66,-0.22
17:11:18,1.06,0.50,-0.71
17:11:19,0.69,0.69,-0.27
17:11:27,0.74,0.68,-0.07
17:11:27,0.73,0.67,-0.08
17:11:27,0.72,0.67,-0.09
17:11:28,0.72,0.69,-0.09
17:11:28,0.72,0.67,-0.10
17:11:28,0.73,0.67,-0.07
17:11:28,0.74,0.68,-0.07
17:11:28,0.73,0.67,-0.08
17:11:28,0.73,0.66,-0.08
17:11:28,0.74,0.67,-0.09
17:11:28,0.73,0.67,-0.07
17:11:28,0.74,0.67,-0.08
17:11:28,0.74,0.67,-0.08
17:11:29,0.72,0.67,-0.08
17:11:29,0.73,0.67,-0.08
17:11:29,0.73,0.67,-0.08
17:11:29,0.74,0.66,-0.10
17:11:29,0.73,0.67,-0.08
17:11:29,0.73,0.67,-0.08
17:52:9,0.31,0.81,-0.44
17:52:9,0.33,0.81,-0.45
17:52:9,0.30,0.83,-0.43
17:52:9,0.31,0.84,-0.42
17:52:9,0.27,0.82,-0.43
17:52:9,0.29,0.84,-0.43
17:52:9,0.29,0.84,-0.42
17:52:10,0.27,0.84,-0.42
17:52:10,0.28,0.83,-0.43
17:52:10,0.29,0.84,-0.41
17:52:10,0.31,0.81,-0.41
17:52:10,0.28,0.85,-0.43
17:52:10,0.25,0.85,-0.40
17:52:10,0.30,0.83,-0.42
17:52:10,0.26,0.86,-0.39
17:52:10,0.29,0.84,-0.39
17:52:10,0.29,0.84,-0.41
17:52:11,0.28,0.84,-0.41
17:52:11,0.28,0.84,-0.40
18:44:28,0.31,0.73,-0.41
18:44:28,0.60,0.79,-0.34
18:44:28,0.55,0.71,-0.30
18:44:28,0.66,0.64,-0.41
18:44:28,0.63,0.70,-0.36
18:44:28,0.69,0.61,-0.43
18:44:28,0.63,0.82,-0.30
18:44:28,0.60,0.80,-0.29
18:44:28,0.56,0.73,-0.32
18:44:29,0.53,0.96,-0.16
18:44:29,0.51,0.77,-0.32
18:44:29,0.42,0.83,-0.26
18:44:29,0.53,0.85,-0.29
18:44:29,0.18,0.84,-0.02
18:44:29,0.16,1.06,-0.10
18:44:29,0.18,1.03,-0.17
18:44:29,0.18,0.96,-0.13
18:44:29,0.17,0.86,-0.05
18:44:29,0.27,0.83,-0.12
18:44:30,0.26,0.95,-0.04
18:44:30,0.16,1.00,0.11
18:44:30,0.27,0.94,0.00
18:44:30,0.29,0.94,0.07
18:44:30,-0.10,1.35,0.21
18:44:30,0.30,0.93,-0.02
18:44:30,0.30,0.93,-0.01
18:44:30,0.30,0.93,-0.03
18:44:30,0.31,0.92,-0.01
18:44:30,0.30,0.93,-0.01
18:44:31,0.30,0.94,-0.00
18:44:31,0.30,0.93,-0.01
18:44:31,0.31,0.93,-0.02
18:44:31,0.30,0.92,0.00
18:44:31,0.31,0.93,-0.02
18:44:31,0.31,0.93,-0.01
18:44:42,-0.69,0.60,-0.32
18:44:42,-0.68,0.59,-0.30
18:44:42,-0.72,0.58,-0.33
18:44:42,-0.71,0.56,-0.32
18:44:43,-0.71,0.56,-0.33
18:44:43,-0.71,0.57,-0.32
18:44:43,-0.72,0.56,-0.33
18:44:43,-0.71,0.55,-0.32
18:44:43,-0.71,0.56,-0.32
18:44:43,-0.72,0.56,-0.33
18:44:43,-0.71,0.55,-0.34
18:44:43,-0.72,0.56,-0.33
18:44:43,-0.72,0.56,-0.32
18:44:43,-0.71,0.56,-0.33
18:44:44,-0.73,0.56,-0.34
18:44:44,-0.72,0.54,-0.33
18:44:44,-0.72,0.56,-0.34
18:44:44,-0.72,0.54,-0.33
18:44:44,-0.72,0.55,-0.33
19:13:8,-0.94,-0.14,-0.25
19:13:8,-0.95,-0.14,-0.25
19:13:8,-0.95,-0.13,-0.25
19:13:8,-0.95,-0.13,-0.24
19:13:8,-0.94,-0.13,-0.25
19:13:8,-0.94,-0.13,-0.26
19:13:9,-0.94,-0.13,-0.25
19:13:9,-0.94,-0.13,-0.25
19:13:9,-0.94,-0.14,-0.25
19:13:9,-0.94,-0.14,-0.26
19:13:9,-0.94,-0.14,-0.25
19:13:9,-0.95,-0.14,-0.24
19:13:9,-0.94,-0.13,-0.25
19:13:9,-0.97,-0.13,-0.23
19:13:9,-0.95,-0.12,-0.25
19:13:9,-0.95,-0.12,-0.22
19:13:10,-0.95,-0.11,-0.23
19:13:10,-0.96,-0.13,-0.23
19:13:10,-0.95,-0.13,-0.23
21:8:42,-0.86,-0.49,-0.09
21:8:42,-0.87,-0.53,-0.06
21:8:42,-0.87,-0.51,-0.07
21:8:42,-0.82,-0.53,-0.02
21:8:43,-0.83,-0.51,-0.15
21:8:43,-0.82,-0.48,-0.19
21:8:43,-0.70,-0.39,-0.24
21:8:43,-0.88,-0.47,-0.15
21:8:43,-0.83,-0.55,-0.18
21:8:43,-0.84,-0.58,-0.17
21:8:43,-0.83,-0.54,-0.19
21:8:43,-0.81,-0.51,-0.17
21:8:43,-0.77,-0.56,-0.19
21:8:43,-0.83,-0.54,-0.18
21:8:44,-0.83,-0.54,-0.17
21:8:44,-0.80,-0.53,-0.16
21:8:44,-0.82,-0.56,-0.17
21:8:44,-0.83,-0.55,-0.16
21:8:44,-0.82,-0.56,-0.17
21:57:32,-0.68,0.56,-0.27
21:57:32,-0.70,0.59,-0.24
21:57:32,-0.65,0.48,-0.57
21:57:33,-0.69,0.39,-0.52
21:57:33,-0.74,0.36,-0.54
21:57:33,-0.63,0.35,-0.62
21:57:33,-0.69,0.34,-0.57
21:57:33,-0.74,0.37,-0.56
21:57:33,-0.70,0.37,-0.56
21:57:33,-0.76,0.35,-0.54
21:57:33,-0.73,0.36,-0.53
21:57:33,-0.74,0.34,-0.55
21:57:33,-0.72,0.37,-0.53
21:57:34,-0.72,0.36,-0.54
21:57:34,-0.73,0.37,-0.54
21:57:34,-0.72,0.36,-0.55
21:57:34,-0.72,0.36,-0.53
21:57:34,-0.72,0.37,-0.54
21:57:34,-0.73,0.36,-0.53
21:57:37,-0.70,0.66,-0.20
21:57:37,-0.69,0.65,-0.21
21:57:37,-0.67,0.64,-0.24
21:57:37,-0.67,0.64,-0.21
21:57:37,-0.68,0.64,-0.23
21:57:37,-0.67,0.63,-0.24
21:57:38,-0.66,0.65,-0.25
21:57:38,-0.68,0.64,-0.24
21:57:38,-0.67,0.63,-0.24
21:57:38,-0.67,0.64,-0.26
21:57:38,-0.68,0.64,-0.26
21:57:38,-0.69,0.64,-0.26
21:57:38,-0.69,0.64,-0.26
21:57:38,-0.68,0.63,-0.26
21:57:38,-0.68,0.63,-0.24
21:57:38,-0.68,0.64,-0.25
21:57:38,-0.67,0.64,-0.26
21:57:39,-0.68,0.63,-0.27
21:57:39,-0.68,0.65,-0.25
21:57:57,-0.88,-0.23,0.21
21:57:57,-0.92,0.06,0.02
21:57:57,-1.17,-0.01,0.14
21:57:57,-1.00,0.02,0.06
21:57:57,-1.04,0.23,-0.02
21:57:57,-0.99,0.01,0.11
21:57:57,-0.95,-0.04,0.06
21:57:58,-0.95,0.00,0.09
21:57:58,-0.98,0.11,0.10
21:57:58,-0.93,-0.03,0.11
21:57:58,-1.01,-0.06,0.15
21:57:58,-0.97,-0.02,0.17
21:57:58,-1.08,0.10,0.11
21:57:58,-0.97,0.03,0.19
21:57:58,-0.97,0.00,0.12
21:57:58,-0.97,0.01,0.20
21:57:58,-0.97,-0.02,0.17
21:57:59,-0.92,0.04,0.10
21:57:59,-0.95,0.07,0.16
23:4:40,-0.94,-0.21,0.40
23:4:40,-0.87,-0.15,0.41
23:4:40,-0.91,-0.23,0.41
23:4:40,-0.77,-0.48,0.53
23:4:41,-0.91,-0.30,0.39
23:4:41,-0.92,0.07,0.15
23:4:41,-0.90,-0.30,0.39
23:4:41,-0.90,-0.26,0.35
23:4:41,-0.89,-0.28,0.41
23:4:41,-0.90,-0.24,0.34
23:4:41,-0.88,-0.26,0.34
23:4:41,-0.86,-0.21,0.36
23:4:41,-0.89,-0.37,0.49
23:4:41,-0.86,-0.33,0.28
23:4:42,-0.99,-0.24,0.44
23:4:42,-0.87,-0.26,0.32
23:4:42,-0.84,-0.31,0.34
23:4:42,-0.89,-0.25,0.40
23:4:42,-0.89,-0.27,0.30
