0:32:3,-0.33,-0.71,-0.66
0:32:3,-0.36,-0.73,-0.63
0:32:3,-0.29,-0.67,-0.70
0:32:3,-0.25,-0.72,-0.66
0:32:3,-0.26,-0.76,-0.59
0:32:3,-0.29,-0.64,-0.66
0:32:3,-0.55,-0.85,-0.66
0:32:3,-0.25,-0.73,-0.68
0:32:3,-0.21,-0.72,-0.62
0:32:4,-0.29,-0.70,-0.74
0:32:4,-0.28,-0.71,-0.66
0:32:4,-0.27,-0.72,-0.66
0:32:4,-0.26,-0.71,-0.66
0:32:4,-0.27,-0.73,-0.65
0:32:4,-0.26,-0.75,-0.64
0:32:4,-0.28,-0.73,-0.65
0:32:4,-0.26,-0.73,-0.68
0:32:4,-0.24,-0.74,-0.65
0:32:4,-0.27,-0.75,-0.65
0:32:11,-0.52,-0.89,0.60
0:32:11,-0.14,-0.85,0.43
0:32:11,-0.24,-0.89,0.44
0:32:11,-0.20,-0.97,0.33
0:32:11,-0.13,-0.97,0.31
0:32:11,-0.08,-1.10,0.13
0:32:12,-0.04,-1.01,-0.11
0:32:12,-0.03,-1.02,-0.10
0:32:12,-0.01,-0.76,0.14
0:32:12,1.27,-0.34,-0.72
0:32:12,1.47,-0.36,-0.17
0:32:12,0.98,-0.19,-0.29
0:32:12,0.92,-0.15,-0.32
0:32:12,0.95,-0.19,-0.32
0:32:12,1.01,-0.18,-0.31
0:32:12,0.96,-0.21,-0.35
0:32:13,0.96,-0.19,-0.32
0:32:13,0.91,-0.05,-0.34
0:32:13,0.95,-0.17,-0.35
0:32:13,0.92,-0.18,-0.34
0:32:13,0.94,-0.22,-0.34
0:32:13,0.93,-0.27,-0.33
0:32:13,0.95,-0.22,-0.34
0:32:13,0.94,-0.24,-0.35
0:32:13,0.95,-0.23,-0.33
0:32:13,0.94,-0.23,-0.33
0:32:14,0.94,-0.22,-0.33
0:32:14,0.95,-0.21,-0.35
0:32:14,0.95,-0.22,-0.34
0:32:14,0.94,-0.23,-0.33
0:32:25,0.96,-0.20,-0.30
0:32:25,0.97,-0.25,-0.31
0:32:25,0.94,-0.27,-0.29
0:32:25,0.91,-0.24,-0.28
0:32:25,0.96,-0.22,-0.27
0:32:25,0.96,-0.24,-0.27
0:32:25,0.97,-0.25,-0.28
0:32:25,0.96,-0.25,-0.27
0:32:25,0.96,-0.24,-0.27
0:32:25,0.99,-0.13,-0.24
0:32:26,1.02,-0.15,-0.28
0:32:26,1.02,-0.10,-0.28
0:32:26,1.23,-0.28,-0.53
0:32:26,0.84,-0.20,-0.27
0:32:26,0.95,-0.23,-0.34
0:32:26,0.93,-0.26,-0.32
0:32:26,0.94,-0.26,-0.33
0:32:26,0.91,-0.32,-0.36
0:32:26,0.92,-0.31,-0.35
0:32:42,0.81,-0.46,-0.46
0:32:42,0.84,-0.45,-0.37
0:32:42,0.87,-0.32,-0.42
0:32:42,0.86,-0.52,-0.42
0:32:42,0.81,-0.47,-0.49
0:32:42,0.84,-0.50,-0.39
0:32:42,0.86,-0.66,-0.38
0:32:43,0.81,-0.56,-0.42
0:32:43,0.92,-0.62,-0.23
0:32:43,0.68,-0.45,-0.72
0:32:43,0.79,-0.53,-0.44
0:32:43,0.82,-0.51,-0.44
0:32:43,0.84,-0.45,-0.36
0:32:43,0.86,-0.48,-0.41
0:32:43,0.82,-0.48,-0.37
0:32:43,0.83,-0.48,-0.41
0:32:43,0.90,-0.47,-0.45
0:32:44,0.77,-0.51,-0.39
0:32:44,0.82,-0.48,-0.44
1:25:46,0.74,0.62,-0.10
1:25:47,0.74,0.41,0.04
1:25:47,0.73,0.51,0.11
1:25:47,0.97,0.42,0.11
1:25:47,1.33,0.34,-0.02
1:25:47,0.91,0.24,0.19
1:25:47,0.61,0.14,0.26
1:25:47,1.07,-0.13,0.35
1:25:47,0.94,0.65,0.24
1:25:47,1.05,-0.49,0.22
1:25:47,0.97,-0.36,0.41
1:25:48,0.88,-0.50,0.31
1:25:48,0.82,-0.43,0.21
1:25:48,0.92,-0.61,0.29
1:25:48,0.85,-0.51,0.28
1:25:48,0.85,-0.54,0.24
1:25:48,0.77,-0.64,0.22
1:25:48,0.58,-0.80,0.15
1:25:48,0.57,-0.86,0.03
1:25:48,0.58,-0.84,-0.14
1:25:48,0.53,-0.88,-0.21
1:25:51,0.35,-0.15,-0.94
1:25:51,0.36,-0.16,-0.93
1:25:52,0.36,-0.15,-0.94
1:25:52,0.35,-0.17,-0.92
1:25:52,0.38,-0.20,-0.91
1:25:52,0.39,-0.25,-0.88
1:25:52,0.36,-0.26,-0.74
1:25:52,0.70,-0.50,-0.39
1:25:52,0.59,-0.91,-0.14
1:25:52,0.84,-0.53,-0.40
1:25:52,0.65,-0.79,-0.29
1:25:52,0.60,-0.67,-0.28
1:25:53,0.55,-0.69,-0.27
1:25:53,0.70,-0.51,0.09
1:25:53,0.78,-0.85,0.08
1:25:53,0.66,-0.50,0.21
1:25:53,0.56,-0.67,1.24
1:25:53,0.79,-0.41,0.31
1:25:53,0.73,-1.56,-0.22
1:25:53,1.20,0.15,0.81
1:25:53,0.75,-0.77,-0.06
1:25:53,0.77,-0.76,-0.06
1:25:54,0.73,-0.74,-0.05
1:25:54,0.72,-0.74,-0.07
1:25:54,0.72,-0.73,-0.07
1:25:54,0.71,-0.75,-0.05
1:25:54,0.72,-0.74,-0.06
1:25:54,0.70,-0.74,-0.05
1:25:54,0.70,-0.72,-0.07
1:25:59,0.75,-0.57,-0.44
1:25:59,0.75,-0.57,-0.44
1:25:59,0.77,-0.56,-0.44
1:25:59,0.76,-0.56,-0.42
1:25:59,0.76,-0.56,-0.40
1:25:59,0.77,-0.55,-0.42
1:25:59,0.77,-0.56,-0.40
1:26:0,0.77,-0.56,-0.39
1:26:0,0.77,-0.56,-0.40
1:26:0,0.78,-0.56,-0.38
1:26:0,0.78,-0.56,-0.40
1:26:0,0.79,-0.56,-0.39
1:26:0,0.78,-0.55,-0.39
1:26:0,0.78,-0.57,-0.38
1:26:0,0.78,-0.55,-0.39
1:26:0,0.79,-0.55,-0.38
1:26:0,0.79,-0.56,-0.38
1:26:1,0.78,-0.56,-0.39
1:26:1,0.79,-0.57,-0.38
2:7:42,-0.67,-0.75,0.04
2:7:42,-0.52,-0.83,0.09
2:7:42,-0.73,-0.70,0.08
2:7:42,-0.66,-0.74,0.11
2:7:42,-0.66,-0.74,0.08
2:7:42,-0.71,-0.71,0.09
2:7:42,-0.70,-0.72,0.11
2:7:42,-0.71,-0.71,0.10
2:7:42,-0.70,-0.71,0.09
2:7:42,-0.70,-0.72,0.10
2:7:43,-0.72,-0.71,0.09
2:7:43,-0.73,-0.71,0.08
2:7:43,-0.73,-0.68,0.08
2:7:43,-0.72,-0.70,0.09
2:7:43,-0.73,-0.69,0.08
2:7:43,-0.73,-0.69,0.08
2:7:43,-0.73,-0.70,0.08
2:7:43,-0.73,-0.70,0.07
2:7:43,-0.72,-0.70,0.06
2:8:18,-0.46,-0.84,-0.36
2:8:18,-0.47,-0.82,-0.34
2:8:18,-0.49,-0.83,-0.35
2:8:18,-0.48,-0.81,-0.34
2:8:18,-0.49,-0.82,-0.35
2:8:18,-0.50,-0.82,-0.35
2:8:19,-0.49,-0.83,-0.35
2:8:19,-0.50,-0.82,-0.35
2:8:19,-0.51,-0.82,-0.35
2:8:19,-0.49,-0.82,-0.34
2:8:19,-0.49,-0.81,-0.36
2:8:19,-0.50,-0.82,-0.35
2:8:19,-0.52,-0.81,-0.33
2:8:19,-0.52,-0.81,-0.33
2:8:19,-0.51,-0.81,-0.34
2:8:19,-0.50,-0.82,-0.34
2:8:20,-0.51,-0.81,-0.34
2:8:20,-0.50,-0.80,-0.35
2:8:20,-0.51,-0.81,-0.34
3:13:39,-0.82,0.36,-0.40
3:13:39,-0.80,0.38,-0.40
3:13:39,-0.81,0.39,-0.40
3:13:40,-0.81,0.37,-0.38
3:13:40,-0.75,0.42,-0.42
3:13:40,-0.89,0.59,-0.62
3:13:40,-0.80,0.42,-0.41
3:13:40,-0.47,0.72,-0.45
3:13:40,-1.01,-0.27,-0.43
3:13:40,-0.78,0.32,-0.51
3:13:40,-0.76,0.37,-0.44
3:13:40,-0.78,0.40,-0.46
3:13:40,-0.76,0.39,-0.46
3:13:41,-0.78,0.39,-0.44
3:13:41,-0.78,0.41,-0.45
3:13:41,-0.77,0.40,-0.45
3:13:41,-0.76,0.40,-0.44
3:13:41,-0.77,0.40,-0.44
3:13:41,-0.76,0.40,-0.44
3:13:44,-0.43,-0.01,-0.74
3:13:45,-0.38,-0.05,-0.82
3:13:45,-0.61,-0.33,-0.66
3:13:45,-0.68,-0.22,-0.78
3:13:45,-0.52,-0.27,-0.73
3:13:45,-0.54,-0.24,-0.79
3:13:45,-0.56,-0.22,-0.74
3:13:45,-0.58,-0.15,-0.81
3:13:45,-0.56,-0.12,-0.80
3:13:45,-0.53,-0.18,-0.88
3:13:45,-0.55,-0.13,-0.79
3:13:46,-0.56,-0.15,-0.79
3:13:46,-0.58,-0.16,-0.80
3:13:46,-0.55,-0.14,-0.81
3:13:46,-0.56,-0.14,-0.83
3:13:46,-0.58,-0.10,-0.81
3:13:46,-0.57,-0.11,-0.79
3:13:46,-0.57,-0.10,-0.79
3:13:46,-0.57,-0.09,-0.81
3:13:46,-0.56,-0.10,-0.76
3:13:46,-0.60,-0.12,-0.83
3:13:47,-0.58,-0.09,-0.82
3:13:47,-0.52,-0.10,-0.79
3:14:4,-0.87,-0.05,-0.46
3:14:4,-0.87,-0.05,-0.46
3:14:4,-0.87,-0.04,-0.45
3:14:4,-0.87,-0.05,-0.43
3:14:5,-0.87,-0.04,-0.44
3:14:5,-0.87,-0.03,-0.46
3:14:5,-0.88,-0.04,-0.45
3:14:5,-0.87,-0.04,-0.44
3:14:5,-0.88,-0.03,-0.44
3:14:5,-0.86,-0.03,-0.44
3:14:5,-0.89,-0.02,-0.44
3:14:5,-0.87,-0.02,-0.43
3:14:5,-0.86,-0.02,-0.43
3:14:5,-0.87,-0.03,-0.42
3:14:6,-0.88,-0.01,-0.44
3:14:6,-0.87,-0.01,-0.44
3:14:6,-0.87,0.00,-0.45
3:14:6,-0.88,-0.02,-0.44
3:14:6,-0.86,-0.01,-0.44
3:14:9,-0.92,-0.31,-0.22
3:14:9,-0.92,-0.31,-0.24
3:14:9,-0.92,-0.30,-0.22
3:14:9,-0.90,-0.31,-0.23
3:14:9,-0.95,-0.33,-0.24
3:14:9,-0.88,-0.33,-0.24
3:14:10,-0.91,-0.31,-0.23
3:14:10,-0.89,-0.31,-0.25
3:14:10,-0.92,-0.32,-0.21
3:14:10,-0.91,-0.32,-0.22
3:14:10,-0.91,-0.33,-0.24
3:14:10,-0.91,-0.33,-0.22
3:14:10,-0.91,-0.32,-0.22
3:14:10,-0.92,-0.34,-0.26
3:14:10,-0.94,-0.34,-0.26
3:14:10,-0.96,-0.18,-0.31
3:14:11,-0.94,-0.30,-0.20
3:14:11,-0.77,-0.38,-0.34
3:14:11,-0.90,-0.44,-0.22
3:14:18,-0.92,-0.13,-0.43
3:14:18,-0.90,-0.07,-0.31
3:14:18,-0.86,-0.18,-0.29
3:14:18,-0.87,-0.28,-0.35
3:14:18,-0.95,-0.10,-0.24
3:14:18,-0.96,-0.35,-0.18
3:14:19,-0.83,0.08,-0.37
3:14:19,-0.84,-0.26,-0.29
3:14:19,-0.95,-0.33,-0.27
3:14:19,-0.91,-0.28,-0.34
3:14:19,-0.85,-0.22,-0.55
3:14:19,-0.89,-0.33,-0.32
3:14:19,-0.92,-0.34,-0.20
3:14:19,-0.92,-0.29,-0.23
3:14:19,-0.92,-0.26,-0.31
3:14:19,-0.94,-0.33,-0.25
3:14:20,-0.86,-0.35,-0.33
3:14:20,-0.90,-0.37,-0.25
3:14:20,-0.82,-0.29,-0.40
4:38:47,-0.78,0.37,-0.45
4:38:47,-0.78,0.37,-0.45
4:38:47,-0.78,0.39,-0.46
4:38:47,-0.78,0.37,-0.44
4:38:47,-0.78,0.37,-0.45
4:38:47,-0.78,0.37,-0.44
4:38:47,-0.79,0.38,-0.45
4:38:48,-0.77,0.37,-0.45
4:38:48,-0.80,0.36,-0.46
4:38:48,-0.78,0.38,-0.44
4:38:48,-0.78,0.38,-0.45
4:38:48,-0.76,0.38,-0.43
4:38:48,-0.79,0.37,-0.42
4:38:48,-0.74,0.35,-0.30
4:38:48,-0.65,0.43,-0.85
4:38:48,-0.76,0.40,-0.46
4:38:48,-0.77,0.42,-0.45
4:38:49,-0.71,0.44,-0.44
4:38:49,-0.76,0.38,-0.44
4:38:51,0.67,0.01,-0.77
4:38:51,0.66,-0.00,-0.77
4:38:51,0.66,-0.00,-0.76
4:38:51,0.67,0.01,-0.78
4:38:51,0.66,0.00,-0.78
4:38:52,0.66,-0.00,-0.77
4:38:52,0.67,0.00,-0.77
4:38:52,0.66,0.00,-0.77
4:38:52,0.67,0.00,-0.77
4:38:52,0.66,0.01,-0.77
4:38:52,0.66,0.02,-0.75
4:38:52,0.68,0.18,-0.68
4:38:52,0.69,0.04,-0.73
4:38:52,0.74,0.05,-0.73
4:38:52,0.68,0.10,-0.68
4:38:53,0.70,0.15,-0.67
4:38:53,0.64,0.23,-0.79
4:38:53,0.76,-0.04,-0.63
4:38:53,0.65,0.06,-0.79
4:39:2,-0.25,-0.61,-0.78
4:39:2,-0.26,-0.60,-0.77
4:39:2,-0.25,-0.60,-0.76
4:39:2,-0.25,-0.60,-0.76
4:39:2,-0.26,-0.60,-0.77
4:39:2,-0.25,-0.60,-0.77
4:39:2,-0.25,-0.60,-0.79
4:39:2,-0.26,-0.59,-0.78
4:39:2,-0.26,-0.58,-0.78
4:39:2,-0.25,-0.60,-0.78
4:39:3,-0.24,-0.59,-0.77
4:39:3,-0.20,-0.62,-0.80
4:39:3,-0.25,-0.59,-0.78
4:39:3,-0.25,-0.59,-0.78
4:39:3,-0.26,-0.60,-0.77
4:39:3,-0.26,-0.59,-0.78
4:39:3,-0.26,-0.59,-0.77
4:39:3,-0.27,-0.59,-0.78
4:39:3,-0.26,-0.59,-0.79
4:39:10,-0.77,-0.38,-0.52
4:39:10,-0.74,-0.47,-0.43
4:39:10,-0.78,-0.39,-0.44
4:39:10,-0.93,-0.33,-0.39
4:39:10,-0.80,-0.38,-0.45
4:39:10,-0.74,-0.46,-0.45
4:39:10,-0.59,-0.42,-0.57
4:39:10,-0.74,-0.24,-0.60
4:39:11,-0.78,-0.22,-0.48
4:39:11,-0.82,-0.28,-0.43
4:39:11,-0.83,-0.29,-0.44
4:39:11,-0.84,-0.31,-0.44
4:39:11,-0.83,-0.31,-0.44
4:39:11,-0.82,-0.30,-0.43
4:39:11,-0.83,-0.34,-0.43
4:39:11,-0.83,-0.35,-0.41
4:39:11,-0.83,-0.35,-0.42
4:39:11,-0.83,-0.34,-0.40
4:39:12,-0.83,-0.35,-0.39
4:39:15,-0.92,-0.21,-0.30
4:39:15,-0.93,-0.21,-0.29
4:39:15,-0.91,-0.22,-0.29
4:39:15,-0.93,-0.22,-0.29
4:39:16,-0.93,-0.23,-0.28
4:39:16,-0.92,-0.21,-0.28
4:39:16,-0.92,-0.24,-0.29
4:39:16,-0.92,-0.24,-0.28
4:39:16,-0.91,-0.23,-0.29
4:39:16,-0.90,-0.22,-0.27
4:39:16,-0.92,-0.22,-0.26
4:39:16,-0.93,-0.23,-0.28
4:39:16,-0.91,-0.23,-0.28
4:39:16,-0.88,-0.32,-0.29
4:39:17,-0.92,-0.23,-0.29
4:39:17,-0.92,-0.23,-0.29
4:39:17,-0.93,-0.22,-0.29
4:39:17,-0.97,-0.21,-0.40
4:39:17,-0.90,0.01,-0.68
5:23:25,-0.69,0.52,0.31
5:23:25,-0.68,0.22,0.30
5:23:25,-0.80,0.29,0.37
5:23:25,-0.79,0.47,0.26
5:23:25,-0.82,0.35,0.31
5:23:25,-0.85,0.37,0.33
5:23:25,-0.85,0.37,0.31
5:23:25,-0.86,0.36,0.43
5:23:25,-0.82,0.37,0.28
5:23:26,-0.84,0.35,0.30
5:23:26,-0.84,0.37,0.31
5:23:26,-0.83,0.37,0.31
5:23:26,-0.84,0.37,0.33
5:23:26,-0.84,0.37,0.32
5:23:26,-0.84,0.36,0.33
5:23:26,-0.84,0.36,0.33
5:23:26,-0.80,0.41,0.27
5:23:26,-0.83,0.31,0.33
5:23:26,-0.83,0.33,0.32
5:23:32,-0.94,0.25,0.06
5:23:32,-0.93,0.22,0.04
5:23:32,-0.95,0.24,0.06
5:23:33,-0.93,0.24,0.04
5:23:33,-0.94,0.24,0.05
5:23:33,-0.94,0.24,0.06
5:23:33,-0.93,0.26,0.10
5:23:33,-0.94,0.28,0.09
5:23:33,-0.90,0.26,0.08
5:23:33,-0.92,0.30,0.07
5:23:33,-0.90,0.32,0.09
5:23:33,-0.90,0.33,0.07
5:23:33,-0.90,0.35,0.08
5:23:34,-0.90,0.35,0.06
5:23:34,-0.89,0.37,0.08
5:23:34,-0.88,0.37,0.08
5:23:34,-0.88,0.38,0.06
5:23:34,-0.89,0.39,0.06
5:23:34,-0.89,0.40,0.07
5:23:37,-0.44,0.84,0.15
5:23:37,-0.42,0.85,0.15
5:23:37,-0.44,0.85,0.16
5:23:38,-0.44,0.84,0.18
5:23:38,-0.45,0.84,0.16
5:23:38,-0.44,0.84,0.17
5:23:38,-0.44,0.84,0.16
5:23:38,-0.44,0.83,0.18
5:23:38,-0.44,0.84,0.18
5:23:38,-0.45,0.84,0.17
5:23:38,-0.44,0.84,0.17
5:23:38,-0.44,0.80,0.17
5:23:38,-0.48,0.83,0.18
5:23:39,-0.48,0.81,0.18
5:23:39,-0.55,0.82,0.19
5:23:39,-0.52,0.80,0.16
5:23:39,-0.57,0.75,0.15
5:23:39,-0.60,0.73,0.17
5:23:39,-0.59,0.74,0.11
5:23:41,-0.85,0.35,-0.29
5:23:41,-0.86,0.33,-0.31
5:23:41,-0.87,0.33,-0.28
5:23:41,-0.86,0.33,-0.29
5:23:41,-0.86,0.34,-0.28
5:23:41,-0.85,0.32,-0.30
5:23:41,-0.85,0.32,-0.29
5:23:41,-0.88,0.33,-0.27
5:23:41,-0.87,0.35,-0.29
5:23:41,-0.83,0.34,-0.29
5:23:42,-0.85,0.33,-0.28
5:23:42,-0.84,0.31,-0.33
5:23:42,-0.79,0.44,-0.34
5:23:42,-0.87,0.39,-0.29
5:23:42,-0.83,0.40,-0.31
5:23:42,-0.85,0.36,-0.33
5:23:42,-0.85,0.35,-0.32
5:23:42,-0.85,0.34,-0.32
5:23:42,-0.86,0.35,-0.31
5:23:45,-0.33,-0.27,-0.60
5:23:45,-0.35,-0.51,-0.56
5:23:45,-0.37,-0.67,-0.71
5:23:45,-0.32,-0.60,-0.71
5:23:45,-0.33,-0.60,-0.69
5:23:45,-0.32,-0.51,-0.79
5:23:45,-0.26,-0.68,-0.73
5:23:45,-0.31,-0.66,-0.66
5:23:45,-0.29,-0.73,-0.77
5:23:45,-0.23,-0.65,-0.76
5:23:46,-0.36,-0.65,-0.77
5:23:46,-0.24,-0.71,-0.70
5:23:46,-0.09,-0.63,-0.83
5:23:46,0.07,-0.58,-0.91
5:23:46,0.13,-0.66,-0.74
5:23:46,0.16,-0.56,-0.86
5:23:46,0.23,-0.54,-0.88
5:23:46,0.39,-0.52,-0.79
5:23:46,0.20,-0.59,-0.81
5:23:46,0.37,-0.17,-0.79
5:23:47,0.46,-0.52,-0.71
5:23:47,0.46,-0.51,-0.86
5:23:47,0.56,-0.81,-0.70
5:23:47,0.64,-0.62,-0.62
5:23:47,0.47,-0.56,-0.75
5:23:47,0.67,-0.37,-0.72
5:23:47,0.63,-0.55,-0.76
5:23:47,0.49,-0.70,-0.71
5:23:47,0.68,-0.39,-0.88
5:23:47,0.56,-0.71,-0.59
5:23:48,0.46,-0.64,-0.75
5:23:48,0.50,-0.72,-0.63
5:23:48,0.68,-0.72,-0.38
5:23:48,0.56,-0.62,-0.64
5:23:48,0.53,-0.58,-0.67
5:23:48,0.51,-0.58,-0.69
5:23:48,0.54,-0.57,-0.68
5:23:48,0.52,-0.54,-0.72
5:23:48,0.53,-0.59,-0.66
5:23:48,0.52,-0.56,-0.67
5:23:49,0.50,-0.58,-0.68
5:23:49,0.50,-0.57,-0.70
5:23:49,0.51,-0.57,-0.68
5:23:49,0.51,-0.57,-0.68
5:23:49,0.50,-0.59,-0.69
5:23:49,0.51,-0.58,-0.68
5:23:49,0.50,-0.58,-0.68
5:23:49,0.51,-0.59,-0.67
5:23:49,0.51,-0.58,-0.66
6:0:12,0.93,-0.35,-0.24
6:0:13,0.91,-0.39,-0.25
6:0:13,0.95,-0.35,-0.27
6:0:13,0.95,-0.28,-0.23
6:0:13,0.92,-0.39,-0.26
6:0:13,0.91,-0.30,-0.28
6:0:13,0.84,-0.33,-0.27
6:0:13,0.96,-0.38,-0.25
6:0:13,0.94,-0.33,-0.27
6:0:13,0.95,-0.32,-0.26
6:0:13,0.95,-0.26,-0.25
6:0:14,0.96,-0.33,-0.23
6:0:14,0.92,-0.36,-0.27
6:0:14,0.93,-0.37,-0.25
6:0:14,0.93,-0.38,-0.26
6:0:14,0.93,-0.36,-0.23
6:0:14,0.94,-0.37,-0.21
6:0:14,0.93,-0.39,-0.25
6:0:14,0.93,-0.39,-0.25
6:0:21,0.12,-0.02,0.09
6:0:21,-0.23,0.07,-0.62
6:0:22,0.52,0.57,-0.77
6:0:22,0.72,0.33,-1.06
6:0:22,0.42,0.30,-1.12
6:0:22,0.37,0.13,-0.80
6:0:22,0.36,0.21,-1.01
6:0:22,0.28,0.18,-0.88
6:0:22,0.23,0.12,-0.91
6:0:22,0.36,-0.03,-0.99
6:0:22,0.44,-0.16,-0.77
6:0:22,0.51,-0.26,-0.71
6:0:23,0.62,-0.27,-0.76
6:0:23,0.67,-0.25,-0.74
6:0:23,0.65,-0.23,-0.70
6:0:23,0.69,-0.26,-0.70
6:0:23,0.69,-0.26,-0.70
6:0:23,0.69,-0.26,-0.72
6:0:23,0.69,-0.26,-0.71
6:0:23,0.70,-0.27,-0.70
6:0:23,0.69,-0.26,-0.71
6:0:23,0.69,-0.26,-0.71
6:0:24,0.70,-0.27,-0.71
6:0:24,0.68,-0.27,-0.70
6:0:24,0.70,-0.27,-0.73
6:0:24,0.67,-0.24,-0.73
6:0:24,0.62,-0.27,-0.70
6:0:24,0.68,-0.32,-0.78
6:0:24,0.66,-0.33,-0.71
6:0:24,0.69,-0.32,-0.67
6:0:24,0.71,-0.33,-0.67
6:0:24,0.71,-0.35,-0.65
6:0:26,0.70,-0.73,-0.07
6:0:26,0.69,-0.77,-0.10
6:0:26,0.71,-0.77,-0.10
6:0:26,0.70,-0.75,-0.09
6:0:26,0.71,-0.75,-0.10
6:0:27,0.72,-0.77,0.13
6:0:27,0.14,-0.73,-0.33
6:0:27,0.73,-0.79,0.01
6:0:27,0.89,-0.73,0.03
6:0:27,-0.89,-0.88,0.83
6:0:27,0.47,-0.79,0.72
6:0:27,1.19,-0.68,0.33
6:0:27,0.36,-0.63,0.54
6:0:27,0.42,-0.62,0.86
6:0:27,0.27,-0.65,0.74
6:0:28,0.26,-0.67,0.76
6:0:28,0.28,-0.65,0.76
6:0:28,0.26,-0.65,0.74
6:0:28,0.27,-0.65,0.73
6:0:28,0.29,-0.66,0.73
6:0:28,0.26,-0.64,0.76
6:0:28,0.27,-0.64,0.75
6:0:28,0.26,-0.64,0.75
6:0:28,0.27,-0.64,0.75
6:0:28,0.27,-0.63,0.75
6:0:29,0.27,-0.64,0.76
6:0:29,0.26,-0.63,0.76
6:0:29,0.26,-0.64,0.76
6:0:29,0.27,-0.64,0.76
6:0:29,0.26,-0.64,0.76
6:0:34,0.91,-0.20,-0.42
6:0:34,0.89,-0.26,-0.47
6:0:34,0.87,-0.23,-0.46
6:0:34,0.85,-0.23,-0.52
6:0:34,0.90,-0.16,-0.52
6:0:35,0.24,-0.50,-0.56
6:0:35,0.69,-0.61,-0.48
6:0:35,0.86,-0.32,-0.47
6:0:35,0.83,-0.39,-0.46
6:0:35,0.84,-0.31,-0.51
6:0:35,0.83,-0.31,-0.52
6:0:35,0.83,-0.30,-0.51
6:0:35,0.82,-0.27,-0.54
6:0:35,0.82,-0.28,-0.55
6:0:35,0.84,-0.30,-0.55
6:0:36,0.82,-0.30,-0.56
6:0:36,0.79,-0.28,-0.59
6:0:36,0.81,-0.30,-0.56
6:0:36,0.78,-0.29,-0.56
6:0:36,0.78,-0.32,-0.56
6:0:36,0.79,-0.31,-0.60
6:0:36,0.79,-0.35,-0.57
6:0:36,0.77,-0.33,-0.59
6:0:36,0.80,-0.29,-0.60
6:0:36,0.62,-0.43,-0.63
6:0:37,0.26,-0.19,-0.59
6:19:7,0.97,-0.07,0.35
6:19:7,1.03,-0.02,-0.49
6:19:7,1.00,-0.13,0.23
6:19:7,0.94,-0.17,0.23
6:19:7,0.84,-0.17,0.40
6:19:7,0.96,-0.17,0.24
6:19:7,1.01,-0.14,0.18
6:19:8,1.02,-0.19,0.35
6:19:8,1.03,-0.20,0.42
6:19:8,0.94,-0.18,0.28
6:19:8,0.92,-0.19,0.28
6:19:8,0.98,-0.20,0.29
6:19:8,0.93,-0.22,0.27
6:19:8,0.99,-0.21,0.28
6:19:8,0.95,-0.20,0.39
6:19:8,0.93,-0.18,0.31
6:19:8,0.96,-0.18,0.28
6:19:9,0.96,-0.18,0.27
6:19:9,0.88,-0.14,0.35
7:10:32,0.59,0.74,0.29
7:10:32,0.59,0.74,0.29
7:10:32,0.57,0.74,0.28
7:10:32,0.61,0.73,0.27
7:10:32,0.60,0.72,0.27
7:10:32,0.52,0.74,0.22
7:10:32,0.61,0.75,0.30
7:10:33,0.58,0.74,0.27
7:10:33,0.60,0.74,0.29
7:10:33,0.60,0.70,0.30
7:10:33,0.62,0.73,0.26
7:10:33,0.61,0.74,0.28
7:10:33,0.63,0.73,0.26
7:10:33,0.63,0.72,0.28
7:10:33,0.63,0.73,0.27
7:10:33,0.62,0.72,0.26
7:10:33,0.62,0.72,0.27
7:10:34,0.63,0.72,0.28
7:10:34,0.62,0.72,0.28
7:10:37,0.06,0.68,0.70
7:10:37,0.06,0.68,0.70
7:10:37,0.06,0.68,0.71
7:10:37,0.06,0.67,0.70
7:10:37,0.06,0.67,0.70
7:10:37,0.06,0.67,0.72
7:10:38,0.06,0.68,0.70
7:10:38,0.06,0.67,0.71
7:10:38,0.06,0.68,0.72
7:10:38,0.05,0.68,0.71
7:10:38,0.06,0.67,0.70
7:10:38,0.06,0.67,0.67
7:10:38,0.06,0.67,0.72
7:10:38,0.06,0.67,0.72
7:10:38,0.06,0.67,0.69
7:10:38,0.05,0.68,0.72
7:10:39,0.06,0.68,0.71
7:10:39,0.05,0.68,0.70
7:10:39,0.06,0.67,0.71
8:30:38,-0.80,0.57,-0.10
8:30:38,-0.78,0.56,-0.08
8:30:38,-0.78,0.56,-0.08
8:30:38,-0.78,0.56,-0.08
8:30:38,-0.79,0.56,-0.08
8:30:39,-0.78,0.56,-0.09
8:30:39,-0.79,0.56,-0.10
8:30:39,-0.79,0.55,-0.09
8:30:39,-0.79,0.55,-0.09
8:30:39,-0.79,0.55,-0.07
8:30:39,-0.79,0.56,-0.11
8:30:39,-0.79,0.55,-0.08
8:30:39,-0.79,0.55,-0.07
8:30:39,-0.79,0.54,-0.08
8:30:39,-0.79,0.55,-0.10
8:30:40,-0.79,0.55,-0.09
8:30:40,-0.79,0.55,-0.08
8:30:40,-0.78,0.55,-0.07
8:30:40,-0.78,0.53,-0.11
8:42:45,-0.58,0.78,0.02
8:42:45,-0.58,0.79,0.03
8:42:45,-0.58,0.77,0.03
8:42:45,-0.59,0.80,0.02
8:42:45,-0.57,0.80,0.01
8:42:45,-0.59,0.75,0.00
8:42:45,-0.54,0.81,0.04
8:42:45,-0.57,0.78,0.03
8:42:45,-0.58,0.78,0.02
8:42:45,-0.58,0.78,0.01
8:42:46,-0.58,0.77,0.01
8:42:46,-0.56,0.79,0.03
8:42:46,-0.55,0.80,0.01
8:42:46,-0.56,0.80,0.01
8:42:46,-0.55,0.78,0.02
8:42:46,-0.54,0.79,0.02
8:42:46,-0.55,0.79,0.03
8:42:46,-0.55,0.80,0.01
8:42:46,-0.54,0.80,0.01
9:12:18,-0.89,-0.46,-0.24
9:12:18,-0.77,-0.40,-0.21
9:12:18,-0.90,-0.46,-0.21
9:12:18,-0.77,-0.52,-0.20
9:12:18,-0.83,-0.44,-0.26
9:12:18,-0.85,-0.46,-0.21
9:12:18,-0.83,-0.59,-0.18
9:12:18,-1.20,0.08,-0.24
9:12:18,-0.96,-0.53,-0.20
9:12:19,-0.96,-0.43,-0.26
9:12:19,-0.75,-0.41,-0.20
9:12:19,-0.85,-0.51,-0.22
9:12:19,-0.84,-0.49,-0.21
9:12:19,-0.84,-0.48,-0.21
9:12:19,-0.84,-0.50,-0.21
9:12:19,-0.84,-0.50,-0.21
9:12:19,-0.84,-0.50,-0.21
9:12:19,-0.84,-0.52,-0.20
9:12:19,-0.84,-0.49,-0.21
9:44:11,0.22,-0.22,-0.95
9:44:11,0.21,-0.22,-0.97
9:44:11,0.22,-0.22,-0.96
9:44:11,0.20,-0.22,-0.95
9:44:11,0.23,-0.20,-0.95
9:44:11,0.23,-0.21,-0.96
9:44:11,0.34,-0.17,-0.92
9:44:11,0.20,-0.07,-1.00
9:44:12,0.38,-0.13,-1.03
9:44:12,0.31,-0.02,-1.17
9:44:12,0.12,0.11,-0.81
9:44:12,0.25,-0.01,-1.06
9:44:12,0.33,-0.24,-1.00
9:44:12,0.26,-0.24,-1.10
9:44:12,0.11,0.26,-0.83
9:44:12,0.35,0.15,-0.90
9:44:12,0.44,0.15,-0.93
9:44:12,0.36,0.12,-0.92
9:44:13,0.32,0.12,-0.95
9:44:21,0.32,-0.85,-0.32
9:44:21,0.35,-0.85,-0.32
9:44:21,0.46,-0.81,-0.31
9:44:21,0.46,-0.91,-0.30
9:44:21,0.45,-0.91,-0.26
9:44:22,0.36,-0.97,-0.18
9:44:22,0.38,-0.87,-0.28
9:44:22,-0.54,-1.38,0.66
9:44:22,0.41,-0.95,-0.14
9:44:22,0.43,-0.89,-0.21
9:44:22,0.47,-0.91,-0.25
9:44:22,0.47,-0.94,-0.17
9:44:22,0.45,-0.91,-0.16
9:44:22,0.47,-0.91,-0.18
9:44:22,0.47,-0.93,-0.18
9:44:23,0.49,-0.90,-0.15
9:44:23,0.54,-0.89,-0.13
9:44:23,0.45,-0.91,-0.14
9:44:23,0.49,-0.90,-0.15
10:26:21,0.19,-0.54,-0.54
10:26:21,0.44,-0.65,-0.61
10:26:21,0.23,-0.87,-0.47
10:26:21,0.45,-0.84,-0.56
10:26:21,0.27,-0.80,-0.49
10:26:21,0.46,-0.83,-0.49
10:26:21,0.51,-0.73,-0.41
10:26:21,0.43,-0.80,-0.49
10:26:22,0.44,-0.81,-0.49
10:26:22,0.50,-0.79,-0.50
10:26:22,0.48,-0.77,-0.52
10:26:22,0.44,-0.76,-0.44
10:26:22,0.37,-0.78,-0.54
10:26:22,0.41,-0.78,-0.51
10:26:22,0.45,-0.82,-0.49
10:26:22,0.44,-0.78,-0.49
10:26:22,0.46,-0.80,-0.49
10:26:22,0.45,-0.81,-0.46
10:26:23,0.43,-0.80,-0.50
10:26:49,0.47,-0.91,0.20
10:26:49,0.46,-0.92,0.22
10:26:49,0.46,-0.91,0.22
10:26:49,0.46,-0.90,0.20
10:26:49,0.48,-0.92,0.23
10:26:50,0.47,-0.91,0.20
10:26:50,0.46,-0.91,0.21
10:26:50,0.45,-0.91,0.19
10:26:50,0.47,-0.90,0.20
10:26:50,0.46,-0.90,0.20
10:26:50,0.47,-0.92,0.19
10:26:50,0.46,-0.90,0.20
10:26:50,0.46,-0.92,0.19
10:26:50,0.46,-0.91,0.19
10:26:50,0.46,-0.90,0.19
10:26:51,0.47,-0.90,0.20
10:26:51,0.42,-0.87,0.20
10:26:51,0.47,-0.90,0.21
10:26:51,0.45,-0.85,0.19
11:0:4,0.78,-0.68,-0.07
11:0:4,0.77,-0.69,-0.08
11:0:4,0.78,-0.69,-0.05
11:0:4,0.79,-0.67,-0.07
11:0:4,0.78,-0.67,-0.10
11:0:4,0.77,-0.69,-0.07
11:0:4,0.78,-0.68,-0.08
11:0:4,0.79,-0.66,-0.05
11:0:5,0.78,-0.67,-0.04
11:0:5,0.81,-0.66,-0.03
11:0:5,0.81,-0.66,-0.03
11:0:5,0.79,-0.55,-0.09
11:0:5,0.77,-0.72,0.00
11:0:5,0.81,-0.65,-0.05
11:0:5,0.80,-0.63,-0.04
11:0:5,0.80,-0.66,-0.07
11:0:5,0.80,-0.64,-0.10
11:0:5,0.83,-0.63,-0.04
11:0:6,0.83,-0.58,0.01
11:44:55,0.71,0.12,0.82
11:44:55,0.75,0.03,0.78
11:44:55,0.76,-0.14,0.63
11:44:55,0.82,-0.04,0.56
11:44:55,0.51,-0.13,0.83
11:44:55,0.63,-0.04,0.78
11:44:55,0.58,-0.11,0.80
11:44:55,0.56,-0.05,0.82
11:44:55,0.68,-0.04,0.80
11:44:55,0.59,-0.09,0.83
11:44:56,-0.49,0.09,1.00
11:44:56,0.62,-0.07,0.80
11:44:56,0.64,-0.08,0.79
11:44:56,0.62,-0.08,0.79
11:44:56,0.62,-0.07,0.79
11:44:56,0.62,-0.07,0.80
11:44:56,0.61,-0.07,0.79
11:44:56,0.62,-0.07,0.79
11:44:56,0.61,-0.07,0.78
11:45:6,0.06,-0.16,1.00
11:45:6,0.12,-0.14,1.00
11:45:6,-0.74,-0.14,1.22
11:45:6,-0.12,0.03,0.91
11:45:6,0.06,-0.17,1.01
11:45:6,-0.19,-0.09,0.98
11:45:6,-0.16,-0.12,0.99
11:45:7,-0.17,-0.12,0.99
11:45:7,-0.15,-0.14,1.00
11:45:7,-0.12,-0.13,0.98
11:45:7,-0.14,-0.13,0.98
11:45:7,-0.11,-0.10,0.98
11:45:7,-0.13,-0.13,0.99
11:45:7,-0.13,-0.12,0.99
11:45:7,-0.11,-0.13,0.99
11:45:7,-0.12,-0.14,0.99
11:45:7,-0.12,-0.14,0.98
11:45:8,-0.13,-0.13,0.98
11:45:8,-0.11,-0.13,0.98
11:45:15,-0.57,-0.03,0.78
11:45:15,-0.62,-0.04,0.77
11:45:15,-0.62,-0.07,0.76
11:45:15,-0.56,-0.08,0.78
11:45:15,-0.58,-0.08,0.79
11:45:15,-0.55,-0.10,0.77
11:45:15,-0.59,-0.10,0.80
11:45:15,-0.61,-0.08,0.79
11:45:15,-0.61,-0.09,0.79
11:45:16,-0.60,-0.11,0.81
11:45:16,-0.65,-0.24,0.73
11:45:16,-0.73,-0.14,0.66
11:45:16,-0.72,-0.13,0.67
11:45:16,-0.72,-0.14,0.65
11:45:16,-0.72,-0.12,0.65
11:45:16,-0.75,-0.11,0.63
11:45:16,-0.73,-0.09,0.68
11:45:16,-0.73,-0.12,0.63
11:45:16,-0.76,-0.11,0.64
12:36:23,0.42,0.23,-0.88
12:36:23,0.42,0.21,-0.88
12:36:23,0.42,0.23,-0.88
12:36:23,0.42,0.22,-0.87
12:36:23,0.43,0.22,-0.89
12:36:23,0.42,0.23,-0.88
12:36:23,0.42,0.22,-0.88
12:36:23,0.43,0.22,-0.86
12:36:23,0.43,0.22,-0.89
12:36:23,0.41,0.21,-0.88
12:36:24,0.42,0.21,-0.87
12:36:24,0.42,0.21,-0.88
12:36:24,0.44,0.20,-0.85
12:36:24,0.43,0.20,-0.88
12:36:24,0.42,0.22,-0.87
12:36:24,0.43,0.21,-0.88
12:36:24,0.42,0.22,-0.88
12:36:24,0.41,0.21,-0.94
12:36:24,0.44,0.24,-0.87
12:36:27,0.64,0.44,-0.63
12:36:27,0.63,0.44,-0.62
12:36:27,0.65,0.43,-0.62
12:36:27,0.64,0.44,-0.62
12:36:28,0.67,0.43,-0.60
12:36:28,0.64,0.43,-0.62
12:36:28,0.67,0.43,-0.62
12:36:28,0.66,0.44,-0.62
12:36:28,0.66,0.43,-0.63
12:36:28,0.63,0.44,-0.62
12:36:28,0.64,0.44,-0.61
12:36:28,0.71,0.50,-0.70
12:36:28,0.66,0.45,-0.63
12:36:28,0.65,0.44,-0.62
12:36:29,0.65,0.45,-0.62
12:36:29,0.64,0.44,-0.62
12:36:29,0.64,0.43,-0.60
12:36:29,0.66,0.43,-0.61
12:36:29,0.65,0.45,-0.61
12:36:31,0.71,0.53,-0.47
12:36:31,0.71,0.55,-0.47
12:36:32,0.71,0.54,-0.45
12:36:32,0.71,0.52,-0.44
12:36:32,0.71,0.53,-0.46
12:36:32,0.74,0.52,-0.43
12:36:32,0.72,0.51,-0.45
12:36:32,0.73,0.55,-0.45
12:36:32,0.71,0.51,-0.45
12:36:32,0.68,0.51,-0.45
12:36:32,0.70,0.56,-0.52
12:36:32,0.72,0.53,-0.45
12:36:33,0.66,0.59,-0.44
12:36:33,0.62,0.54,-0.46
12:36:33,0.71,0.56,-0.42
12:36:33,0.73,0.55,-0.43
12:36:33,0.69,0.55,-0.42
12:36:33,0.72,0.55,-0.41
12:36:33,0.67,0.55,-0.40
12:58:19,0.51,0.65,-0.55
12:58:19,0.55,0.65,-0.51
12:58:19,0.55,0.63,-0.52
12:58:19,0.55,0.67,-0.55
12:58:20,0.53,0.57,-0.47
12:58:20,0.60,0.68,-0.50
12:58:20,0.57,0.65,-0.48
12:58:20,0.52,0.78,-0.49
12:58:20,0.56,0.63,-0.53
12:58:20,0.68,0.58,-0.53
12:58:20,0.61,0.59,-0.47
12:58:20,0.64,0.61,-0.47
12:58:20,0.64,0.61,-0.43
12:58:20,0.68,0.54,-0.42
12:58:21,0.63,0.52,-0.51
12:58:21,0.61,0.59,-0.48
12:58:21,0.72,0.59,-0.47
12:58:21,0.63,0.60,-0.51
12:58:21,0.68,0.66,-0.40
13:36:26,0.80,0.07,-0.60
13:36:26,0.81,0.14,-0.59
13:36:26,0.82,0.15,-0.54
13:36:26,0.83,0.15,-0.55
13:36:26,0.83,0.13,-0.54
13:36:26,0.84,0.16,-0.57
13:36:26,0.84,0.16,-0.54
13:36:26,0.84,0.12,-0.54
13:36:26,0.85,0.14,-0.49
13:36:27,0.87,0.19,-0.52
13:36:27,0.89,0.17,-0.45
13:36:27,0.90,0.11,-0.48
13:36:27,1.03,0.40,-0.15
13:36:27,0.60,0.35,0.45
13:36:27,0.82,0.53,0.42
13:36:27,0.95,0.49,0.06
13:36:27,0.86,0.52,-0.06
13:36:27,0.82,0.55,-0.06
13:36:27,0.91,0.48,-0.06
13:36:28,0.84,0.56,-0.06
13:36:28,0.86,0.50,-0.07
13:36:28,0.84,0.53,-0.12
13:36:28,0.85,0.52,-0.08
13:36:28,0.84,0.53,-0.07
13:36:28,0.71,0.63,-0.18
13:36:28,0.82,0.59,-0.29
13:36:28,0.75,0.55,-0.36
13:36:28,0.66,0.69,-0.33
13:36:28,0.73,0.62,-0.32
13:36:29,0.71,0.64,-0.31
13:36:29,0.72,0.60,-0.29
13:36:29,0.74,0.63,-0.25
13:36:29,0.75,0.57,-0.20
13:36:29,0.87,0.64,0.15
13:36:30,0.46,0.57,0.43
13:36:30,0.80,0.55,0.40
13:36:31,0.69,0.55,0.30
13:36:31,0.73,0.68,0.33
13:36:31,0.82,0.59,0.18
13:36:31,0.56,0.68,0.38
13:36:31,0.76,0.53,0.47
13:36:31,0.69,0.76,0.31
13:36:31,0.69,0.60,0.39
13:36:31,0.58,0.74,-0.14
13:36:31,0.59,0.73,0.30
13:36:31,0.72,0.50,0.34
13:36:32,0.48,0.82,0.05
13:36:32,0.69,0.70,0.27
13:36:32,0.57,0.60,0.48
13:36:32,0.63,0.67,0.30
13:36:32,0.69,0.63,0.30
13:36:32,0.70,0.61,0.36
13:36:32,0.59,0.77,0.34
15:35:54,0.95,0.38,-0.19
15:35:54,0.92,0.34,-0.18
15:35:54,0.92,0.38,-0.17
15:35:54,0.92,0.33,-0.17
15:35:54,0.92,0.36,-0.19
15:35:55,0.92,0.36,-0.21
15:35:55,0.89,0.37,-0.17
15:35:55,0.93,0.32,-0.18
15:35:55,0.94,0.34,-0.18
15:35:55,0.96,0.33,-0.19
15:35:55,0.96,0.35,-0.14
15:35:55,0.93,0.28,-0.19
15:35:55,0.92,0.32,-0.22
15:35:55,0.94,0.22,-0.13
15:35:55,0.99,0.24,-0.17
15:35:56,0.99,0.24,-0.20
15:35:56,0.96,0.24,-0.22
15:35:56,0.96,0.24,-0.25
15:35:56,0.98,0.22,-0.25
15:36:1,0.38,0.59,-0.70
15:36:2,0.38,0.60,-0.70
15:36:2,0.38,0.59,-0.69
15:36:2,0.37,0.60,-0.70
15:36:2,0.37,0.58,-0.70
15:36:2,0.38,0.60,-0.70
15:36:2,0.38,0.59,-0.70
15:36:2,0.39,0.59,-0.70
15:36:2,0.38,0.60,-0.69
15:36:2,0.34,0.60,-0.69
15:36:2,0.49,0.57,-0.72
15:36:3,0.43,0.56,-0.70
15:36:3,0.44,0.53,-0.71
15:36:3,0.70,0.64,-0.72
15:36:3,0.42,0.65,-0.70
15:36:3,0.34,0.60,-0.65
15:36:3,0.36,0.55,-0.75
15:36:3,0.36,0.66,-0.66
15:36:3,0.44,0.59,-0.64
15:36:15,0.89,-0.19,0.48
15:36:15,0.90,-0.19,0.45
15:36:15,0.89,-0.19,0.44
15:36:15,0.89,-0.21,0.42
15:36:15,0.91,-0.20,0.44
15:36:15,0.89,-0.21,0.44
15:36:16,0.89,-0.21,0.45
15:36:16,0.91,-0.21,0.45
15:36:16,0.90,-0.22,0.44
15:36:16,0.90,-0.22,0.43
15:36:16,0.90,-0.22,0.43
15:36:16,0.91,-0.23,0.41
15:36:16,0.90,-0.22,0.43
15:36:16,0.90,-0.22,0.44
15:36:16,0.91,-0.22,0.43
15:36:16,0.91,-0.22,0.44
15:36:17,0.89,-0.22,0.42
15:36:17,0.90,-0.22,0.43
15:36:17,0.90,-0.22,0.43
15:36:23,1.02,-0.13,0.13
15:36:23,1.01,-0.14,0.11
15:36:23,1.01,-0.14,0.14
15:36:24,1.01,-0.13,0.14
15:36:24,1.01,-0.14,0.15
15:36:24,1.00,-0.13,0.17
15:36:24,1.08,-0.08,0.19
15:36:24,0.96,-0.06,0.26
15:36:24,0.98,-0.10,0.24
15:36:24,1.01,-0.10,0.22
15:36:24,1.00,-0.13,0.19
15:36:24,1.01,-0.15,0.18
15:36:24,1.00,-0.15,0.25
15:36:25,1.00,-0.17,0.23
15:36:25,0.99,-0.26,0.28
15:36:25,0.95,-0.12,0.06
15:36:25,0.88,-0.20,0.10
15:36:25,0.92,-0.51,0.13
15:36:25,0.91,-0.46,0.12
15:36:27,1.01,0.05,0.11
15:36:27,1.03,0.07,0.08
15:36:27,1.18,-0.28,0.16
15:36:27,1.01,0.24,0.12
15:36:28,0.92,0.28,0.21
15:36:28,1.04,0.05,0.24
15:36:28,0.94,0.21,0.10
15:36:28,1.07,0.02,0.16
15:36:28,1.06,0.01,0.17
15:36:28,0.99,0.06,0.18
15:36:28,1.00,-0.14,0.19
15:36:28,1.06,-0.01,0.17
15:36:28,0.48,-0.83,0.64
15:36:28,0.94,-0.14,0.28
15:36:29,1.07,-0.16,0.10
15:36:29,1.02,-0.29,0.13
15:36:29,1.01,-0.38,0.12
15:36:29,1.00,-0.19,0.18
15:36:29,0.97,-0.13,0.22
16:10:17,0.89,0.37,0.30
16:10:17,0.89,0.40,0.29
16:10:17,0.88,0.36,0.31
16:10:17,0.90,0.34,0.30
16:10:17,0.89,0.38,0.33
16:10:18,0.89,0.36,0.29
16:10:18,0.89,0.37,0.29
16:10:18,0.89,0.36,0.29
16:10:18,0.93,0.37,0.31
16:10:18,0.90,0.35,0.29
16:10:18,0.91,0.36,0.28
16:10:18,0.90,0.35,0.29
16:10:18,0.89,0.39,0.29
16:10:18,0.92,0.34,0.27
16:10:18,0.90,0.32,0.27
16:10:19,0.96,0.38,0.29
16:10:19,0.93,0.35,0.23
16:10:19,0.89,0.33,0.22
16:10:19,0.91,0.34,0.24
16:10:24,0.99,-0.10,-0.04
16:10:24,1.04,-0.10,-0.02
16:10:24,1.03,-0.09,-0.03
16:10:25,1.02,-0.09,-0.03
16:10:25,1.03,-0.09,-0.04
16:10:25,1.02,-0.11,-0.03
16:10:25,1.03,-0.09,0.00
16:10:25,1.02,-0.08,-0.02
16:10:25,1.02,-0.08,-0.02
16:10:25,1.02,-0.08,-0.03
16:10:25,1.03,-0.08,-0.02
16:10:25,1.02,-0.08,-0.02
16:10:25,1.02,-0.09,-0.03
16:10:26,1.03,-0.08,-0.01
16:10:26,1.02,-0.08,0.00
16:10:26,1.03,-0.07,-0.01
16:10:26,1.02,-0.08,-0.00
16:10:26,1.02,-0.07,-0.00
16:10:26,1.06,-0.05,0.04
16:22:22,0.93,-0.42,0.20
16:22:22,0.91,-0.44,0.18
16:22:22,0.94,-0.32,0.24
16:22:22,0.94,-0.37,0.19
16:22:22,0.91,-0.42,0.16
16:22:22,0.92,-0.42,0.14
16:22:22,0.94,-0.45,0.13
16:22:23,0.92,-0.45,0.12
16:22:23,0.94,-0.43,0.09
16:22:23,0.93,-0.43,0.09
16:22:23,0.94,-0.44,0.08
16:22:23,0.94,-0.44,0.09
16:22:23,0.93,-0.43,0.10
16:22:23,0.93,-0.44,0.08
16:22:23,0.94,-0.44,0.06
16:22:23,0.94,-0.44,0.08
16:22:23,0.93,-0.44,0.08
16:22:24,0.93,-0.43,0.08
16:22:24,0.93,-0.44,0.07
16:34:14,0.73,-0.52,-0.43
16:34:14,0.76,-0.56,-0.50
16:34:15,0.75,-0.52,-0.52
16:34:15,0.75,-0.51,-0.52
16:34:15,0.73,-0.44,-0.48
16:34:15,0.73,-0.50,-0.53
16:34:15,0.74,-0.49,-0.52
16:34:15,0.75,-0.50,-0.53
16:34:15,0.75,-0.50,-0.53
16:34:15,0.74,-0.49,-0.52
16:34:15,0.73,-0.51,-0.51
16:34:15,0.75,-0.46,-0.53
16:34:16,0.73,-0.43,-0.53
16:34:16,0.80,-0.44,-0.51
16:34:16,0.76,-0.48,-0.53
16:34:16,0.77,-0.45,-0.51
16:34:16,0.75,-0.41,-0.47
16:34:16,0.79,-0.40,-0.51
16:34:16,0.78,-0.40,-0.53
16:34:24,0.94,-0.34,-0.23
16:34:24,0.93,-0.37,-0.22
16:34:24,0.94,-0.35,-0.21
16:34:24,0.95,-0.33,-0.25
16:34:25,0.94,-0.30,-0.28
16:34:25,0.93,-0.35,-0.31
16:34:25,0.94,-0.33,-0.28
16:34:25,0.96,-0.35,-0.26
16:34:25,0.93,-0.35,-0.29
16:34:25,0.93,-0.34,-0.30
16:34:25,0.93,-0.36,-0.32
16:34:25,0.92,-0.36,-0.31
16:34:25,0.92,-0.36,-0.33
16:34:25,0.85,-0.36,-0.30
16:34:26,0.86,-0.47,-0.28
16:34:26,0.78,-0.48,-0.25
16:34:26,0.74,-0.58,-0.46
16:34:26,0.78,-0.53,-0.48
16:34:26,0.75,-0.62,-0.40
16:34:41,0.65,-0.20,-0.74
16:34:41,0.66,-0.18,-0.75
16:34:42,0.52,-0.14,-0.76
16:34:42,0.65,-0.15,-0.77
16:34:42,0.63,-0.13,-0.79
16:34:42,0.66,-0.16,-0.78
16:34:42,0.67,-0.18,-0.54
16:34:42,0.78,-0.03,-0.63
16:34:42,0.86,-0.11,-0.71
16:34:42,0.88,-0.26,-0.51
16:34:42,0.91,-0.24,-0.47
16:34:42,0.89,-0.17,-0.49
16:34:43,0.88,-0.20,-0.49
16:34:43,0.88,-0.15,-0.52
16:34:43,0.86,-0.15,-0.52
16:34:43,0.98,-0.09,-0.54
16:34:43,0.90,-0.03,-0.53
16:34:43,0.84,0.01,-0.56
16:34:43,0.75,0.04,-0.57
16:34:45,0.63,0.64,-0.57
16:34:45,0.58,0.61,-0.52
16:34:45,0.56,0.61,-0.52
16:34:46,0.50,0.68,-0.56
16:34:46,0.47,0.35,-0.04
16:34:46,-0.01,1.05,-0.56
16:34:46,0.27,0.78,-0.56
16:34:46,0.30,0.78,-0.52
16:34:46,0.28,0.76,-0.52
16:34:46,0.28,0.76,-0.54
16:34:46,0.27,0.76,-0.55
16:34:46,0.24,0.77,-0.55
16:34:46,0.28,0.94,-0.53
16:34:47,0.85,0.61,-0.79
16:34:47,-0.17,1.10,0.05
16:34:47,0.13,0.83,-0.35
16:34:47,-0.08,0.90,-0.13
16:34:47,0.10,0.94,-0.24
16:34:47,0.08,0.92,-0.29
16:34:47,0.06,0.85,-0.33
16:34:47,0.07,0.84,-0.51
16:34:47,-0.01,0.85,-0.46
16:34:47,-0.36,1.04,-0.34
16:34:48,-0.21,0.78,-0.47
16:34:48,-0.20,0.80,-0.49
16:34:48,-0.22,0.81,-0.47
16:34:48,-0.20,0.83,-0.46
16:34:48,-0.21,0.82,-0.49
16:34:48,-0.22,0.80,-0.47
16:34:48,-0.21,0.82,-0.47
16:34:48,-0.21,0.82,-0.47
16:34:48,-0.23,0.82,-0.48
16:34:48,-0.22,0.81,-0.47
16:34:49,-0.24,0.82,-0.46
16:34:49,-0.24,0.82,-0.46
16:34:49,-0.22,0.82,-0.47
16:34:49,-0.23,0.81,-0.47
16:34:49,-0.24,0.82,-0.45
16:34:49,-0.23,0.82,-0.46
16:34:49,-0.23,0.81,-0.46
16:34:49,-0.24,0.82,-0.48
16:34:49,-0.25,0.81,-0.47
16:34:49,-0.24,0.81,-0.47
16:34:50,-0.25,0.80,-0.46
16:46:2,-0.53,0.77,-0.21
16:46:2,-0.56,0.76,-0.15
16:46:2,-0.54,0.76,-0.19
16:46:2,-0.54,0.78,-0.20
16:46:2,-0.56,0.77,-0.21
16:46:2,-0.56,0.77,-0.17
16:46:2,-0.56,0.78,-0.19
16:46:2,-0.53,0.74,-0.31
16:46:2,-0.58,0.73,-0.25
16:46:2,-0.60,0.62,-0.15
16:46:3,-0.78,0.81,-0.03
16:46:3,-0.78,0.71,-0.12
16:46:3,-0.70,0.62,-0.23
16:46:3,-0.19,0.57,-0.31
16:46:3,-0.70,0.70,-0.13
16:46:3,-0.57,0.75,-0.17
16:46:3,-0.61,0.79,-0.07
16:46:3,-0.58,0.71,-0.17
16:46:3,-0.61,0.70,-0.31
17:4:8,-0.60,0.20,-0.66
17:4:8,-0.55,0.45,-0.46
17:4:8,-0.49,0.45,-0.59
17:4:8,-0.64,0.39,-0.60
17:4:8,-0.57,0.43,-0.69
17:4:8,-0.60,0.39,-0.61
17:4:8,-0.64,0.40,-0.62
17:4:8,-0.63,0.37,-0.62
17:4:8,-0.59,0.34,-0.66
17:4:8,-0.69,0.38,-0.60
17:4:9,-0.64,0.37,-0.63
17:4:9,-0.75,0.42,-0.58
17:4:9,-0.64,0.38,-0.57
17:4:9,-0.64,0.38,-0.62
17:4:9,-0.66,0.41,-0.61
17:4:9,-0.64,0.36,-0.65
17:4:9,-0.59,0.44,-0.63
17:4:9,-0.58,0.44,-0.63
17:4:9,-0.58,0.46,-0.68
17:4:13,-0.44,0.69,-0.56
17:4:13,-0.48,0.55,-0.63
17:4:13,-0.39,0.68,-0.58
17:4:13,-0.40,0.63,-0.63
17:4:13,-0.36,0.53,-0.59
17:4:13,-0.21,0.67,-0.60
17:4:13,-0.23,0.73,-0.62
17:4:13,-0.12,0.66,-0.67
17:4:14,-0.10,0.80,-0.53
17:4:14,-0.00,0.81,-0.47
17:4:14,-0.06,0.79,-0.49
17:4:14,-0.04,0.82,-0.51
17:4:14,-0.07,0.83,-0.47
17:4:14,0.03,0.77,-0.53
17:4:14,-0.11,0.47,-0.33
17:4:14,-0.23,0.78,-0.47
17:4:14,-0.10,0.73,-0.57
17:4:14,-0.11,0.74,-0.48
17:4:15,-0.14,0.88,-0.48
17:4:15,-0.14,0.84,-0.45
17:4:15,-0.14,0.88,-0.47
17:4:15,-0.11,0.85,-0.47
17:4:15,-0.10,0.84,-0.46
17:4:15,-0.12,0.84,-0.47
17:4:15,-0.08,0.82,-0.47
17:4:15,-0.06,0.93,-0.48
17:4:15,-0.12,0.85,-0.51
17:4:15,-0.22,0.95,-0.34
17:4:16,-0.27,0.73,-0.46
17:4:16,-0.15,0.68,-0.70
17:4:20,-0.10,0.74,-0.63
17:4:20,-0.11,0.72,-0.61
17:4:20,-0.11,0.74,-0.63
17:4:20,-0.11,0.74,-0.62
17:4:20,-0.10,0.74,-0.63
17:4:20,-0.11,0.75,-0.61
17:4:21,-0.11,0.74,-0.61
17:4:21,-0.11,0.74,-0.61
17:4:21,-0.15,0.74,-0.62
17:4:21,-0.12,0.71,-0.63
17:4:21,-0.12,0.74,-0.62
17:4:21,-0.10,0.72,-0.64
17:4:21,-0.11,0.67,-0.64
17:4:21,-0.12,0.70,-0.65
17:4:21,-0.14,0.71,-0.64
17:4:21,-0.15,0.66,-0.69
17:4:22,-0.16,0.71,-0.74
17:4:22,0.04,0.77,-0.61
17:4:22,-0.01,0.76,-0.63
17:4:24,-0.28,0.68,-0.62
17:4:24,-0.28,0.66,-0.64
17:4:25,-0.36,0.67,-0.66
17:4:25,-0.33,0.70,-0.65
17:4:25,-0.38,0.70,-0.63
17:4:25,-0.27,0.64,-0.63
17:4:25,-0.29,0.70,-0.66
17:4:25,-0.37,0.68,-0.63
17:4:25,-0.15,0.54,-1.90
17:4:25,-0.59,0.67,-0.60
17:4:25,-0.29,0.48,-0.54
17:4:25,-0.20,0.79,-0.54
17:4:26,-0.03,0.77,-0.62
17:4:26,-0.33,0.63,-0.59
17:4:26,-0.13,0.74,-0.63
17:4:26,-0.16,0.73,-0.60
17:4:26,-0.12,0.72,-0.62
17:4:26,-0.03,0.75,-0.67
17:4:26,-0.11,0.75,-0.62
17:23:11,-0.14,0.82,-0.51
17:23:11,-0.17,0.95,-0.59
17:23:11,-0.18,0.81,-0.48
17:23:11,-0.19,0.82,-0.46
17:23:12,-0.22,0.80,-0.47
17:23:12,-0.21,0.82,-0.48
17:23:12,-0.22,0.79,-0.48
17:23:12,-0.22,0.81,-0.49
17:23:12,-0.24,0.82,-0.45
17:23:12,-0.21,0.79,-0.50
17:23:12,-0.19,0.83,-0.46
17:23:12,-0.23,0.80,-0.50
17:23:12,-0.21,0.83,-0.43
17:23:12,-0.22,0.83,-0.46
17:23:13,-0.21,0.81,-0.48
17:23:13,-0.21,0.82,-0.47
17:23:13,-0.20,0.82,-0.49
17:23:13,-0.32,0.80,-0.40
17:23:13,-0.23,0.81,-0.48
17:23:20,-0.86,-0.41,-0.26
17:23:20,-0.88,-0.40,-0.26
17:23:20,-0.87,-0.40,-0.26
17:23:20,-0.87,-0.41,-0.26
17:23:20,-0.87,-0.42,-0.26
17:23:21,-0.86,-0.41,-0.27
17:23:21,-0.86,-0.42,-0.28
17:23:21,-0.85,-0.44,-0.27
17:23:21,-0.85,-0.43,-0.28
17:23:21,-0.85,-0.44,-0.27
17:23:21,-0.84,-0.43,-0.27
17:23:21,-0.86,-0.44,-0.27
17:23:21,-0.84,-0.45,-0.28
17:23:21,-0.83,-0.46,-0.27
17:23:21,-0.84,-0.45,-0.27
17:23:22,-0.84,-0.45,-0.26
17:23:22,-0.85,-0.45,-0.28
17:23:22,-0.84,-0.46,-0.29
17:23:22,-0.83,-0.49,-0.26
17:23:29,0.04,-0.99,-0.27
17:23:29,0.04,-1.00,-0.29
17:23:30,-0.00,-0.95,-0.29
17:23:30,0.06,-1.00,-0.28
17:23:30,0.03,-1.00,-0.25
17:23:30,0.01,-1.04,-0.26
17:23:30,0.02,-1.02,-0.25
17:23:30,0.05,-0.99,-0.26
17:23:30,0.05,-0.99,-0.27
17:23:30,0.07,-0.99,-0.24
17:23:30,0.04,-0.98,-0.26
17:23:30,-0.04,-1.01,-0.28
17:23:31,-0.11,-1.02,-0.26
17:23:31,-0.24,-0.96,-0.12
17:23:31,-0.16,-0.98,-0.26
17:23:31,0.01,-1.03,-0.19
17:23:31,-0.20,-0.98,-0.28
17:23:31,-0.09,-1.00,-0.17
17:23:31,-0.10,-1.04,-0.19
17:25:59,-0.95,0.12,0.12
17:25:59,-0.97,0.09,0.11
17:26:0,-0.97,0.11,0.12
17:26:0,-0.96,0.10,0.11
17:26:0,-0.96,0.08,0.12
17:26:0,-0.97,0.09,0.11
17:26:0,-0.97,0.10,0.12
17:26:0,-0.95,0.09,0.12
17:26:0,-0.97,0.10,0.11
17:26:0,-0.99,0.08,0.10
17:26:0,-0.97,0.11,0.13
17:26:0,-0.96,0.08,0.11
17:26:1,-0.95,0.14,0.13
17:26:1,-0.92,0.16,0.11
17:26:1,-0.97,0.16,0.11
17:26:1,-0.96,0.15,0.08
17:26:1,-0.96,0.17,0.06
17:26:1,-0.99,0.13,0.03
17:26:1,-0.96,0.19,0.06
17:26:10,-0.26,0.85,-0.39
17:26:10,-0.28,0.90,-0.34
17:26:11,-0.16,0.89,-0.41
17:26:11,-0.18,0.80,-0.54
17:26:11,-0.23,0.89,-0.44
17:26:11,-0.42,0.75,-0.44
17:26:11,-0.37,0.85,-0.33
17:26:11,-0.50,0.59,-0.65
17:26:11,0.28,1.22,0.51
17:26:11,-0.77,0.42,-0.54
17:26:11,-0.68,0.54,-0.42
17:26:11,-0.69,0.52,-0.42
17:26:12,-0.74,0.54,-0.45
17:26:12,-0.72,0.51,-0.41
17:26:12,-0.71,0.53,-0.41
17:26:12,-0.70,0.50,-0.41
17:26:12,-0.72,0.53,-0.41
17:26:12,-0.66,0.48,-0.36
17:26:12,-0.70,0.63,-0.35
17:26:12,-0.72,0.53,-0.45
17:26:12,-0.54,0.67,-0.48
17:26:12,-0.09,0.65,-0.41
17:26:13,-0.39,0.66,-0.55
17:26:13,-0.41,0.65,-0.67
17:26:13,-0.43,0.63,-0.59
17:26:13,-0.43,0.62,-0.56
17:26:13,-0.46,0.61,-0.61
17:26:13,-0.47,0.66,-0.53
17:26:13,-0.48,0.59,-0.61
17:26:16,-0.44,0.42,-0.74
17:26:16,-0.53,0.35,-0.73
17:26:16,-0.59,0.30,-0.72
17:26:16,-0.38,0.42,-0.73
17:26:16,-0.55,0.35,-0.72
17:26:16,-0.65,0.30,-0.73
17:26:17,-0.52,0.36,-0.76
17:26:17,-0.52,0.34,-0.74
17:26:17,-0.31,0.45,-0.85
17:26:17,-0.43,0.40,-0.75
17:26:17,-0.43,0.44,-0.77
17:26:17,-0.53,0.37,-0.74
17:26:17,-0.51,0.35,-0.72
17:26:17,-0.53,0.37,-0.73
17:26:17,-0.50,0.36,-0.73
17:26:17,-0.58,0.37,-0.74
17:26:18,-0.42,0.40,-0.79
17:26:18,-0.49,0.36,-0.76
17:26:18,-0.51,0.37,-0.74
17:33:54,0.20,0.78,-0.54
17:33:54,0.25,0.74,-0.55
17:33:54,0.18,0.78,-0.56
17:33:54,0.20,0.78,-0.55
17:33:54,0.18,0.79,-0.55
17:33:54,0.17,0.77,-0.56
17:33:54,0.17,0.78,-0.58
17:33:54,0.17,0.80,-0.55
17:33:54,0.17,0.78,-0.56
17:33:54,0.18,0.79,-0.55
17:33:55,0.18,0.78,-0.55
17:33:55,0.19,0.79,-0.57
17:33:55,0.15,0.81,-0.53
17:33:55,0.20,0.79,-0.56
17:33:55,0.19,0.77,-0.56
17:33:55,0.19,0.79,-0.55
17:33:55,0.23,0.81,-0.55
17:33:55,0.21,0.78,-0.57
17:33:55,0.19,0.78,-0.56
18:11:2,-0.17,-0.91,-0.45
18:11:3,-0.18,-0.91,-0.45
18:11:3,-0.17,-0.90,-0.46
18:11:3,-0.17,-0.90,-0.46
18:11:3,-0.18,-0.91,-0.48
18:11:3,-0.20,-0.90,-0.48
18:11:3,-0.20,-0.90,-0.46
18:11:3,-0.22,-0.91,-0.44
18:11:3,-0.24,-0.91,-0.44
18:11:3,-0.22,-0.87,-0.46
18:11:3,-0.19,-0.93,-0.41
18:11:3,-0.20,-0.88,-0.49
18:11:4,-0.08,-0.90,-0.40
18:11:4,-0.13,-0.94,-0.46
18:11:4,-0.11,-0.94,-0.43
18:11:4,-0.15,-0.93,-0.40
18:11:4,-0.16,-0.94,-0.43
18:11:4,-0.15,-0.93,-0.44
18:11:4,-0.14,-0.92,-0.44
18:11:11,-0.23,-0.95,-0.43
18:11:11,-0.14,-0.88,-0.40
18:11:11,-0.20,-0.90,-0.43
18:11:11,-0.17,-0.90,-0.45
18:11:11,-0.09,-0.89,-0.40
18:11:11,-0.22,-0.87,-0.49
18:11:11,-0.14,-0.92,-0.36
18:11:11,0.02,-0.89,-0.49
18:11:12,-0.10,-1.00,-0.41
18:11:12,0.01,-1.03,-0.43
18:11:12,0.32,-1.13,-0.39
18:11:12,-0.27,-0.92,-0.43
18:11:12,-0.31,-0.82,-0.56
18:11:12,-0.15,-1.04,-0.28
18:11:12,-0.17,-0.92,-0.50
18:11:12,-0.23,-0.79,-0.52
18:11:12,-0.25,-0.95,-0.30
18:11:12,-0.26,-0.94,-0.43
18:11:13,-0.23,-0.83,-0.49
18:50:49,0.53,0.56,-0.59
18:50:49,0.50,0.68,-0.57
18:50:49,0.31,0.72,-0.58
18:50:49,0.42,0.98,-0.22
18:50:50,0.32,1.12,0.07
18:50:50,0.47,0.82,-0.20
18:50:50,0.22,0.93,-0.35
18:50:50,0.29,0.86,-0.37
18:50:50,0.24,0.87,-0.42
18:50:50,0.24,0.88,-0.41
18:50:50,0.28,0.85,-0.36
18:50:50,0.29,0.86,-0.35
18:50:50,0.29,0.87,-0.39
18:50:50,0.23,0.86,-0.38
18:50:51,0.29,0.86,-0.34
18:50:51,0.30,0.86,-0.33
18:50:51,0.17,0.90,-0.51
18:50:51,0.43,-0.38,-0.96
18:50:51,-0.15,0.44,-0.88
18:50:51,-0.25,0.38,-0.92
18:50:51,-0.29,0.28,-0.94
18:50:51,-0.19,0.26,-0.92
18:50:51,-0.25,0.29,-0.92
18:50:51,-0.21,0.40,-0.86
18:50:52,-0.12,0.23,-0.91
18:50:52,-0.08,0.27,-0.97
18:50:52,-0.04,0.35,-0.97
18:50:52,0.04,0.43,-0.93
18:50:52,0.02,0.44,-0.87
18:50:52,0.03,0.45,-0.85
18:50:52,0.02,0.45,-0.88
18:50:52,0.03,0.46,-0.87
18:50:52,0.02,0.46,-0.87
18:50:52,0.02,0.45,-0.88
18:50:53,0.02,0.44,-0.87
18:50:53,0.02,0.44,-0.87
18:50:53,0.02,0.45,-0.88
18:50:53,0.02,0.46,-0.87
18:50:53,0.02,0.47,-0.88
18:51:1,-0.25,-0.53,-0.81
18:51:1,-0.24,-0.54,-0.82
18:51:1,-0.25,-0.54,-0.81
18:51:1,-0.25,-0.54,-0.80
18:51:1,-0.26,-0.54,-0.81
18:51:1,-0.24,-0.52,-0.79
18:51:1,-0.25,-0.55,-0.81
18:51:1,-0.24,-0.54,-0.82
18:51:1,-0.25,-0.55,-0.80
18:51:1,-0.27,-0.56,-0.80
18:51:2,-0.26,-0.52,-0.83
18:51:2,-0.23,-0.54,-0.74
18:51:2,-0.32,-0.42,-0.83
18:51:2,-0.29,-0.46,-0.85
18:51:2,-0.35,-0.47,-0.85
18:51:2,-0.28,-0.40,-0.88
18:51:2,-0.26,-0.34,-0.90
18:51:2,-0.30,-0.36,-0.88
18:51:2,-0.29,-0.35,-0.90
19:12:22,0.45,-0.92,-0.19
19:12:22,0.44,-0.92,-0.18
19:12:22,0.46,-0.92,-0.20
19:12:22,0.46,-0.92,-0.19
19:12:22,0.47,-0.92,-0.16
19:12:22,0.42,-0.89,-0.18
19:12:22,0.47,-0.91,-0.19
19:12:22,0.43,-0.92,-0.19
19:12:22,0.44,-0.92,-0.20
19:12:23,0.43,-0.92,-0.18
19:12:23,0.44,-0.93,-0.19
19:12:23,0.40,-0.95,-0.18
19:12:23,0.40,-0.94,-0.19
19:12:23,0.40,-0.94,-0.19
19:12:23,0.40,-0.90,-0.25
19:12:23,0.40,-0.91,-0.20
19:12:23,0.43,-0.91,-0.22
19:12:23,0.42,-0.95,-0.19
19:12:23,0.47,-0.91,-0.19
19:12:39,0.80,-0.68,-0.06
19:12:39,0.79,-0.67,-0.08
19:12:39,0.79,-0.67,-0.06
19:12:39,0.80,-0.68,-0.11
19:12:39,0.80,-0.65,-0.11
19:12:39,0.73,-0.63,-0.06
19:12:39,0.81,-0.66,-0.13
19:12:39,0.76,-0.68,-0.08
19:12:39,0.84,-0.69,-0.06
19:12:40,0.71,-0.63,-0.04
19:12:40,0.78,-0.63,0.04
19:12:40,0.75,-0.66,0.02
19:12:40,0.80,-0.67,0.06
19:12:40,0.78,-0.69,0.06
19:12:40,0.76,-0.68,0.02
19:12:40,0.79,-0.70,0.08
19:12:40,1.10,-0.56,-0.40
19:12:40,0.79,-0.68,0.24
19:12:40,0.48,-0.35,0.75
19:12:41,0.79,-0.28,0.60
19:12:41,0.82,-0.39,0.74
19:12:41,1.03,-0.32,0.55
19:12:41,0.62,-0.93,0.81
19:12:41,1.01,-0.03,0.35
19:12:41,1.03,-0.09,-0.06
19:12:41,0.94,-0.20,-0.26
19:12:41,0.86,-0.15,-0.56
19:12:41,0.83,-0.14,-0.55
19:12:41,0.83,-0.15,-0.56
19:12:42,0.85,-0.14,-0.53
19:12:42,0.81,-0.20,-0.48
19:12:42,0.74,-0.24,-0.53
19:12:42,0.48,-0.36,-0.78
19:12:42,0.29,-0.57,-0.81
19:12:42,0.30,-0.62,-0.70
19:12:42,0.39,-0.63,-0.69
19:12:42,0.39,-0.50,-0.78
19:12:42,0.37,-0.57,-0.78
19:12:42,0.57,-0.48,-0.66
19:12:43,0.55,-0.38,-0.65
19:12:43,0.85,-0.53,-0.69
19:12:43,0.74,-0.49,-0.63
19:12:43,0.65,-0.50,-0.60
19:12:43,0.68,-0.48,-0.57
19:12:43,0.76,-0.61,-0.55
20:24:40,0.41,-0.90,-0.39
20:24:40,0.39,-0.89,-0.36
20:24:40,0.38,-0.90,-0.34
20:24:40,0.33,-0.91,-0.34
20:24:40,0.39,-0.95,-0.38
20:24:40,0.33,-0.90,-0.37
20:24:40,0.29,-0.99,-0.43
20:24:41,0.18,-0.95,-0.43
20:24:41,0.13,-0.97,-0.42
20:24:41,-0.02,-0.94,-0.36
20:24:41,-0.01,-0.94,-0.38
20:24:41,-0.11,-0.91,-0.40
20:24:41,-0.08,-0.98,-0.39
20:24:41,-0.03,-0.96,-0.37
20:24:41,-0.03,-0.93,-0.30
20:24:41,-0.02,-0.99,-0.36
20:24:41,-0.03,-0.97,-0.35
20:24:42,-0.05,-0.97,-0.38
20:24:42,-0.03,-0.98,-0.36
20:24:46,-0.60,-0.63,-0.46
20:24:46,-0.39,-0.42,-0.78
20:24:46,-1.40,-0.62,-0.50
20:24:46,-0.67,-0.87,-0.68
20:24:46,-0.73,-0.26,-0.87
20:24:46,-0.38,-0.02,-0.89
20:24:47,-0.49,-0.27,-0.74
20:24:47,-0.45,-0.49,-0.60
20:24:47,-0.30,-0.49,-1.03
20:24:47,-0.64,-0.49,-0.81
20:24:47,-0.80,-0.33,-0.46
20:24:47,-0.58,-0.25,-0.75
20:24:47,-0.59,-0.24,-0.70
20:24:47,-0.45,0.06,-0.61
20:24:47,-0.61,-1.04,-0.01
20:24:47,-0.44,-1.85,0.68
20:24:48,-0.30,-0.97,-0.20
20:24:48,-0.30,-0.99,-0.20
20:24:48,-0.31,-0.96,-0.21
20:24:48,-0.31,-0.97,-0.22
20:24:48,-0.30,-0.96,-0.21
20:24:48,-0.31,-0.95,-0.22
20:24:48,-0.29,-0.97,-0.22
20:24:48,-0.31,-0.95,-0.22
20:24:48,-0.31,-0.95,-0.22
20:24:48,-0.31,-0.95,-0.22
20:24:49,-0.31,-0.96,-0.20
20:24:49,-0.30,-0.96,-0.21
20:24:49,-0.30,-0.96,-0.24
20:24:49,-0.29,-0.95,-0.22
20:24:49,-0.30,-0.95,-0.24
20:24:49,-0.30,-0.96,-0.22
20:24:49,-0.30,-0.95,-0.23
20:24:49,-0.29,-0.94,-0.23
20:24:51,-0.59,-0.81,-0.21
20:24:51,-0.56,-0.83,-0.19
20:24:52,-0.56,-0.81,-0.21
20:24:52,-0.43,-0.97,-0.18
20:24:52,-0.61,-0.76,-0.28
20:24:52,-0.76,-0.74,-0.28
20:24:52,-0.66,-0.76,-0.32
20:24:52,-0.56,-0.68,-0.32
20:24:52,-0.64,-0.73,-0.36
20:24:52,-0.64,-0.70,-0.34
20:24:52,-0.66,-0.70,-0.34
20:24:52,-0.64,-0.70,-0.33
20:24:53,-0.64,-0.71,-0.34
20:24:53,-0.64,-0.70,-0.33
20:24:53,-0.63,-0.70,-0.33
20:24:53,-0.64,-0.71,-0.35
20:24:53,-0.64,-0.69,-0.35
20:24:53,-0.65,-0.70,-0.33
20:24:53,-0.65,-0.71,-0.34
20:25:2,-0.68,-0.76,-0.04
20:25:2,-0.68,-0.75,-0.03
20:25:2,-0.70,-0.75,-0.02
20:25:2,-0.67,-0.74,-0.03
20:25:2,-0.67,-0.75,-0.02
20:25:2,-0.67,-0.77,-0.01
20:25:2,-0.74,-0.71,0.07
20:25:3,-0.75,-0.63,-0.09
20:25:3,-0.74,-0.69,-0.08
20:25:3,-0.74,-0.69,-0.07
20:25:3,-0.75,-0.66,-0.10
20:25:3,-0.76,-0.65,-0.05
20:25:3,-0.84,-0.61,-0.08
20:25:3,-0.90,-0.37,-0.03
20:25:3,-0.88,-0.35,-0.04
20:25:3,-0.96,-0.29,-0.03
20:25:3,-0.92,-0.23,-0.03
20:25:4,-0.95,-0.24,-0.02
20:25:4,-1.00,-0.15,-0.05
20:25:4,-1.08,-0.53,0.28
20:25:4,-0.78,-0.29,0.43
20:25:4,-0.73,-0.53,0.39
20:25:4,-0.80,-0.41,0.42
20:25:4,-0.77,-0.36,0.48
20:25:4,-0.88,-0.35,0.35
20:25:4,-0.90,-0.34,0.31
20:25:4,-0.88,-0.34,0.31
20:25:5,-0.88,-0.43,0.20
20:25:5,-0.89,-0.36,0.17
20:25:5,-0.89,-0.44,0.18
20:25:5,-0.90,-0.43,0.13
20:25:5,-0.92,-0.34,0.03
20:25:5,-0.94,-0.32,0.18
20:25:5,-1.01,-0.43,0.02
20:25:5,-1.07,-0.50,-0.12
20:25:5,-0.88,-0.39,0.22
20:25:5,-0.85,-0.40,0.11
20:25:6,-0.89,-0.36,0.10
20:25:6,-0.94,-0.41,0.07
20:25:6,-0.94,-0.47,0.03
20:48:49,0.54,-0.71,-0.43
20:48:49,0.58,-0.74,-0.45
20:48:49,0.54,-0.66,-0.48
20:48:49,0.58,-0.73,-0.49
20:48:49,0.65,-0.66,-0.63
20:48:49,0.72,-0.33,-0.57
20:48:49,0.69,-0.43,-0.65
20:48:49,0.72,-0.38,-0.62
20:48:49,0.74,-0.22,-0.71
20:48:49,1.10,-0.63,-0.24
20:48:50,0.91,0.29,-0.65
20:48:50,0.85,0.17,-0.49
20:48:50,0.91,0.29,-0.43
20:48:50,0.91,0.30,-0.42
20:48:50,0.83,0.32,-0.42
20:48:50,0.87,0.23,-0.42
20:48:50,0.90,0.28,-0.49
20:48:50,0.91,0.24,-0.43
20:48:50,0.89,0.20,-0.43
20:48:50,0.89,0.22,-0.44
20:48:51,0.89,0.21,-0.47
20:48:51,0.88,0.20,-0.45
20:48:51,0.88,0.22,-0.45
20:48:51,0.89,0.21,-0.44
20:48:51,0.89,0.20,-0.44
20:48:51,0.88,0.21,-0.44
20:48:51,0.81,0.24,-0.45
20:49:5,0.54,-0.08,-0.85
20:49:6,0.54,-0.07,-0.86
20:49:6,0.54,-0.08,-0.84
20:49:6,0.54,-0.08,-0.86
20:49:6,0.55,-0.06,-0.85
20:49:6,0.55,-0.06,-0.85
20:49:6,0.54,-0.05,-0.84
20:49:6,0.55,-0.05,-0.85
20:49:6,0.54,0.04,-0.72
20:49:6,0.51,-0.10,-0.87
20:49:6,0.62,-0.19,-0.78
20:49:7,0.30,-0.36,-0.90
20:49:7,0.29,-0.39,-0.90
20:49:7,0.21,-0.42,-0.88
20:49:7,0.49,-0.30,-0.87
20:49:7,0.44,-0.27,-0.88
20:49:7,0.43,-0.29,-0.84
20:49:7,0.45,-0.27,-0.87
20:49:7,0.47,-0.27,-0.87
20:49:7,0.42,-0.31,-0.86
20:49:7,0.50,-0.30,-0.87
20:49:8,0.37,-0.34,-0.90
20:49:8,0.38,-0.25,-0.94
20:49:8,0.61,-0.57,-0.74
20:49:8,0.48,-0.52,-0.79
20:49:8,0.44,-0.65,-0.62
20:49:8,0.29,-0.18,-0.75
20:49:8,0.40,0.30,-0.61
20:49:8,0.81,-0.06,-0.55
20:49:8,0.83,-0.10,-0.58
20:49:8,0.82,-0.09,-0.58
20:49:9,0.82,-0.10,-0.60
20:49:9,0.80,-0.11,-0.59
20:49:9,0.80,-0.10,-0.60
20:49:9,0.82,-0.11,-0.57
20:49:9,0.82,-0.10,-0.59
20:49:9,0.77,-0.23,-0.62
20:49:9,0.57,-0.34,-0.81
20:49:9,0.24,-0.47,-0.87
20:49:9,0.58,-0.56,-0.78
20:49:9,0.34,-0.45,-0.98
20:49:10,0.41,-0.26,-0.89
20:49:10,0.46,-0.41,-0.85
20:49:10,0.38,-0.32,-0.93
20:49:10,-0.17,-0.23,-0.45
20:49:10,0.54,-0.25,-0.85
20:49:10,0.75,-0.20,-0.75
20:49:10,0.62,-0.17,-0.83
20:49:10,0.67,-0.11,-0.78
20:49:10,0.73,-0.21,-0.72
20:49:10,0.65,-0.17,-0.76
20:49:11,0.66,-0.17,-0.70
20:49:11,0.55,-0.12,-0.76
20:49:11,0.60,-0.14,-0.82
20:49:11,0.61,-0.13,-0.84
20:49:11,0.67,-0.14,-0.79
20:49:11,0.60,-0.15,-0.72
20:49:11,0.63,-0.12,-0.76
20:49:11,0.75,-0.14,-0.71
20:49:11,0.57,-0.31,-0.74
20:49:11,0.79,0.01,-0.64
20:49:12,0.82,-0.11,-0.74
20:49:12,0.67,-0.22,-0.68
20:49:12,0.72,-0.17,-0.89
20:49:12,0.82,-0.07,-0.71
21:33:57,0.99,-0.19,-0.17
21:33:57,1.00,-0.15,-0.18
21:33:57,0.97,-0.09,-0.23
21:33:57,1.00,-0.11,-0.18
21:33:58,0.99,-0.10,-0.20
21:33:58,1.02,-0.16,-0.28
21:33:58,1.06,0.15,-1.26
21:33:58,0.95,0.34,-0.41
21:33:58,0.96,0.21,-0.21
21:33:58,1.20,0.07,-0.13
21:33:58,1.37,-0.20,-0.59
21:33:58,0.99,-0.41,-0.71
21:33:58,0.82,-0.25,-0.62
21:33:58,0.75,-0.15,-0.75
21:33:59,1.13,-0.70,-0.24
21:33:59,0.75,-0.85,-0.09
21:33:59,0.57,-0.68,-0.02
21:33:59,0.71,-1.07,0.12
21:33:59,0.64,-0.93,-0.17
21:33:59,0.32,-1.03,0.15
21:33:59,0.38,-0.84,-0.05
21:33:59,0.89,-1.04,0.30
21:33:59,0.93,-0.74,-0.02
21:33:59,0.64,-0.76,0.09
21:34:0,0.74,-0.81,0.12
21:34:0,0.87,-0.60,0.16
21:34:0,0.92,-0.56,0.15
21:34:0,0.78,-0.60,0.11
21:34:0,0.74,-0.89,-0.40
21:34:0,0.71,-0.40,0.22
21:34:0,0.75,-0.66,0.18
21:34:0,1.06,-0.57,-0.13
21:34:0,0.82,-0.57,-0.01
21:34:0,0.90,-0.78,0.74
21:34:1,0.80,-0.71,0.09
21:34:1,0.79,-0.58,-0.20
21:34:1,0.88,-0.63,-0.12
21:34:1,0.73,-0.72,-0.09
21:34:1,0.80,-0.65,-0.01
21:34:1,0.79,-0.67,0.15
21:34:1,0.77,-0.63,0.11
21:34:1,0.76,-0.62,-0.04
21:34:1,0.84,-0.48,0.12
21:34:1,0.42,-0.82,0.22
21:34:2,0.92,-0.47,0.39
21:34:2,0.90,-0.35,0.43
21:34:2,0.48,-0.46,0.44
21:34:2,0.52,-0.70,0.87
21:34:2,0.39,-0.67,0.75
21:34:2,0.41,-0.62,0.76
21:34:2,0.42,-0.58,0.70
21:34:2,0.45,-0.58,0.72
21:34:2,0.41,-0.60,0.68
21:34:2,0.45,-0.64,0.69
21:34:3,0.43,-0.62,0.71
21:34:3,0.43,-0.62,0.70
21:34:3,0.40,-0.61,0.66
21:34:3,0.46,-0.64,0.70
21:34:3,0.43,-0.64,0.70
21:34:3,0.43,-0.63,0.68
21:34:3,0.47,-0.64,0.71
21:34:3,0.50,-0.52,0.67
21:34:3,0.44,-0.62,0.67
21:34:3,0.47,-0.60,0.65
21:34:4,0.46,-0.61,0.69
21:34:4,0.49,-0.59,0.69
21:34:16,0.90,-0.49,-0.03
21:34:16,0.91,-0.49,-0.01
21:34:16,0.91,-0.49,-0.03
21:34:16,0.90,-0.50,-0.00
21:34:16,0.90,-0.51,-0.01
21:34:16,0.92,-0.49,-0.02
21:34:16,0.90,-0.52,-0.01
21:34:17,0.92,-0.53,-0.01
21:34:17,0.89,-0.51,-0.02
21:34:17,0.89,-0.52,-0.01
21:34:17,0.90,-0.52,-0.02
21:34:17,0.90,-0.53,-0.03
21:34:17,0.96,-0.47,0.02
21:34:17,0.94,-0.48,-0.03
21:34:17,0.94,-0.44,-0.09
21:34:17,0.93,-0.36,-0.15
21:34:17,0.90,-0.87,-0.05
21:34:18,0.82,-0.63,-0.28
21:34:18,0.75,-0.64,-0.23
22:5:27,0.16,-0.85,-0.24
22:5:27,0.06,-0.58,-0.75
22:5:27,0.31,-0.76,-0.68
22:5:28,0.25,-0.57,-0.84
22:5:28,0.40,-0.80,-0.63
22:5:28,0.30,-0.71,-0.62
22:5:28,0.38,-0.90,-0.35
22:5:28,0.26,-1.10,0.03
22:5:28,0.29,-0.99,-0.09
22:5:28,0.29,-1.00,-0.09
22:5:28,0.29,-0.99,-0.09
22:5:28,0.30,-0.99,-0.09
22:5:28,0.28,-1.00,-0.10
22:5:29,0.28,-1.00,-0.10
22:5:29,0.29,-0.99,-0.10
22:5:29,0.29,-0.99,-0.10
22:5:29,0.28,-1.00,-0.09
22:5:29,0.29,-0.99,-0.10
22:5:29,0.28,-0.99,-0.10
22:5:29,0.28,-0.99,-0.09
22:5:29,0.29,-1.00,-0.09
22:5:29,0.29,-1.00,-0.10
22:5:29,0.28,-1.00,-0.10
22:5:47,0.36,-1.16,0.07
22:5:47,0.48,-0.97,-0.17
22:5:47,0.20,-0.96,0.16
22:5:47,0.38,-0.81,-0.40
22:5:47,0.82,-0.87,-0.49
22:5:47,0.52,-0.90,-0.42
22:5:47,0.58,-0.76,-0.26
22:5:47,1.50,-0.97,0.09
22:5:47,0.72,-0.68,-0.32
22:5:47,0.69,-0.71,-0.33
22:5:48,0.65,-0.65,-0.27
22:5:48,0.61,-0.75,-0.35
22:5:48,0.58,-0.72,-0.40
22:5:48,0.58,-0.76,-0.39
22:5:48,0.59,-0.76,-0.40
22:5:48,0.59,-0.75,-0.40
22:5:48,0.60,-0.75,-0.40
22:5:48,0.60,-0.76,-0.41
22:5:48,0.60,-0.75,-0.40
22:5:48,0.59,-0.75,-0.40
22:5:49,0.60,-0.75,-0.40
22:5:49,0.59,-0.75,-0.41
22:5:49,0.59,-0.75,-0.41
22:5:49,0.60,-0.75,-0.40
22:5:49,0.59,-0.75,-0.40
22:5:49,0.60,-0.75,-0.39
22:5:49,0.58,-0.76,-0.41
22:5:49,0.60,-0.75,-0.39
22:5:49,0.59,-0.76,-0.41
22:5:49,0.61,-0.75,-0.40
22:5:52,0.23,0.43,-0.83
22:5:52,0.43,0.37,-0.73
22:5:52,0.25,-0.15,-0.72
22:5:52,0.73,-0.53,-0.58
22:5:52,0.57,-0.55,-0.62
22:5:53,0.59,-0.44,-0.70
22:5:53,0.53,-0.43,-0.76
22:5:53,0.53,-0.41,-0.78
22:5:53,0.31,-0.67,-0.68
22:5:53,0.54,-0.47,-0.76
22:5:53,0.33,-0.47,-0.81
22:5:53,0.26,0.13,-0.64
22:5:53,0.48,-0.06,-0.96
22:5:53,0.03,0.04,-0.92
22:5:53,0.20,0.05,-0.83
22:5:54,0.10,0.11,-0.98
22:5:54,0.12,0.09,-0.99
22:5:54,0.09,0.07,-1.00
22:5:54,0.03,0.14,-1.03
22:5:54,-0.00,0.19,-1.03
22:5:54,-0.09,0.16,-0.97
22:5:54,-0.05,0.24,-1.00
22:5:54,-0.08,0.12,-0.95
22:5:54,0.29,0.13,-0.92
22:5:54,0.58,0.37,-1.00
22:5:55,0.30,0.05,-0.96
22:5:55,0.29,0.05,-0.75
22:5:55,0.28,-0.24,-0.96
22:5:55,0.43,-0.35,-1.21
22:5:55,0.01,-0.10,-1.04
22:5:55,-0.07,-0.01,-0.89
22:5:57,-0.48,-0.14,-0.76
22:5:57,-0.51,0.03,-0.88
22:5:57,-0.48,0.05,-0.73
22:5:57,-0.53,-0.02,-0.87
22:5:57,-0.55,0.10,-0.81
22:5:57,-0.45,0.12,-0.70
22:5:57,-0.64,0.15,-0.74
22:5:57,-0.55,0.11,-0.83
22:5:57,-0.61,0.15,-0.76
22:5:58,-0.60,0.13,-0.80
22:5:58,-0.61,0.28,-0.70
22:5:58,-0.63,0.18,-0.89
22:5:58,-0.59,0.17,-0.75
22:5:58,-0.60,0.18,-0.74
22:5:58,-0.62,0.19,-0.74
22:5:58,-0.61,0.19,-0.74
22:5:58,-0.59,0.22,-0.74
22:5:58,-0.58,0.19,-0.73
22:5:58,-0.64,0.15,-0.72
23:19:33,-0.46,0.26,-0.80
23:19:33,-0.43,0.23,-0.81
23:19:33,-0.47,0.26,-0.83
23:19:34,-0.45,0.23,-0.84
23:19:34,-0.48,0.23,-0.84
23:19:34,-0.39,0.32,-0.76
23:19:34,-0.41,0.17,-0.85
23:19:34,-0.39,0.13,-0.92
23:19:34,-0.34,0.09,-0.95
23:19:34,-0.31,0.09,-0.92
23:19:34,-0.32,0.08,-0.91
23:19:34,-0.35,0.12,-0.92
23:19:34,-0.37,0.13,-0.94
23:19:35,-0.34,0.08,-0.92
23:19:35,-0.36,0.09,-0.90
23:19:35,-0.36,0.10,-0.90
23:19:35,-0.45,0.11,-0.91
23:19:35,-0.43,0.11,-0.92
23:19:35,-0.39,0.10,-0.90
23:19:47,-0.53,-0.62,-0.59
23:19:47,-0.53,-0.63,-0.59
23:19:47,-0.53,-0.62,-0.58
23:19:47,-0.53,-0.62,-0.58
23:19:47,-0.55,-0.62,-0.61
23:19:47,-0.54,-0.64,-0.58
23:19:47,-0.52,-0.63,-0.58
23:19:47,-0.53,-0.63,-0.60
23:19:47,-0.53,-0.62,-0.58
23:19:47,-0.54,-0.61,-0.58
23:19:48,-0.54,-0.61,-0.58
23:19:48,-0.53,-0.62,-0.60
23:19:48,-0.53,-0.62,-0.59
23:19:48,-0.52,-0.63,-0.58
23:19:48,-0.53,-0.61,-0.58
23:19:48,-0.55,-0.62,-0.59
23:19:48,-0.53,-0.62,-0.59
23:19:48,-0.54,-0.62,-0.60
23:19:48,-0.54,-0.62,-0.59
23:19:54,-0.75,-0.01,-0.64
23:19:54,-0.75,-0.00,-0.63
23:19:55,-0.76,0.00,-0.62
23:19:55,-0.76,-0.02,-0.66
23:19:55,-0.75,-0.01,-0.63
23:19:55,-0.87,0.00,-0.63
23:19:55,-0.57,-0.19,-0.74
23:19:55,-1.01,0.14,-0.68
23:19:55,-0.42,-0.23,-0.75
23:19:55,-0.76,-0.09,-0.76
23:19:55,-0.67,-0.05,-0.72
23:19:55,-0.64,-0.10,-0.73
23:19:56,-0.63,-0.10,-0.72
23:19:56,-0.65,-0.07,-0.73
23:19:56,-0.72,-0.05,-0.78
23:19:56,-0.63,-0.02,-0.77
23:19:56,-0.57,0.14,-0.79
23:19:56,-0.50,0.10,-0.74
23:19:56,-0.46,0.05,-0.65
23:19:59,-0.82,-0.27,-0.51
23:19:59,-0.83,-0.26,-0.46
23:19:59,-0.83,-0.26,-0.48
23:19:59,-0.82,-0.25,-0.47
23:19:59,-0.83,-0.26,-0.48
23:19:59,-0.82,-0.26,-0.45
23:19:59,-0.83,-0.28,-0.45
23:20:0,-0.84,-0.29,-0.44
23:20:0,-0.82,-0.30,-0.46
23:20:0,-0.87,-0.28,-0.45
23:20:0,-0.84,-0.28,-0.44
23:20:0,-0.85,-0.30,-0.44
23:20:0,-0.85,-0.27,-0.44
23:20:0,-0.88,-0.30,-0.43
23:20:0,-0.81,-0.29,-0.43
23:20:0,-0.83,-0.29,-0.43
23:20:0,-0.83,-0.29,-0.44
23:20:1,-0.83,-0.30,-0.44
23:20:1,-0.83,-0.29,-0.44
23:20:5,-0.79,-0.49,-0.33
23:20:5,-0.80,-0.50,-0.34
23:20:5,-0.80,-0.51,-0.32
23:20:6,-0.78,-0.50,-0.36
23:20:6,-0.79,-0.49,-0.35
23:20:6,-0.78,-0.50,-0.34
23:20:6,-0.79,-0.51,-0.35
23:20:6,-0.78,-0.51,-0.36
23:20:6,-0.79,-0.50,-0.35
23:20:6,-0.78,-0.52,-0.36
23:20:6,-0.78,-0.52,-0.36
23:20:6,-0.77,-0.51,-0.35
23:20:6,-0.78,-0.51,-0.35
23:20:7,-0.78,-0.51,-0.36
23:20:7,-0.78,-0.52,-0.36
23:20:7,-0.77,-0.51,-0.37
23:20:7,-0.78,-0.51,-0.38
23:20:7,-0.77,-0.51,-0.37
23:20:7,-0.78,-0.52,-0.36
23:20:12,-0.79,-0.49,-0.29
23:20:13,-0.72,-0.60,-0.34
23:20:13,-0.68,-0.45,-0.42
23:20:13,-0.71,-0.60,-0.40
23:20:13,-0.70,-0.55,-0.42
23:20:13,-0.72,-0.53,-0.42
23:20:13,-0.71,-0.52,-0.31
23:20:13,-0.79,-0.53,-0.37
23:20:13,-0.86,-0.37,-0.38
23:20:13,-0.79,-0.39,-0.56
23:20:13,-0.73,0.27,-0.22
23:20:14,0.16,-0.35,-0.80
23:20:14,-0.59,-0.58,-0.40
23:20:14,-0.67,-0.52,-0.42
23:20:14,-0.70,-0.57,-0.56
23:20:14,-0.72,-0.52,-0.52
23:20:14,-0.56,-0.65,-0.51
23:20:14,-0.65,-0.62,-0.49
23:20:14,-0.64,-0.66,-0.53
23:20:14,-0.67,-0.68,-0.50
23:20:14,-0.62,-0.58,-0.56
23:20:15,-0.65,-0.58,-0.53
23:20:15,-0.63,-0.69,-0.42
23:20:15,-0.79,-0.46,-0.35
23:20:15,-0.48,-0.45,-0.61
23:20:15,-0.71,-0.55,-0.46
23:20:15,-0.69,-0.53,-0.52
23:20:15,-0.65,-0.49,-0.56
23:20:15,-0.16,-0.13,-0.52
23:20:15,-0.61,-0.63,-0.59
23:20:15,-0.59,-0.53,-0.59
23:20:16,-0.74,-0.69,-0.49
