14:26:45,-0.34,0.29,-0.87
14:26:45,-0.21,0.34,-0.81
14:26:45,-0.11,0.40,-0.85
14:26:45,-0.13,0.40,-0.98
14:26:45,-0.15,0.33,-0.84
14:26:45,-0.10,0.38,-0.96
14:26:45,-0.12,0.36,-0.97
14:26:45,-0.09,0.37,-0.94
14:26:45,-0.11,0.38,-1.02
14:26:45,-0.17,0.35,-0.90
14:26:46,-0.17,0.36,-0.84
14:26:46,-0.24,0.35,-0.89
14:26:46,-0.35,0.24,-0.94
14:26:46,-0.21,0.32,-0.89
14:26:46,-0.05,0.48,-0.81
14:26:46,0.04,0.55,-0.75
14:26:46,0.11,0.52,-0.84
14:26:46,-0.03,0.41,-0.94
14:26:46,-0.20,0.17,-1.15
14:26:46,0.03,0.31,-0.96
14:26:47,-0.01,0.31,-0.83
14:26:48,-0.62,0.62,-0.40
14:26:49,-0.64,0.62,-0.41
14:26:49,-0.62,0.62,-0.42
14:26:49,-0.63,0.63,-0.41
14:26:49,-0.62,0.61,-0.43
14:26:49,-0.63,0.61,-0.41
14:26:49,-0.63,0.61,-0.43
14:26:49,-0.63,0.62,-0.43
14:26:49,-0.62,0.62,-0.42
14:26:49,-0.63,0.62,-0.42
14:26:49,-0.62,0.62,-0.41
14:26:50,-0.63,0.62,-0.41
14:26:50,-0.63,0.62,-0.42
14:26:50,-0.63,0.62,-0.41
14:26:50,-0.64,0.60,-0.42
14:26:50,-0.63,0.62,-0.42
14:26:50,-0.62,0.62,-0.41
14:26:50,-0.63,0.60,-0.41
14:26:50,-0.63,0.62,-0.42
14:26:52,-0.45,0.59,-0.49
14:26:52,-0.42,0.70,-0.56
14:26:53,-0.27,0.89,-0.57
14:26:53,-0.56,0.68,-0.60
14:26:53,-0.40,0.58,-0.42
14:26:53,-0.44,0.69,-0.61
14:26:53,-0.33,0.66,-0.50
14:26:53,-0.35,0.74,-0.61
14:26:53,-0.32,0.67,-0.64
14:26:53,-0.31,0.68,-0.64
14:26:53,-0.31,0.68,-0.63
14:26:53,-0.31,0.67,-0.63
14:26:54,-0.30,0.67,-0.65
14:26:54,-0.31,0.67,-0.64
14:26:54,-0.31,0.67,-0.65
14:26:54,-0.31,0.67,-0.65
14:26:54,-0.32,0.68,-0.64
14:26:54,-0.30,0.67,-0.64
14:26:54,-0.27,0.67,-0.65
14:26:56,-0.59,0.54,-0.56
14:26:56,-0.58,0.55,-0.56
14:26:56,-0.58,0.54,-0.56
14:26:56,-0.58,0.54,-0.56
14:26:56,-0.58,0.54,-0.57
14:26:56,-0.59,0.54,-0.57
14:26:56,-0.59,0.55,-0.56
14:26:56,-0.59,0.55,-0.57
14:26:56,-0.59,0.55,-0.57
14:26:57,-0.59,0.54,-0.57
14:26:57,-0.58,0.54,-0.56
14:26:57,-0.58,0.54,-0.56
14:26:57,-0.59,0.54,-0.57
14:26:57,-0.59,0.55,-0.57
14:26:57,-0.58,0.54,-0.57
14:26:57,-0.58,0.55,-0.56
14:26:57,-0.58,0.54,-0.57
14:26:57,-0.59,0.53,-0.57
14:26:57,-0.58,0.54,-0.56
14:27:0,-0.35,0.66,-0.57
14:27:0,-0.37,0.70,-0.68
14:27:0,-0.42,0.52,-0.75
14:27:0,-0.52,0.47,-0.75
14:27:0,-0.65,0.64,-0.62
14:27:1,-0.48,0.67,-0.56
14:27:1,-0.49,0.46,-0.45
14:27:1,-0.35,0.44,-0.65
14:27:1,-0.19,0.41,-0.73
14:27:1,-0.14,0.47,-0.75
14:27:1,-0.42,0.68,-0.87
14:27:1,-0.37,0.94,-0.90
14:27:1,-0.44,0.59,-0.78
14:27:1,-0.27,0.37,-0.68
14:27:1,-0.30,0.45,-0.66
14:27:2,-0.16,0.67,-0.55
14:27:2,-0.17,0.71,-0.57
14:27:2,-0.12,0.70,-0.53
14:27:2,-0.06,0.73,-1.00
14:27:2,-0.27,0.53,-1.06
14:27:2,-0.24,0.66,-0.88
14:27:2,-0.40,0.61,-0.69
14:27:2,-0.29,0.64,-0.64
14:27:2,-0.34,0.75,-0.53
14:27:2,-0.39,0.71,-0.68
14:27:3,-0.33,0.61,-0.77
14:27:3,-0.33,0.58,-0.86
14:27:3,-0.26,0.53,-0.82
14:27:3,-0.29,0.44,-0.79
14:27:3,-0.29,0.44,-0.81
14:27:3,-0.36,0.47,-0.87
14:27:3,-0.15,0.68,-0.93
14:27:3,-0.19,0.63,-0.78
14:27:3,-0.06,0.57,-0.65
14:27:3,0.18,0.60,-0.72
14:27:4,0.23,0.60,-0.51
14:27:4,0.17,0.47,-0.85
14:27:4,0.13,0.26,-0.92
14:27:4,0.13,0.28,-0.66
14:27:4,-0.13,0.51,-0.65
14:27:4,-0.03,1.15,-1.12
14:27:4,-0.34,0.61,-1.02
14:27:4,-0.28,0.49,-0.94
14:27:4,-0.17,0.55,-0.69
14:27:4,-0.14,0.37,-0.58
14:27:5,0.01,0.34,-0.40
14:27:5,0.06,0.72,-0.25
14:27:5,-0.25,0.93,-0.36
14:27:5,-0.38,1.15,-0.29
14:27:5,-0.46,0.80,-0.99
14:27:5,-0.19,0.80,-0.84
14:27:5,-0.30,0.53,-0.65
14:27:5,-0.45,0.89,-0.52
14:27:5,-0.45,0.51,-0.47
14:27:5,-0.28,0.38,-0.35
14:27:6,-0.64,0.57,-0.61
14:27:6,-0.54,0.62,-0.64
14:27:6,-0.44,0.59,-0.55
14:27:6,-0.50,0.59,-0.59
14:27:6,-0.48,0.61,-0.60
14:27:6,-0.49,0.59,-0.59
14:27:6,-0.49,0.60,-0.60
14:27:6,-0.49,0.61,-0.60
14:27:6,-0.48,0.61,-0.61
14:27:6,-0.49,0.60,-0.60
14:27:7,-0.50,0.61,-0.60
14:27:7,-0.49,0.60,-0.59
14:32:22,-0.37,-0.71,-0.45
14:32:22,-0.27,-0.54,-0.53
14:32:23,0.25,-0.87,-0.69
14:32:23,-0.32,-0.79,-0.53
14:32:23,-0.28,-0.92,-0.68
14:32:23,-0.26,-0.84,-0.55
14:32:23,-0.46,-0.63,-0.75
14:32:23,-0.31,-0.44,-0.62
14:32:23,-0.30,-0.63,-0.67
14:32:23,-0.23,-0.63,-0.78
14:32:23,-0.16,-0.68,-0.84
14:32:23,0.03,-1.06,-0.91
14:32:24,0.13,-0.97,-0.85
14:32:24,0.20,-0.74,-0.66
14:32:24,0.19,-0.63,-0.63
14:32:24,0.22,-0.53,-0.56
14:32:24,0.16,-0.60,-0.71
14:32:24,0.06,-0.68,-0.84
14:32:24,0.06,-0.56,-0.63
14:32:24,0.66,-0.84,-0.63
14:32:24,0.19,-0.70,-0.79
14:32:24,0.23,-0.61,-0.79
14:32:25,0.24,-0.48,-0.75
14:32:25,0.34,-0.46,-0.78
14:32:25,0.33,-0.46,-0.88
14:32:25,-0.05,-0.34,-1.03
14:32:25,0.54,-0.96,-0.87
14:32:25,0.21,-0.58,-0.78
14:32:25,0.26,-0.48,-0.87
14:32:25,0.21,-0.48,-0.81
14:32:25,0.18,-0.27,-0.79
14:32:25,0.35,-0.42,-0.88
14:32:26,0.09,-0.44,-0.91
14:32:26,0.52,-0.91,-0.59
14:32:26,-0.29,-0.38,-0.94
14:32:26,0.15,-0.35,-0.89
14:32:26,0.31,-0.62,-0.88
14:32:26,0.32,-0.48,-0.69
14:32:26,0.19,-0.47,-1.04
14:32:26,0.18,-0.53,-1.13
14:32:26,0.52,-1.11,-0.88
14:32:26,0.29,-0.60,-0.28
14:32:27,0.17,-0.52,-0.67
14:32:27,0.21,-0.58,-0.87
14:32:27,0.16,-0.47,-0.82
14:32:27,0.25,-0.51,-0.79
14:32:27,0.17,-0.38,-0.70
14:32:27,0.67,-1.17,-0.92
14:32:27,-0.58,-0.43,-1.03
14:32:27,0.12,-0.55,-0.60
14:32:27,-0.07,-0.32,-0.73
14:32:27,0.14,-0.61,-0.87
14:32:27,-0.12,-0.68,-0.98
14:32:28,0.58,-0.74,-0.56
14:32:28,0.46,-0.77,-0.82
14:32:28,0.23,-0.37,-0.66
14:32:28,0.18,-0.47,-0.71
14:32:28,0.37,-0.46,-0.86
14:32:28,0.45,-0.26,-0.67
14:32:28,0.11,-1.15,-1.27
14:32:28,-0.35,-0.85,-1.27
14:32:28,0.29,-0.31,-0.20
14:32:28,0.18,-0.32,-0.65
14:32:29,0.44,-0.50,-0.82
14:32:29,0.35,-1.01,-1.05
14:32:29,0.07,-0.71,-1.01
14:32:29,0.15,-0.44,-0.62
14:32:29,-0.10,-0.44,-0.80
14:32:29,0.03,-0.55,-0.89
14:32:29,0.13,-0.98,-1.12
14:32:29,0.12,-0.56,-0.63
14:32:29,0.04,-0.66,-0.89
14:32:29,0.38,-0.35,-0.47
14:32:30,0.42,-0.32,-0.54
14:32:30,0.14,-0.30,-0.77
14:32:30,-0.14,-0.37,-1.33
14:32:30,0.68,-1.19,-0.76
14:32:30,0.25,-0.64,-0.55
14:32:30,0.14,-0.51,-0.73
14:32:30,0.07,-0.42,-0.80
14:32:30,0.33,-0.47,-0.77
14:32:30,0.15,-0.36,-0.83
14:32:30,0.45,-1.19,-0.82
14:32:31,-0.41,-0.30,-0.93
14:32:31,0.24,-0.39,-0.65
14:32:31,0.28,-0.44,-0.66
14:32:31,0.01,-0.18,-1.09
14:32:31,0.65,-1.10,-0.83
14:32:31,0.51,-0.49,-0.55
14:32:31,0.22,-0.24,-0.78
14:32:31,0.14,-0.39,-1.07
14:32:31,0.42,-0.32,-0.91
14:32:31,0.35,-0.68,-1.27
14:32:32,0.15,-0.50,-0.57
14:32:32,0.24,-0.26,-0.71
14:32:32,0.54,-0.69,-0.81
14:32:32,0.28,-0.30,-0.81
14:32:32,0.51,-0.73,-0.89
14:32:32,0.15,-0.73,-1.37
14:32:32,0.60,-0.88,-0.45
14:32:32,0.35,-0.56,-0.87
14:32:32,0.45,-0.61,-0.61
14:32:32,0.43,-0.65,-0.54
14:32:33,0.35,-0.77,-0.94
14:32:33,-0.05,-0.75,-1.29
14:32:33,0.22,-0.87,-0.35
14:32:33,-0.04,-0.40,-0.59
14:32:33,-0.12,-0.35,-0.82
14:32:33,-0.13,-0.55,-1.03
14:32:33,-0.22,-0.22,-0.64
14:32:33,-0.02,-0.56,-0.95
14:32:33,0.16,-0.85,-1.28
14:32:33,0.30,-0.66,-0.70
14:32:34,0.18,-0.66,-0.88
14:32:34,0.13,-0.46,-0.64
14:32:34,-0.02,-0.45,-0.87
14:32:34,0.14,-0.58,-0.93
14:32:34,-0.16,-0.46,-1.15
14:32:34,0.22,-0.87,-0.63
14:32:34,-0.21,-0.32,-0.82
14:32:34,0.05,-0.41,-0.69
14:32:34,0.03,-0.49,-0.81
14:32:34,-0.07,-0.38,-0.89
14:32:35,-0.04,-0.46,-0.88
14:32:35,-0.09,-1.37,-1.25
14:32:35,-0.25,-0.54,-0.73
14:32:35,0.05,-0.60,-0.66
14:32:35,-0.02,-0.32,-0.70
14:32:35,0.01,-0.42,-0.87
14:32:35,-0.05,-0.44,-0.97
14:32:35,-0.10,-0.56,-1.01
14:32:35,0.19,-0.72,-0.63
14:32:35,-0.35,-0.42,-1.10
14:32:36,0.12,-0.48,-0.74
14:32:36,-0.00,-0.33,-0.72
14:32:36,0.02,-0.38,-0.82
14:32:36,-0.06,-0.36,-1.14
14:32:36,0.05,-0.28,-1.17
14:32:36,0.58,-0.91,-0.62
14:32:36,0.50,-0.95,-0.62
14:32:36,0.01,-0.44,-0.76
14:32:36,0.01,-0.28,-0.70
14:32:36,0.10,-0.48,-0.85
14:32:37,0.08,-0.56,-1.03
14:32:37,0.14,-0.85,-1.22
14:32:37,0.19,-0.59,-0.60
14:32:37,-0.18,-0.26,-0.79
14:32:37,0.04,-0.28,-0.77
14:32:37,0.04,-0.32,-0.83
14:32:37,0.23,-0.31,-0.88
14:32:37,0.18,-0.38,-1.17
14:32:37,0.45,-1.19,-0.95
14:32:37,0.22,-0.48,-0.54
14:32:38,0.18,-0.77,-0.82
14:32:38,0.07,-0.43,-0.77
14:32:38,0.19,-0.55,-0.77
14:32:38,0.13,-0.48,-0.80
14:32:38,0.22,-0.55,-0.93
14:32:38,0.38,-0.78,-1.04
14:32:38,0.42,-1.09,-0.89
14:32:38,-0.12,-0.65,-0.59
14:32:38,-0.34,-0.32,-0.74
14:32:38,-0.04,-0.40,-0.70
14:32:39,0.08,-0.59,-0.87
14:32:39,-0.11,-0.35,-0.88
14:32:39,-0.03,-0.52,-1.04
14:32:39,0.50,-1.07,-0.71
14:32:39,-0.07,-0.49,-0.83
14:32:39,0.20,-0.47,-0.60
14:32:39,-0.02,-0.37,-0.73
14:32:39,0.02,-0.72,-1.03
14:32:39,-0.23,-0.69,-1.13
14:32:39,0.17,-0.85,-0.62
14:32:40,-0.11,-0.64,-0.62
14:32:40,-0.10,-0.51,-0.72
14:32:40,-0.09,-0.40,-0.76
14:32:40,-0.00,-0.50,-0.85
14:32:40,0.06,-0.46,-0.86
14:32:40,0.05,-0.79,-1.32
14:32:40,0.32,-0.60,-0.60
14:32:40,0.04,-0.73,-1.11
14:32:40,0.00,-0.35,-0.68
14:32:40,-0.06,-0.43,-0.84
14:32:41,-0.14,-0.53,-1.06
14:32:41,0.15,-0.76,-0.85
14:32:41,-0.16,-0.44,-0.85
14:32:41,0.03,-0.33,-0.73
14:32:41,0.04,-0.38,-0.89
14:32:41,0.14,-0.53,-1.00
14:32:41,0.03,-0.72,-1.26
14:32:41,-0.07,-0.56,-0.97
14:32:41,0.04,-0.52,-0.69
14:32:41,-0.23,-0.18,-0.77
14:32:42,0.06,-0.48,-0.85
14:32:42,-0.16,-0.64,-1.10
14:32:42,0.24,-0.83,-0.71
14:32:42,-0.37,-0.33,-0.86
14:32:42,-0.15,-0.58,-0.83
14:32:42,-0.13,-0.45,-0.84
14:32:42,0.07,-0.46,-0.74
14:32:42,0.17,-0.85,-1.05
14:32:42,-0.20,-0.37,-0.77
14:32:42,0.13,-0.78,-0.92
14:32:43,0.13,-0.44,-0.76
14:32:43,-0.06,-0.42,-0.93
14:32:44,0.19,-0.65,-0.84
14:32:44,0.24,-0.57,-0.83
14:32:45,0.19,-0.51,-0.86
14:32:45,0.42,-0.92,-0.73
14:32:45,0.14,-0.55,-0.65
14:32:45,0.32,-0.67,-0.62
14:32:45,0.18,-0.61,-0.65
14:32:45,0.13,-0.78,-0.93
14:32:45,0.21,-0.64,-0.58
14:32:45,0.22,-0.57,-0.93
14:32:45,0.25,-0.53,-0.79
14:32:45,0.32,-0.51,-0.77
14:32:46,0.44,-0.89,-0.92
14:32:46,0.27,-0.72,-0.78
14:32:46,0.13,-0.57,-0.80
14:32:46,0.27,-0.70,-0.71
14:32:46,0.19,-0.47,-0.61
14:32:46,0.18,-0.52,-0.86
14:32:46,0.39,-0.78,-0.82
14:32:56,0.22,-0.92,-1.10
14:32:56,0.43,-1.16,-0.50
14:32:56,0.21,-0.44,-0.46
14:32:57,0.06,-0.60,-0.91
14:32:57,-0.02,-0.40,-0.80
14:32:57,0.01,-0.58,-0.85
14:32:57,0.20,-1.22,-1.12
14:32:57,-0.02,-0.69,-0.70
14:32:57,-0.07,-0.32,-0.60
14:32:57,0.06,-0.34,-0.63
14:32:57,0.08,-0.44,-0.87
14:32:57,-0.02,-0.73,-1.16
14:32:57,0.31,-0.57,-0.34
14:32:58,0.02,-0.81,-0.98
14:32:58,-0.08,-0.52,-0.74
14:32:58,0.14,-1.83,-0.46
14:32:58,0.23,-0.19,-1.33
14:32:58,0.06,0.05,0.71
14:32:58,-0.62,-0.54,-1.11
14:32:58,0.14,-1.01,-2.00
14:32:58,0.72,0.51,-0.97
14:32:58,0.05,-1.78,-0.87
14:32:58,0.36,-0.35,-0.23
14:32:59,-0.37,0.07,-1.12
14:32:59,0.06,-0.93,-1.06
14:32:59,0.26,-0.80,-0.71
14:32:59,0.79,-0.90,0.00
14:32:59,0.89,-0.40,0.04
14:32:59,-0.23,-0.19,-1.16
14:32:59,0.61,-1.18,-0.42
14:32:59,0.62,-1.05,0.01
14:32:59,0.90,-0.23,-0.33
14:32:59,0.44,-1.10,-1.62
14:33:0,0.70,-0.70,-1.08
14:33:0,0.75,-0.62,-0.58
14:33:0,0.49,-0.45,-0.36
14:33:0,1.37,-1.21,-1.42
14:33:0,0.53,-1.34,-0.86
14:33:0,0.22,-0.72,-0.35
14:33:0,0.18,-0.43,-0.20
14:33:0,0.15,-0.25,-0.56
14:33:0,0.42,-0.73,-0.83
14:33:0,0.43,-0.81,-1.02
14:33:1,0.15,-0.34,-0.64
14:33:1,0.21,-0.81,-0.67
14:33:1,0.29,-1.01,-0.70
14:33:1,0.19,-1.02,-1.19
14:33:1,0.11,-0.38,-0.58
14:33:1,0.42,-0.53,-0.48
14:33:1,0.51,-0.42,-0.58
14:33:1,0.52,-0.53,-0.91
14:33:1,0.43,-0.43,-1.09
14:33:1,0.22,-0.43,-0.87
14:33:2,0.17,-0.90,-0.92
14:33:2,-0.11,-0.78,-0.93
14:33:2,0.01,-0.66,-0.94
14:33:2,0.07,-0.35,-0.63
14:33:2,0.17,-0.41,-0.60
14:33:2,0.21,-0.51,-0.72
14:33:2,0.20,-0.46,-0.93
14:33:2,0.14,-0.52,-1.05
14:33:2,0.23,-0.86,-1.12
14:33:2,0.17,-1.08,-1.21
14:33:3,0.23,-0.39,-0.54
14:33:3,0.21,-0.28,-0.72
14:33:3,0.29,-0.30,-0.76
14:33:3,0.26,-0.45,-0.85
14:33:3,0.58,-1.28,-1.15
14:33:3,-0.07,-0.63,-1.35
14:33:3,0.27,-0.32,-0.59
14:33:3,0.18,-0.29,-0.72
14:33:3,0.32,-0.37,-0.58
14:33:3,0.27,-0.38,-0.98
14:33:4,0.45,-0.80,-0.84
14:33:4,0.10,-0.84,-1.37
14:33:4,0.07,-0.26,-0.50
14:33:4,-0.10,-0.17,-0.74
14:33:4,-0.09,-0.54,-1.03
14:33:4,0.16,-1.15,-1.27
14:33:4,0.24,-0.68,-1.05
14:33:4,0.17,-0.14,-0.65
14:33:4,0.30,-0.49,-0.70
14:33:4,0.25,-0.58,-0.83
14:33:5,0.28,-0.41,-0.96
14:33:5,0.44,-1.25,-1.37
14:33:5,0.15,-0.48,-0.71
14:33:5,-0.01,-0.22,-0.66
14:33:5,0.08,-0.56,-0.86
14:33:5,-0.02,-0.50,-1.21
14:33:5,0.37,-0.77,-0.79
14:33:5,0.01,0.01,-0.75
14:33:5,0.17,-0.25,-0.78
14:33:5,0.28,-0.41,-0.89
14:33:6,0.22,-0.46,-1.10
14:33:6,0.42,-0.88,-1.05
14:33:6,0.17,-0.73,-1.02
14:33:6,-0.15,-0.08,-0.67
14:33:6,0.04,-0.24,-0.67
14:33:6,-0.08,-0.27,-0.84
14:33:6,0.38,-0.87,-0.95
14:33:6,-0.01,-0.37,-1.20
14:33:6,0.13,-0.07,-0.61
14:33:6,0.20,-0.32,-0.86
14:33:7,0.23,-0.61,-1.02
14:33:7,0.29,-0.76,-0.90
14:33:7,0.05,-0.55,-0.98
14:33:7,0.17,-0.35,-0.73
14:33:7,0.06,-0.32,-0.84
14:33:7,0.06,-0.54,-1.00
14:33:7,0.06,-0.47,-1.08
14:33:7,0.03,-0.51,-0.97
14:33:7,-0.06,-0.32,-0.81
14:33:7,-0.11,-0.13,-0.78
14:33:8,-0.02,-0.24,-0.86
14:33:8,0.06,-0.37,-1.09
14:33:8,0.14,-0.80,-1.35
14:33:8,0.08,-0.70,-1.09
14:33:8,0.07,-0.38,-0.69
14:33:8,0.03,-0.38,-0.85
14:33:8,0.10,-0.39,-0.89
14:33:8,0.03,-0.40,-0.95
14:33:8,0.31,-0.69,-1.02
14:33:8,-0.01,-0.33,-0.91
14:33:9,0.21,-0.45,-0.71
14:33:9,0.17,-0.46,-0.79
14:33:9,0.31,-0.60,-0.92
14:33:9,0.23,-0.36,-0.74
14:33:9,0.40,-0.61,-1.05
14:33:9,0.32,-0.53,-1.02
14:33:9,0.18,-0.08,-0.72
14:33:9,0.17,-0.23,-0.99
14:33:11,-0.48,0.44,-0.97
14:33:11,-0.23,0.30,-0.71
14:33:11,-0.23,0.39,-0.69
14:33:11,-0.22,0.51,-0.95
14:33:12,-0.19,0.56,-0.95
14:33:12,-0.40,0.51,-0.74
14:33:12,-0.30,0.52,-0.85
14:33:12,-0.34,0.58,-0.86
14:33:12,-0.20,0.43,-1.10
14:33:12,-0.14,0.29,-0.75
14:33:12,-0.13,0.40,-0.89
14:33:12,-0.03,0.44,-0.89
14:33:12,-0.04,0.62,-1.13
14:33:12,-0.01,0.70,-0.98
14:33:13,0.18,0.40,-0.39
14:33:13,0.15,0.38,-0.37
14:33:13,-0.28,0.60,-1.09
14:33:13,-0.01,0.50,-1.13
14:33:13,-0.17,0.44,-1.15
14:33:13,-0.12,0.30,-0.91
14:33:13,-0.02,0.23,-0.74
14:33:13,-0.16,0.34,-0.82
14:33:13,-0.16,0.42,-0.96
14:33:13,-0.17,0.47,-0.91
14:33:14,-0.13,0.46,-0.95
14:33:14,-0.17,0.46,-1.01
14:33:14,-0.26,0.58,-0.93
14:33:14,0.01,0.65,-0.91
14:33:14,0.08,0.61,-0.93
14:33:14,0.23,0.53,-0.86
14:33:14,0.39,0.42,-0.74
14:33:14,0.44,0.17,-0.65
14:33:14,0.32,0.26,-0.67
14:33:14,0.67,0.30,-0.93
14:33:15,0.51,0.45,-0.77
14:33:15,0.51,0.41,-0.73
14:33:15,0.62,0.21,-0.65
14:33:15,0.67,0.32,-0.81
14:33:15,0.55,0.42,-0.82
14:33:15,0.60,0.34,-0.74
14:33:15,0.67,0.34,-0.68
14:33:15,0.65,0.30,-0.67
14:33:15,0.60,0.40,-0.76
14:33:15,0.72,0.19,-0.73
14:33:16,0.74,0.12,-0.91
14:33:16,0.67,0.04,-0.79
14:33:16,0.67,0.08,-0.77
14:33:16,0.67,0.08,-0.77
14:33:16,0.67,0.04,-0.75
14:33:16,0.70,0.04,-0.78
14:33:16,0.75,0.02,-0.79
14:33:21,0.80,-0.27,-0.69
14:33:21,0.70,-0.08,-0.65
14:33:21,0.74,0.11,-0.69
14:33:21,0.70,0.19,-0.66
14:33:21,0.83,0.18,-0.74
14:33:21,0.74,0.27,-0.75
14:33:21,0.39,0.26,-0.67
14:33:21,0.67,0.21,-0.92
14:33:21,0.75,0.07,-0.73
14:33:21,0.85,0.02,-0.67
14:33:22,0.76,-0.08,-0.54
14:33:22,0.80,-0.00,-0.63
14:33:22,0.81,-0.14,-0.47
14:33:22,0.80,-0.25,-0.54
14:33:22,0.70,-0.39,-0.58
14:33:22,0.64,-0.33,-0.63
14:33:22,0.66,-0.42,-0.65
14:33:22,0.74,-0.38,-0.78
14:33:22,0.74,-0.11,-0.88
14:33:22,0.56,-0.34,-0.70
14:33:23,0.68,-0.37,-0.72
14:33:23,0.80,-0.18,-0.75
14:33:23,0.74,-0.46,-0.54
14:33:23,0.54,-0.21,-0.68
14:33:23,0.85,-0.45,-0.53
14:33:23,0.71,-0.35,-0.61
14:33:23,0.75,-0.31,-0.58
14:33:23,0.79,-0.36,-0.60
14:33:23,0.72,-0.35,-0.58
14:33:23,0.74,-0.37,-0.60
14:33:24,0.72,-0.37,-0.56
14:33:24,0.77,-0.36,-0.62
14:33:24,0.78,-0.34,-0.65
14:33:24,0.77,-0.36,-0.62
14:33:27,0.33,0.03,-0.85
14:33:27,-0.06,0.10,-1.08
14:33:27,-0.03,0.10,-1.10
14:33:27,-0.22,0.17,-1.01
14:33:27,-0.25,0.23,-0.90
14:33:27,-0.50,0.48,-0.88
14:33:27,-0.41,0.40,-0.78
14:33:27,-0.32,0.56,-0.74
14:33:27,-0.36,0.53,-0.67
14:33:27,-0.36,0.72,-0.77
14:33:28,-0.28,0.45,-0.73
14:33:28,-0.31,0.56,-0.68
14:33:28,-0.21,0.54,-0.74
14:33:28,-0.16,0.37,-0.97
14:33:28,0.08,0.74,-0.98
14:33:28,-0.17,0.55,-0.97
14:33:28,-0.23,0.53,-1.03
14:33:28,-0.11,0.29,-0.72
14:33:28,-0.12,0.33,-0.90
14:33:30,-0.31,-0.45,-1.09
14:33:30,-0.34,-0.67,-1.04
14:33:31,-0.04,-0.87,-0.59
14:33:31,-0.27,-0.46,-0.46
14:33:31,-0.25,-0.61,-0.71
14:33:31,-0.20,-0.66,-0.80
14:33:31,-0.29,-0.46,-0.85
14:33:31,-0.17,-0.52,-0.81
14:33:31,-0.33,-0.44,-0.88
14:33:31,-0.23,-0.23,-0.97
14:33:31,-0.21,-0.38,-1.10
14:33:31,-0.29,0.01,-0.93
14:33:32,-0.23,-0.46,-0.85
14:33:32,-0.26,-0.59,-0.84
14:33:32,-0.33,-0.22,-0.89
14:33:32,-0.04,-0.43,-0.95
14:33:32,-0.08,0.17,-0.68
14:33:32,-0.47,0.22,-0.94
14:33:32,-0.43,0.38,-0.69
14:33:32,-0.28,0.55,-0.75
14:33:32,-0.24,0.28,-1.01
14:33:32,-0.30,0.45,-0.91
14:33:33,-0.23,0.20,-0.89
14:33:33,-0.24,0.29,-0.88
14:33:33,-0.27,0.17,-0.92
14:33:33,-0.27,0.32,-1.03
14:33:33,-0.29,0.23,-0.71
14:33:33,-0.23,0.15,-0.96
14:33:33,-0.30,0.19,-0.95
14:33:33,-0.32,0.16,-0.95
14:33:33,-0.25,0.20,-0.98
14:33:33,-0.28,0.24,-0.89
14:33:34,-0.24,0.27,-0.90
14:33:34,-0.27,0.35,-0.84
14:33:34,-0.24,0.31,-0.80
14:33:34,-0.51,0.39,-0.90
14:33:34,-0.43,0.32,-0.87
14:33:36,-0.29,0.55,-0.60
14:33:37,-0.29,0.52,-0.82
14:33:37,-0.24,0.63,-0.85
14:33:37,-0.30,0.04,-1.09
14:33:37,-0.23,-0.20,-1.23
14:33:37,0.20,-0.43,-0.83
14:33:37,-0.08,-0.82,-0.46
14:33:37,-0.33,-0.73,-0.59
14:33:37,-0.80,-0.11,-0.85
14:33:37,-0.10,-0.51,-0.57
14:33:37,0.08,-1.03,-0.61
14:33:38,0.01,-1.02,-0.92
14:33:38,-0.20,-1.28,-0.82
14:33:38,-0.24,-0.63,-0.52
14:33:38,-0.26,-0.47,-0.35
14:33:38,-0.20,-0.50,-0.68
14:33:38,-0.42,-0.40,-0.80
14:33:38,-0.35,-0.32,-0.87
14:33:38,-0.26,-0.40,-0.87
14:33:38,-0.39,-0.52,-1.11
14:33:38,-0.61,-0.74,-1.40
14:33:39,-0.27,-0.71,-1.24
14:33:39,0.01,-0.54,-0.45
14:33:39,-0.02,-0.18,-0.22
14:33:39,0.02,-0.12,-0.40
14:33:39,-0.20,-0.20,-0.85
14:33:39,-0.27,-0.58,-0.98
14:33:39,-0.67,-1.09,-1.44
14:33:39,-0.48,-0.36,-0.93
14:33:39,-0.20,-0.42,-0.67
14:33:39,-0.24,-0.40,-0.73
14:33:40,-0.25,-0.41,-0.98
14:33:40,-0.17,-0.45,-0.98
14:33:40,-0.23,-1.08,-1.03
14:33:40,-0.19,-0.64,-0.71
14:33:40,-0.17,-0.54,-0.64
14:33:40,-0.18,-0.46,-0.67
14:33:40,-0.25,-0.38,-0.79
14:33:40,-0.10,-0.66,-0.80
14:33:40,-0.53,-0.56,-1.01
14:33:40,-0.29,-1.02,-1.05
14:33:41,-0.21,-0.70,-0.65
14:33:41,-0.29,-0.54,-0.59
14:33:41,-0.27,-0.34,-0.69
14:33:41,-0.28,-0.49,-0.82
14:33:41,-0.26,-0.40,-0.78
14:33:41,-0.46,-0.45,-0.94
14:33:41,-0.43,-0.72,-1.08
14:33:41,-0.32,-0.40,-1.05
14:33:41,-0.08,-0.51,-0.70
14:33:41,0.49,-0.77,-0.65
14:33:42,0.27,-0.63,-0.59
14:33:42,-0.79,-0.25,-1.03
14:33:42,-0.12,-0.01,-0.68
14:33:42,-0.66,-0.96,-1.67
14:33:42,0.07,-0.04,-0.38
14:33:42,0.28,-0.62,-0.77
14:33:42,-0.22,-0.09,-0.68
14:33:42,0.04,-0.43,-0.96
14:33:42,-0.33,-0.40,-1.13
14:33:42,0.12,-0.75,-0.88
14:33:43,-0.14,-0.68,-0.84
14:33:43,0.00,-0.35,-0.57
14:33:43,-0.16,-0.54,-0.80
14:33:43,-0.45,-0.49,-1.01
14:33:43,-0.29,-0.55,-0.95
14:33:43,-0.36,-0.79,-1.09
14:33:43,-0.50,-0.67,-0.84
14:33:43,-0.36,-0.25,-0.47
14:33:43,-0.34,-0.40,-0.86
14:33:43,-0.29,-0.26,-0.79
14:33:44,-0.34,-0.30,-0.88
14:33:44,-0.35,-0.28,-0.91
14:33:44,-0.38,-0.28,-0.80
14:33:44,-0.50,-0.77,-1.03
14:33:44,-0.32,-0.46,-0.72
14:33:44,-0.21,-0.53,-0.82
14:33:44,-0.23,-0.60,-0.87
14:33:44,-0.11,-0.52,-0.91
14:33:44,-0.16,-0.56,-0.95
14:33:44,-0.16,-0.48,-0.88
14:33:45,-0.12,-0.48,-0.83
14:33:45,-0.18,-0.46,-0.89
14:33:45,-0.21,-0.45,-0.88
14:33:45,-0.27,-0.41,-0.95
14:33:45,-0.29,-0.34,-0.91
14:33:45,-0.34,-0.25,-1.02
14:33:45,-0.51,-0.38,-1.32
14:33:47,-0.13,-0.30,-0.67
14:33:47,0.02,-0.17,-0.75
14:33:47,-0.11,-0.35,-1.07
14:33:47,-0.13,-0.59,-1.17
14:33:47,0.10,-0.61,-1.09
14:33:47,-0.04,-0.30,-0.84
14:33:47,-0.14,-0.19,-0.93
14:33:47,0.10,-0.24,-0.77
14:33:47,0.13,-0.16,-0.86
14:33:47,0.18,-0.20,-1.00
14:33:48,0.10,-0.23,-0.96
14:33:48,0.03,-0.31,-1.26
14:33:48,0.03,-0.94,-1.04
14:33:48,-0.08,-0.20,-0.71
14:33:48,0.08,-0.44,-0.71
14:33:48,0.02,-0.34,-0.92
14:33:48,0.10,-0.39,-0.97
14:33:48,-0.07,-0.66,-0.95
14:33:48,-0.52,-0.88,-0.98
14:33:49,-0.33,-0.88,-1.04
14:33:49,-0.18,-0.36,-0.54
14:33:49,-0.03,-0.35,-0.68
14:33:49,-0.43,-0.33,-1.33
14:33:49,0.12,-0.42,-0.86
14:33:49,0.43,-0.34,-0.54
14:33:49,0.42,-0.42,-0.80
14:33:49,0.28,-0.54,-1.01
14:33:49,-0.04,-0.90,-1.27
14:33:49,-0.17,-0.37,-0.96
14:33:49,0.11,-0.40,-0.72
14:33:50,0.12,-0.30,-0.64
14:33:50,0.17,-0.43,-0.91
14:33:50,0.10,-0.41,-1.19
14:33:50,0.03,-0.41,-1.16
14:33:50,0.19,-0.90,-0.97
14:33:50,-0.15,-0.14,-0.77
14:33:50,0.02,-0.38,-0.86
14:33:50,0.09,-0.21,-0.74
14:33:50,0.02,-0.23,-0.90
14:33:50,0.01,-0.25,-1.03
14:33:51,0.08,-0.27,-1.10
14:33:51,0.25,-1.03,-1.29
14:33:51,0.14,-0.42,-0.75
14:33:51,0.27,-0.51,-0.66
14:33:51,0.15,-0.21,-0.82
14:33:51,0.27,-0.28,-0.86
14:33:51,0.25,-0.40,-0.94
14:33:51,0.22,-0.23,-0.95
14:33:51,0.10,-0.32,-1.16
14:33:51,0.22,-0.95,-1.24
14:33:52,-0.07,-0.32,-0.73
14:33:52,0.02,-0.40,-0.91
14:33:52,0.14,-0.32,-0.79
14:33:52,0.06,-0.23,-0.83
14:33:52,0.06,-0.25,-1.04
14:33:52,0.18,-0.27,-0.89
14:33:52,0.15,-0.33,-1.20
14:33:52,0.23,-0.82,-1.19
14:33:52,0.23,-0.51,-0.77
14:33:52,0.19,-0.48,-0.73
14:33:53,0.11,-0.26,-0.83
14:33:53,0.22,-0.33,-0.79
14:33:56,0.16,-0.46,-1.10
14:33:56,0.20,-0.72,-1.31
14:33:56,-0.00,-0.44,-0.80
14:33:56,-0.25,-0.27,-0.81
14:33:56,0.08,-0.26,-0.78
14:33:57,0.10,-0.25,-0.77
14:33:57,-0.03,-0.19,-0.97
14:33:57,0.16,-0.29,-0.90
14:33:57,0.08,-0.36,-1.29
14:33:57,0.30,-1.20,-1.13
14:33:57,0.13,-0.57,-0.77
14:33:57,0.14,-0.52,-0.67
14:33:57,0.17,-0.29,-0.69
14:33:57,0.20,-0.34,-0.81
14:33:57,0.20,-0.38,-0.95
14:33:58,0.13,-0.41,-1.07
14:33:58,0.19,-0.71,-1.31
14:33:58,0.13,-0.63,-0.78
14:33:58,-0.12,-0.39,-0.71
14:33:58,0.07,-0.29,-0.80
14:33:58,0.12,-0.27,-0.75
14:33:58,0.03,-0.27,-0.92
14:33:58,0.10,-0.32,-1.02
14:33:58,0.20,-0.31,-1.29
14:33:58,0.46,-0.94,-1.04
14:33:59,0.18,-0.37,-0.69
14:33:59,0.16,-0.39,-0.68
14:33:59,0.05,-0.14,-0.81
14:33:59,0.30,-0.34,-0.85
14:33:59,0.07,-0.24,-1.14
14:33:59,-0.05,-0.34,-1.55
14:33:59,0.12,-0.61,-1.33
14:33:59,-0.04,-0.67,-0.59
14:33:59,0.00,-0.19,-0.29
14:33:59,0.12,-0.37,-0.75
14:34:0,0.03,-0.17,-1.08
14:34:0,0.10,-0.31,-1.21
14:34:0,0.06,-0.31,-1.11
14:34:0,0.29,-0.77,-0.79
14:34:0,0.04,-0.48,-0.85
14:34:0,0.25,-0.55,-0.82
14:34:0,0.35,-0.62,-0.81
14:34:0,0.43,-0.72,-0.83
14:34:0,0.35,-0.41,-0.81
14:34:0,0.39,-0.67,-0.90
14:34:1,0.20,-0.24,-1.28
14:34:1,0.03,-0.24,-1.35
14:34:1,0.26,-0.27,-1.01
14:34:1,0.77,-0.50,-0.21
14:34:1,0.46,-0.32,-0.26
14:34:1,0.13,-0.20,-0.89
14:34:1,0.16,-0.69,-1.07
14:34:1,-0.14,-0.45,-1.23
14:34:1,-0.08,-0.31,-1.09
14:34:1,0.20,-0.71,-0.97
14:34:2,0.25,-0.52,-0.75
14:34:2,0.34,-0.50,-0.75
14:34:2,0.23,-0.62,-0.98
14:34:2,0.14,-0.42,-0.99
14:34:2,0.17,-0.45,-0.95
14:34:2,0.19,-0.50,-0.94
14:34:2,0.19,-0.28,-0.83
14:34:2,0.21,-0.35,-0.81
14:34:2,0.19,-0.37,-0.83
14:34:2,0.13,-0.53,-0.84
14:34:3,0.06,-0.56,-0.94
14:34:3,-0.05,-0.48,-0.88
14:34:3,0.24,-0.81,-1.01
14:34:3,0.26,-0.84,-0.84
14:34:3,0.10,-0.74,-0.75
14:34:3,0.03,-0.47,-0.59
14:34:3,0.02,-0.43,-0.72
14:34:3,-0.08,-0.57,-1.01
14:34:5,0.05,-0.55,-1.19
14:34:5,0.27,-0.97,-1.16
14:34:5,-0.22,-0.36,-0.68
14:34:5,0.02,-0.35,-0.69
14:34:5,0.14,-0.25,-0.79
14:34:5,0.10,-0.27,-0.83
14:34:5,0.07,-0.21,-0.93
14:34:5,0.06,-0.31,-1.14
14:34:5,0.47,-1.20,-1.18
14:34:6,0.02,-0.51,-0.84
14:34:6,0.08,-0.47,-0.60
14:34:6,0.05,-0.20,-0.65
14:34:6,0.11,-0.34,-0.89
14:34:6,0.03,-0.46,-1.17
14:34:6,0.04,-0.56,-1.31
14:34:6,-0.03,-0.83,-1.22
14:34:6,-0.22,-0.24,-0.70
14:34:6,-0.08,0.00,-0.56
14:34:6,0.32,0.03,-0.54
14:34:7,0.94,-0.18,-0.91
14:34:7,0.46,-0.31,-1.27
14:34:7,-0.05,-0.16,-1.41
14:34:7,0.05,-0.58,-1.13
14:34:7,-0.05,-0.19,-0.74
14:34:7,0.16,-0.10,-0.40
14:34:7,0.12,-0.20,-0.63
14:34:7,0.14,-0.43,-1.09
14:34:7,0.06,-0.67,-1.48
14:34:7,0.16,-1.05,-1.24
14:34:8,-0.27,-0.43,-0.61
14:34:8,-0.11,-0.34,-0.71
14:34:8,0.04,-0.37,-0.79
14:34:8,0.02,-0.24,-0.79
14:34:8,0.08,-0.26,-0.87
14:34:8,0.09,-0.58,-1.23
14:34:8,0.02,-1.18,-1.06
14:34:8,0.05,-0.55,-0.71
14:34:8,0.05,-0.35,-0.62
14:34:8,0.07,-0.32,-0.67
14:34:9,0.14,-0.49,-0.89
14:34:9,-0.02,-0.47,-1.28
14:34:9,0.25,-0.73,-1.10
14:34:9,-0.17,-0.57,-0.88
14:34:9,-0.27,-0.27,-0.75
14:34:9,0.03,-0.28,-0.75
14:34:9,0.11,-0.23,-0.68
14:34:9,-0.00,-0.23,-1.01
14:34:9,0.04,-0.35,-1.04
14:34:9,0.32,-0.87,-1.26
14:34:10,-0.03,-0.65,-0.97
14:34:10,0.06,-0.48,-0.71
14:34:10,0.12,-0.28,-0.56
14:34:10,0.18,-0.44,-0.78
14:34:10,0.13,-0.34,-1.00
14:34:10,-0.01,-0.57,-1.36
14:34:10,-0.30,-0.89,-1.74
14:34:10,0.12,-0.50,-0.48
14:34:10,0.23,-0.24,-0.31
14:34:10,0.29,-0.21,-0.45
14:34:11,0.16,-0.39,-0.90
14:34:11,-0.15,-0.44,-1.42
14:34:11,-0.22,-0.33,-1.29
14:34:11,0.21,-1.24,-0.96
14:34:11,-0.19,-0.76,-0.74
14:34:11,-0.17,0.01,-0.56
14:34:11,-0.28,-0.53,-0.51
14:34:11,-0.49,-0.85,-0.54
14:34:11,-0.65,-0.74,-1.05
14:34:11,-0.37,-1.31,-0.77
14:34:12,-0.46,-0.41,-0.49
14:34:12,-0.32,-0.42,-0.67
14:34:12,-0.12,-0.41,-0.84
14:34:12,-0.27,-0.33,-0.78
14:34:12,-0.09,-0.33,-1.00
14:34:12,-0.09,-0.28,-1.16
14:34:12,-0.19,-1.24,-1.09
14:34:12,-0.22,-0.49,-0.77
14:34:12,-0.22,-0.47,-0.49
14:34:12,-0.01,-0.17,-0.65
14:34:13,0.00,-0.47,-0.95
14:34:13,0.02,-0.47,-0.98
14:34:13,-0.04,-0.68,-1.15
14:34:13,-0.39,-1.01,-1.10
14:34:13,-0.37,-0.27,-0.61
14:34:13,-0.24,-0.57,-0.62
14:34:13,-0.21,-0.35,-0.74
14:34:13,-0.18,-0.48,-0.88
14:34:13,-1.14,-0.65,-0.49
14:34:13,-0.74,-0.43,-0.94
14:34:14,-0.86,-0.08,-0.67
14:34:14,-0.63,0.04,-0.52
14:34:14,-0.03,0.36,-0.49
14:34:14,0.14,0.40,-0.53
14:34:14,0.33,0.60,-0.68
14:34:14,-0.03,0.95,-0.64
14:34:14,-0.72,0.93,-0.28
14:34:14,-0.49,0.68,-0.28
14:34:14,-0.41,0.35,-0.33
14:34:14,-0.66,0.39,-0.19
14:34:15,-0.77,0.17,-0.47
14:34:15,-0.74,-0.18,-0.83
14:34:15,-0.63,-0.19,-0.98
14:34:15,-0.17,-0.63,-0.97
14:34:15,-0.12,-0.57,-0.79
14:34:15,-0.26,-0.56,-0.60
14:34:15,-0.26,-0.42,-0.68
14:34:15,-0.16,-0.58,-0.87
14:34:15,-0.89,-0.78,-0.62
14:34:15,-0.59,-0.70,-0.87
14:34:16,-0.79,0.02,-0.39
14:34:16,-0.64,0.21,-0.38
14:34:16,-0.59,0.30,-0.36
14:34:16,-0.83,0.37,-0.40
14:34:16,-1.03,0.34,-0.57
14:34:16,-1.67,0.22,-1.02
14:34:16,-0.77,0.46,-0.15
14:34:16,-0.72,0.39,-0.26
14:34:16,-0.38,0.73,0.09
14:34:16,0.04,0.67,0.14
14:34:17,0.19,0.87,0.19
14:34:17,0.34,1.10,0.39
14:34:19,-0.29,0.31,-0.98
14:34:19,-0.44,-0.23,-1.54
14:34:19,-0.65,0.34,-0.65
14:34:19,-0.29,0.50,-0.34
14:34:19,-0.29,0.30,-0.68
14:34:19,-0.12,0.48,-0.98
14:34:19,-0.51,0.44,-1.03
14:34:19,-0.88,0.03,-1.12
14:34:19,-0.60,0.43,-0.36
14:34:19,-0.51,0.33,-0.43
14:34:20,-0.35,0.76,-0.56
14:34:20,-0.45,0.47,-0.55
14:34:20,-0.80,0.45,-0.64
14:34:20,-0.96,-0.21,-0.69
14:34:20,-1.03,-0.27,-0.35
14:34:20,-0.72,-0.45,-0.25
14:34:20,-0.47,-0.34,-0.36
14:34:20,-0.92,-0.05,-0.36
14:34:20,-0.79,0.66,-0.37
14:34:20,-0.50,0.92,-0.49
14:34:21,0.18,1.44,-0.46
14:34:21,0.15,0.81,-0.24
14:34:21,0.20,0.72,-0.43
14:34:21,-0.04,0.52,-0.68
14:34:21,-0.67,0.30,-0.80
14:34:21,-0.58,0.35,-0.79
14:34:21,-0.46,0.48,-0.70
14:34:21,-0.08,1.12,-0.78
14:34:21,-0.18,0.90,-0.50
14:34:21,-0.17,0.76,-0.50
14:34:22,-0.17,0.66,-0.55
14:34:22,-0.19,0.74,-0.56
14:34:22,-0.21,0.83,-0.61
14:34:22,-0.54,0.47,-0.69
14:34:22,-0.80,0.20,-0.90
14:34:22,-0.36,-0.02,-0.62
14:34:22,-0.15,0.54,-0.94
14:34:22,-0.68,0.44,-0.72
14:34:22,-0.33,0.18,-0.87
14:34:22,-0.43,0.28,-0.87
14:34:23,-0.41,0.46,-0.83
14:34:23,-0.52,0.32,-0.98
14:34:23,-0.56,0.37,-1.02
14:34:23,-0.55,0.35,-0.81
14:34:23,-0.44,0.50,-0.68
14:34:23,-0.11,0.19,-0.89
14:34:23,-0.17,0.28,-0.67
14:34:23,-0.33,0.05,-0.98
14:34:23,-0.14,0.19,-0.97
14:34:23,-0.29,0.37,-1.10
14:34:24,-0.58,0.44,-1.20
14:34:24,-0.44,0.46,-0.60
14:34:24,-0.41,0.38,-0.63
14:34:24,-0.49,0.46,-0.82
14:34:24,-0.26,0.37,-0.78
14:34:24,-0.40,0.39,-0.81
14:34:26,-0.64,-0.40,-0.59
14:34:26,-0.72,-0.42,-0.59
14:34:26,-0.78,-0.42,-0.62
14:34:26,-1.20,-0.67,-0.57
14:34:26,-0.67,-0.37,-0.36
14:34:26,-0.78,-0.47,-0.44
14:34:26,-0.61,-0.42,-0.39
14:34:26,-0.65,-0.31,-0.46
14:34:26,-0.72,-0.34,-0.55
14:34:26,-0.75,-0.43,-0.60
14:34:27,-0.92,-0.40,-0.68
14:34:27,-1.18,-0.46,-0.59
14:34:27,-0.79,-0.22,-0.35
14:34:27,-0.66,0.00,-0.44
14:34:27,-0.68,-0.26,-0.45
14:34:27,-0.73,-0.35,-0.50
14:34:27,-0.76,-0.23,-0.71
14:34:27,-0.71,-0.37,-0.64
14:34:27,-0.65,-0.37,-0.58
14:34:27,-1.33,-0.35,-0.49
14:34:28,-0.88,-0.17,-0.45
14:34:28,-0.87,-0.33,-0.44
14:34:28,-0.83,-0.38,-0.38
14:34:28,-0.72,-0.20,-0.46
14:34:28,-0.80,-0.32,-0.53
14:34:28,-0.78,-0.39,-0.52
14:34:28,-0.68,-0.38,-0.54
14:34:28,-0.83,-0.36,-0.59
14:34:28,-0.80,-0.44,-0.54
14:34:28,-0.78,-0.26,-0.66
14:34:29,-0.68,-0.18,-0.48
14:34:29,-0.68,-0.17,-0.73
14:34:29,-0.67,-0.43,-0.70
14:34:37,-0.57,-0.38,-0.73
14:34:37,-0.54,-0.33,-0.75
14:34:37,-0.73,-0.18,-1.01
14:34:37,-1.20,-0.28,-1.57
14:34:37,-0.48,-0.35,-0.70
14:34:37,0.04,-0.28,-0.37
14:34:37,0.16,-0.37,-0.53
14:34:37,0.39,-0.72,-0.21
14:34:38,-0.81,-0.85,-1.17
14:34:38,-0.53,0.89,-1.28
14:34:38,0.02,0.61,-0.80
14:34:38,0.45,0.34,-0.42
14:34:38,0.13,-0.59,-0.46
14:34:38,-0.05,-0.80,-0.81
14:34:38,-0.05,-0.74,-0.95
14:34:38,-0.05,-0.61,-1.00
14:34:38,-0.01,-0.53,-0.94
14:34:38,-0.04,-0.52,-0.93
14:34:39,-0.05,-0.56,-0.93
14:34:39,-0.09,-0.86,-0.87
14:34:39,0.02,-0.62,-0.87
14:34:39,-0.17,0.64,-1.12
14:34:39,0.23,0.68,-0.96
14:34:39,0.42,-0.07,-0.72
14:34:39,-0.46,-0.00,-0.96
14:34:39,-0.28,0.11,-0.84
14:34:39,-0.19,0.19,-0.92
14:34:39,-0.17,0.15,-0.97
14:34:40,-0.12,0.15,-0.99
14:34:40,-0.15,0.13,-0.94
14:34:40,-0.18,0.15,-0.91
14:34:40,-0.03,-0.12,-0.74
14:34:40,0.42,0.07,-0.33
14:34:40,0.80,0.47,-0.18
14:34:40,0.57,0.64,-0.25
14:34:40,0.40,0.90,-0.51
14:34:40,0.31,0.93,-0.73
14:34:40,0.10,0.90,-0.84
14:34:41,0.20,1.11,-0.61
14:34:41,-0.21,0.59,-0.69
14:34:41,-0.11,0.68,-0.67
14:34:41,-0.21,0.67,-0.74
14:34:41,-0.17,0.64,-0.73
14:34:41,-0.19,0.65,-0.70
14:34:41,-0.18,0.66,-0.71
14:34:41,-0.18,0.65,-0.69
14:34:41,-0.20,0.67,-0.71
14:34:41,-0.19,0.68,-0.70
14:34:42,-0.20,0.67,-0.70
14:34:42,-0.18,0.69,-0.71
14:34:42,-0.17,0.70,-0.70
14:34:42,-0.17,0.68,-0.69
14:34:42,-0.19,0.68,-0.71
14:34:42,-0.19,0.68,-0.70
14:34:46,-0.56,0.22,-0.53
14:34:46,-0.65,0.27,-0.67
14:34:47,-0.66,0.32,-0.79
14:34:47,-0.67,0.17,-0.67
14:34:47,-0.70,0.23,-0.71
14:34:47,-0.66,0.34,-0.63
14:34:47,-0.58,0.30,-0.63
14:34:47,-0.77,0.22,-0.70
14:34:47,-0.66,0.27,-0.62
14:34:47,-0.75,0.24,-0.67
14:34:47,-0.67,0.28,-0.60
14:34:47,-0.67,0.27,-0.66
14:34:48,-0.74,0.17,-0.72
14:34:48,-0.72,0.19,-0.67
14:34:48,-0.72,0.21,-0.67
14:34:48,-0.69,0.18,-0.67
14:34:48,-0.65,0.25,-0.62
14:34:48,-0.69,0.22,-0.72
14:34:48,-0.65,0.20,-0.65
14:34:50,-0.65,0.38,-0.66
14:34:50,-0.71,0.30,-0.68
14:34:50,-0.61,0.39,-0.61
14:34:50,-0.66,0.35,-0.64
14:34:50,-0.69,0.37,-0.69
14:34:51,-0.68,0.36,-0.61
14:34:51,-0.64,0.40,-0.62
14:34:51,-0.65,0.35,-0.59
14:34:51,-0.63,0.41,-0.60
14:34:51,-0.71,0.43,-0.72
14:34:51,-0.58,1.03,-1.27
14:34:51,-0.44,0.73,-0.98
14:34:51,-0.03,0.24,-0.19
14:34:51,0.35,-0.01,0.48
14:34:51,-0.12,0.97,0.12
14:34:52,-0.30,1.25,-0.39
14:34:52,0.01,0.73,-0.23
14:34:52,-0.46,0.91,-0.67
14:34:52,-0.51,0.48,-0.73
14:34:52,-0.54,0.64,-0.77
14:34:52,-0.52,0.65,-0.60
14:34:52,-0.49,0.80,-0.71
14:34:52,-0.40,1.02,-0.77
14:34:52,-0.53,0.86,-1.03
14:34:52,-0.15,0.37,-0.91
14:34:53,0.01,-0.04,-0.72
14:34:53,0.43,-0.17,-0.65
14:34:53,0.62,-0.27,-0.51
14:34:53,0.84,-0.51,-0.22
14:34:53,-0.14,0.65,-1.39
14:34:53,0.47,-0.32,-0.51
14:34:53,0.49,-0.27,0.24
14:34:53,-0.58,1.61,-1.61
14:34:53,0.55,0.66,-0.56
14:34:53,-0.26,0.74,-0.97
14:34:54,-0.30,0.67,-0.92
14:34:54,-0.30,0.51,-0.67
14:34:54,-0.23,0.60,-0.63
14:34:54,-0.32,0.57,-0.83
14:34:54,-0.30,0.55,-0.73
14:34:54,-0.29,0.57,-0.73
14:34:54,-0.30,0.55,-0.76
14:34:54,-0.29,0.56,-0.77
14:34:54,-0.30,0.56,-0.75
14:34:54,-0.28,0.56,-0.75
14:34:57,0.56,0.25,-0.66
14:34:57,0.50,0.29,-0.69
14:34:58,0.66,0.36,-0.77
14:34:58,1.00,0.57,-0.70
14:34:58,0.89,0.44,-0.62
14:34:58,0.06,0.46,-0.90
14:34:58,0.15,0.32,-0.83
14:34:58,0.18,0.17,-0.75
14:34:58,0.03,0.22,-0.67
14:34:58,0.51,0.66,-0.47
14:34:58,0.31,1.10,-0.81
14:34:58,0.01,0.79,-0.86
14:34:59,0.42,1.18,-0.67
14:34:59,-0.18,0.62,-0.69
14:34:59,-0.02,0.69,-0.65
14:34:59,-0.07,0.70,-0.73
14:34:59,-0.06,0.69,-0.69
14:34:59,-0.05,0.71,-0.69
14:34:59,-0.07,0.68,-0.71
14:34:59,-0.07,0.69,-0.70
14:34:59,-0.07,0.69,-0.71
14:34:59,-0.06,0.70,-0.69
14:35:0,-0.07,0.70,-0.71
14:35:0,-0.06,0.72,-0.69
14:35:0,-0.08,0.67,-0.71
14:35:0,-0.05,0.70,-0.72
14:35:0,-0.05,0.67,-0.70
14:35:0,-0.06,0.69,-0.71
14:35:0,-0.08,0.69,-0.70
14:35:0,-0.06,0.70,-0.71
14:35:0,-0.07,0.69,-0.70
14:35:0,-0.08,0.70,-0.69
14:35:1,-0.06,0.72,-0.74
14:35:1,0.11,0.80,-0.68
14:35:2,-0.92,0.25,0.30
14:35:2,-1.03,0.05,0.43
14:35:2,-0.77,-0.16,0.05
14:35:2,-0.89,-0.25,0.26
14:35:2,-0.92,-0.31,0.11
14:35:3,-0.88,-0.28,0.11
14:35:3,-0.88,-0.42,0.18
14:35:3,-0.96,-0.32,0.18
14:35:3,-1.00,-0.28,0.22
14:35:3,-0.92,-0.25,0.13
14:35:3,-1.01,-0.19,0.08
14:35:3,-0.92,-0.19,-0.03
14:35:3,-0.98,-0.28,-0.14
14:35:3,-1.26,-0.31,-0.21
14:35:3,-1.12,-0.25,-0.39
14:35:4,-0.71,0.24,-0.46
14:35:4,-0.63,-0.12,-0.36
14:35:4,-0.81,-1.15,-0.26
14:35:4,-0.14,0.53,-0.34
14:35:4,-0.08,1.43,0.06
14:35:4,-0.23,1.49,-0.05
14:35:4,-0.42,0.17,-0.38
14:35:4,-0.42,-1.44,-0.45
14:35:4,-0.24,-0.35,-0.55
14:35:4,-0.19,0.66,-0.08
14:35:5,-0.98,1.30,-0.52
14:35:5,-0.57,0.17,-0.59
14:35:5,-0.05,-1.10,-0.52
14:35:5,0.09,-1.01,-0.44
14:35:5,0.11,0.94,-0.37
14:35:5,-0.21,0.69,-0.16
14:35:5,-2.00,0.56,-0.02
14:35:5,-0.80,0.26,-0.37
14:35:5,-1.04,0.63,-0.49
14:35:5,-1.05,0.07,-0.22
14:35:7,-0.77,0.75,0.38
14:35:7,-1.31,1.08,0.25
14:35:7,-1.09,0.76,-0.25
14:35:7,-1.24,0.17,-1.11
14:35:7,-0.75,-0.69,-0.85
14:35:7,0.17,-0.24,-0.40
14:35:7,1.01,0.31,-0.39
14:35:8,0.45,-0.46,0.06
14:35:8,-0.78,0.28,0.28
14:35:8,-1.77,0.31,-0.00
14:35:8,-1.77,0.85,-0.18
14:35:8,-1.41,0.60,-0.37
14:35:8,-0.63,0.00,-0.29
14:35:8,0.26,-0.44,-0.09
14:35:8,-1.67,-1.14,0.17
14:35:8,-1.23,-0.29,-0.37
14:35:8,-1.02,-0.30,-0.13
14:35:9,-1.94,-0.86,-0.31
14:35:9,-0.95,-0.29,-0.23
14:35:10,-0.82,-0.54,-0.33
14:35:10,-0.79,-0.52,-0.28
14:35:10,-0.66,-0.40,-0.45
14:35:10,-0.84,-0.53,-0.29
14:35:11,-0.77,-0.45,-0.26
14:35:11,-0.86,-0.36,-0.27
14:35:11,-0.91,-0.23,-0.14
14:35:11,-1.00,-0.13,0.01
14:35:11,-1.02,0.06,0.22
14:35:11,-1.10,-0.12,0.37
14:35:11,-0.87,-0.03,0.59
14:35:11,-0.77,-0.06,0.63
14:35:11,-0.64,-0.10,0.60
14:35:11,-0.73,-0.15,0.66
14:35:12,-0.78,-0.06,0.60
14:35:12,-0.77,-0.08,0.63
14:35:12,-0.73,-0.06,0.58
14:35:12,-0.73,-0.08,0.66
14:35:12,-0.75,-0.05,0.56
14:35:12,-0.81,0.02,0.65
14:35:12,-0.74,0.09,0.58
14:35:12,-0.94,-0.04,0.55
14:35:12,-0.85,0.05,0.56
14:35:12,-0.81,0.03,0.50
14:35:13,-0.85,-0.04,0.53
14:35:13,-0.79,-0.05,0.50
14:35:13,-0.87,-0.14,0.47
14:35:13,-0.90,-0.06,0.42
14:35:13,-0.94,-0.19,0.31
14:35:14,-0.77,-0.55,-0.23
14:35:15,-0.78,-0.62,-0.28
14:35:15,-0.73,-0.61,-0.26
14:35:15,-0.77,-0.63,-0.25
14:35:15,-0.77,-0.57,-0.25
14:35:15,-0.77,-0.57,-0.28
14:35:15,-0.86,-0.56,-0.24
14:35:15,-0.79,-0.50,-0.29
14:35:15,-0.73,-0.69,-0.26
14:35:15,-0.75,-0.69,-0.26
14:35:15,-0.72,-0.61,-0.36
14:35:16,-0.70,-0.70,-0.36
14:35:16,-0.72,-0.63,-0.34
14:35:16,-0.73,-0.61,-0.36
14:35:16,-0.72,-0.61,-0.37
14:35:16,-0.76,-0.53,-0.43
14:35:16,-0.85,-0.69,-0.17
14:35:16,-0.73,-0.55,-0.39
14:35:16,-0.75,-0.55,-0.41
14:35:26,-0.05,0.73,0.47
14:35:26,0.42,0.50,0.63
14:35:27,0.72,0.16,0.60
14:35:27,0.79,0.03,0.64
14:35:27,0.90,-0.12,0.55
14:35:27,0.79,-0.17,0.51
14:35:27,0.82,-0.43,0.47
14:35:27,0.82,-0.48,0.69
14:35:27,0.64,-0.59,0.46
14:35:27,0.77,-0.69,0.39
14:35:27,0.80,-0.77,0.27
14:35:27,0.68,-0.71,-0.55
14:35:28,0.76,-0.76,-0.11
14:35:28,0.11,-0.76,-0.04
14:35:28,0.35,-0.96,-0.38
14:35:28,0.50,-0.94,-0.27
14:35:28,0.31,-1.02,-0.26
14:35:28,0.37,-1.06,0.07
14:35:28,0.35,-0.75,-0.06
14:35:30,0.53,-0.72,-0.31
14:35:30,0.61,-1.01,-0.32
14:35:30,0.64,-0.59,-0.42
14:35:30,0.72,-0.79,-0.01
14:35:30,0.73,-0.88,0.05
14:35:31,0.53,-0.90,-0.14
14:35:31,0.93,-1.09,0.17
14:35:31,0.79,-0.86,0.04
14:35:31,0.76,-0.38,0.35
14:35:31,0.83,-0.41,0.34
14:35:31,0.80,-0.35,0.51
14:35:31,0.87,-0.40,0.61
14:35:31,0.87,-0.31,0.55
14:35:31,0.70,-0.30,0.43
14:35:31,0.85,-0.51,0.44
14:35:32,0.85,-0.47,0.43
14:35:32,0.75,-0.65,0.26
14:35:32,0.89,-0.65,0.65
14:35:32,0.80,-0.61,0.31
14:35:32,0.75,-0.56,0.26
14:35:32,0.77,-0.52,0.30
14:35:32,0.77,-0.56,0.33
14:35:32,0.75,-0.58,0.32
14:35:32,0.76,-0.47,0.39
14:35:32,0.77,-0.54,0.36
14:35:33,0.81,-0.47,0.40
14:35:33,0.78,-0.57,0.44
14:35:33,0.75,-0.59,0.38
14:35:33,0.60,-0.65,0.31
14:35:33,0.75,-0.69,0.25
14:35:33,0.63,-0.77,0.30
14:35:33,0.74,-0.79,0.31
14:35:33,0.74,-0.46,0.34
14:35:33,0.78,-0.46,0.46
14:35:33,0.66,-0.45,0.47
14:35:34,0.89,-0.35,0.43
14:35:34,0.77,-0.48,0.49
14:35:34,0.88,-0.66,0.69
14:35:34,0.71,-0.59,0.33
14:35:34,0.76,-0.58,0.32
14:35:34,0.69,-0.46,0.42
14:35:37,0.92,-0.18,0.34
14:35:37,0.93,-0.21,0.40
14:35:38,0.90,-0.34,0.31
14:35:38,0.84,-0.47,0.30
14:35:38,0.77,-0.57,0.46
14:35:38,1.18,-0.23,0.20
14:35:38,0.92,-0.02,0.25
14:35:38,0.94,-0.03,0.28
14:35:38,1.03,0.06,0.46
14:35:38,0.96,0.25,0.29
14:35:38,0.71,0.19,0.64
14:35:38,0.74,0.11,0.68
14:35:39,0.84,0.07,0.62
14:35:39,0.67,0.17,0.56
14:35:39,0.88,0.00,0.61
14:35:39,0.84,-0.12,0.55
14:35:39,0.82,-0.26,0.49
14:35:39,0.87,-0.36,0.41
14:35:39,0.84,-0.49,0.35
14:35:39,0.70,-0.64,0.16
14:35:39,0.57,-0.73,0.04
14:35:39,0.72,-0.63,0.21
14:35:40,0.77,-0.67,0.10
14:35:40,0.77,-0.84,0.05
14:35:40,0.63,0.40,0.12
14:35:40,0.82,-0.47,0.41
14:35:40,0.82,-0.35,0.36
14:35:40,0.88,-0.31,0.44
14:35:40,0.83,-0.29,0.50
14:35:40,0.87,-0.04,0.45
14:35:40,0.96,0.46,0.36
14:35:40,1.25,-0.06,0.41
14:35:41,0.85,0.28,0.40
14:35:41,0.90,0.22,0.21
14:35:41,1.18,0.23,0.12
14:35:41,0.92,0.28,0.31
14:35:41,0.99,0.25,0.25
14:35:41,0.93,0.32,0.31
14:35:41,0.94,0.27,0.27
14:35:41,0.89,0.29,0.32
14:35:41,0.91,0.28,0.29
14:35:41,0.92,0.29,0.33
14:35:42,0.90,0.31,0.32
14:35:42,0.90,0.29,0.36
14:35:42,0.94,0.27,0.30
14:35:42,0.92,0.31,0.33
14:35:42,0.90,0.28,0.33
14:35:42,0.93,0.25,0.35
14:35:42,0.94,0.25,0.30
14:35:42,0.90,0.25,0.31
14:35:42,0.95,0.21,0.30
14:35:42,0.93,0.17,0.28
14:35:48,0.54,0.15,0.82
14:35:48,0.54,0.19,0.84
14:35:48,0.47,0.21,0.84
14:35:48,0.47,0.20,0.85
14:35:49,0.42,0.16,0.81
14:35:49,0.44,0.18,0.86
14:35:49,0.43,0.16,0.85
14:35:49,0.43,0.17,0.88
14:35:49,0.41,0.16,0.88
14:35:49,0.41,0.17,0.90
14:35:49,0.50,0.29,1.36
14:35:49,0.32,0.48,1.49
14:35:49,0.07,0.11,0.81
14:35:49,-0.23,0.44,0.72
14:35:50,-0.35,0.34,0.30
14:35:50,-0.63,0.54,0.01
14:35:50,-0.59,0.62,0.37
14:35:50,-0.55,0.55,0.38
14:35:50,-0.59,0.65,0.48
14:35:50,-0.53,0.56,0.57
14:35:50,-0.49,0.60,0.57
14:35:50,-0.45,0.65,0.59
14:35:50,-0.44,0.64,0.61
14:35:50,-0.41,0.73,0.59
14:35:51,-0.40,0.64,0.46
14:35:51,-0.40,0.84,0.53
14:35:51,-0.42,0.73,0.45
14:35:51,-0.44,0.69,0.45
14:35:51,-0.42,0.75,0.47
14:35:51,-0.44,0.75,0.41
14:35:51,-0.45,0.82,0.38
14:35:51,-0.49,0.78,0.44
14:35:53,-0.48,0.86,0.38
14:35:54,-0.52,0.82,0.24
14:35:54,-0.57,0.82,0.05
14:35:54,-0.61,0.82,-0.01
14:35:54,-0.64,0.71,-0.09
14:35:54,-0.66,0.68,-0.08
14:35:54,-0.67,0.69,-0.13
14:35:54,-0.69,0.66,-0.08
14:35:54,-0.73,0.74,-0.04
14:35:54,-0.69,0.64,0.17
14:35:54,-0.87,0.59,-0.06
14:35:55,-0.64,0.51,0.15
14:35:55,-0.75,0.78,-0.03
14:35:55,-0.66,0.61,0.03
14:35:55,-0.67,0.70,0.11
14:35:55,-0.67,0.81,0.08
14:35:55,-0.65,0.68,0.12
14:35:55,-0.64,0.68,0.15
14:35:55,-0.69,0.71,0.07
14:35:57,-0.53,0.59,0.54
14:35:57,-0.60,0.56,0.55
14:35:57,-0.58,0.56,0.46
14:35:57,-0.61,0.60,0.45
14:35:57,-0.68,0.52,0.27
14:35:57,-0.85,0.34,0.47
14:35:57,0.15,0.56,1.04
14:35:58,-0.08,1.18,0.17
14:35:58,-0.10,1.09,0.04
14:35:58,0.05,0.90,0.34
14:35:58,-0.26,0.75,0.78
14:35:58,-0.18,0.53,0.41
14:35:58,-0.23,0.94,-0.18
14:35:58,-0.02,0.55,0.17
14:35:58,0.55,0.71,0.92
14:35:58,0.22,0.60,0.63
14:35:58,0.73,0.21,0.85
14:35:59,0.95,0.63,1.14
14:35:59,0.56,0.26,0.52
14:35:59,0.62,0.40,0.64
14:35:59,0.64,0.41,0.71
14:35:59,0.64,0.38,0.69
14:35:59,0.62,0.38,0.65
14:35:59,0.61,0.46,0.66
14:35:59,0.61,0.41,0.65
14:35:59,0.59,0.42,0.66
14:36:3,0.64,0.21,0.60
14:36:3,0.40,0.84,0.92
14:36:3,0.44,1.11,1.10
14:36:3,0.74,-0.11,0.85
14:36:3,0.74,-0.89,0.28
14:36:3,-0.11,-0.16,0.04
14:36:4,-0.71,1.65,0.21
14:36:4,-0.35,1.11,0.94
14:36:4,-0.06,-1.04,0.45
14:36:4,-0.44,1.55,0.60
14:36:4,-0.60,0.85,0.17
14:36:4,0.15,-0.79,0.41
14:36:4,0.08,1.47,1.45
14:36:4,-0.42,1.67,0.20
14:36:4,-0.44,-0.20,-0.38
14:36:4,0.57,0.58,0.78
14:36:5,-0.26,1.33,0.89
14:36:5,-0.29,0.55,-0.05
14:36:5,0.02,1.16,0.06
14:36:5,0.16,1.88,0.76
14:36:5,-0.48,0.58,0.45
14:36:5,0.10,-0.46,0.20
14:36:5,0.28,-0.33,0.08
14:36:5,-0.18,0.76,-0.53
14:36:5,-0.71,2.00,-0.99
14:36:5,-0.54,0.99,-0.43
14:36:6,-0.12,0.63,0.10
14:36:6,-0.48,1.71,0.08
14:36:6,-0.28,0.51,0.02
14:36:6,0.55,-0.59,0.81
14:36:6,0.57,0.55,0.88
14:36:6,-0.69,1.46,0.31
14:36:6,-0.40,0.16,-0.05
14:36:6,0.98,0.09,0.67
14:36:6,0.79,0.57,0.71
14:36:6,0.48,0.93,0.78
14:36:7,0.09,1.63,0.80
14:36:7,0.61,0.49,0.54
14:36:7,0.60,0.34,0.50
14:36:7,0.36,0.96,0.69
14:36:7,0.56,0.53,0.57
14:36:7,0.46,0.77,0.72
14:36:7,0.70,1.52,1.01
14:36:7,0.09,0.40,0.35
14:36:7,0.11,0.52,0.23
14:36:7,-0.35,0.93,0.31
14:36:8,-0.21,-0.57,-0.06
14:36:8,0.05,0.19,1.00
14:36:8,0.21,0.26,0.60
14:36:8,0.85,0.52,0.81
14:36:8,0.79,1.40,0.45
14:36:8,0.77,0.91,0.30
14:36:8,0.84,0.73,-0.13
14:36:8,0.85,0.34,-0.19
14:36:8,0.93,0.24,-0.27
14:36:8,1.09,0.12,-0.11
14:36:9,1.02,0.24,-0.22
14:36:9,0.97,0.09,-0.15
14:36:9,0.93,0.16,-0.10
14:36:9,0.95,0.19,-0.18
14:36:9,1.02,0.12,-0.27
14:36:9,0.84,0.28,-0.26
14:36:9,0.89,0.10,-0.17
14:36:9,0.92,0.15,-0.24
14:36:9,0.95,0.14,-0.29
14:36:9,0.84,0.20,-0.47
14:36:10,0.83,0.20,-0.50
14:36:10,0.91,0.28,-0.37
14:36:10,0.82,0.08,-0.44
14:36:10,0.95,0.08,-0.52
14:36:10,0.78,0.05,-0.51
14:36:10,0.85,0.02,-0.55
14:36:10,0.89,0.06,-0.55
14:36:10,0.85,0.06,-0.54
14:36:10,0.87,0.05,-0.55
14:36:10,0.90,0.08,-0.53
14:36:11,0.86,0.03,-0.52
14:36:11,0.88,0.07,-0.52
14:36:11,0.88,0.04,-0.52
14:36:11,0.87,0.04,-0.53
14:36:11,0.89,0.06,-0.52
14:36:15,0.72,-0.13,1.65
14:36:15,0.60,0.14,0.94
14:36:16,0.59,0.07,0.71
14:36:16,0.56,-0.05,0.68
14:36:16,0.84,0.27,0.61
14:36:16,0.87,1.93,0.07
14:36:16,0.71,1.29,0.23
14:36:16,-0.04,0.26,0.05
14:36:16,-0.08,-0.57,0.03
14:36:16,0.72,-0.94,0.39
14:36:16,1.12,-0.24,0.62
14:36:16,1.07,0.32,0.54
14:36:17,0.66,0.73,0.39
14:36:17,0.65,0.59,0.32
14:36:17,0.87,0.63,0.50
14:36:17,0.92,0.22,0.33
14:36:17,0.94,0.32,0.36
14:36:17,0.89,0.37,0.33
14:36:17,0.86,0.32,0.29
14:36:17,0.87,0.31,0.31
14:36:17,0.91,0.37,0.31
14:36:17,0.85,0.33,0.29
14:36:18,0.93,0.33,0.33
14:36:18,0.88,0.33,0.29
14:36:18,0.90,0.35,0.32
14:36:18,0.87,0.29,0.36
14:36:20,1.14,-0.32,-0.63
14:36:20,0.97,-0.33,-0.23
14:36:20,0.89,-0.30,-0.35
14:36:20,0.89,-0.28,-0.28
14:36:20,0.96,-0.44,-0.03
14:36:20,0.90,-0.40,-0.14
14:36:20,1.00,-0.42,-0.07
14:36:20,0.99,-0.43,0.02
14:36:20,0.95,-0.54,0.01
14:36:20,0.91,-0.53,-0.06
14:36:21,0.75,-0.70,-0.04
14:36:21,0.56,-0.77,0.02
14:36:21,0.33,-1.04,-0.22
14:36:21,0.53,-0.93,-0.23
14:36:21,0.40,-0.94,-0.21
14:36:21,0.38,-0.93,-0.22
14:36:21,0.37,-0.93,-0.22
14:36:21,0.36,-0.80,-0.28
14:36:21,0.43,-0.93,-0.24
14:36:21,0.22,-0.88,-0.31
14:36:22,0.47,-0.91,-0.21
14:36:22,0.47,-0.88,-0.19
14:36:22,0.50,-0.82,-0.25
14:36:22,0.28,-0.89,-0.23
14:36:22,0.27,-1.06,-0.06
14:36:22,0.16,-0.94,-0.14
14:36:22,0.26,-0.92,0.02
14:36:22,0.40,-1.01,0.17
14:36:22,0.57,-0.81,0.05
14:36:22,0.37,-0.94,0.10
14:36:23,0.17,-1.06,0.33
14:36:23,0.09,-0.92,0.24
14:36:23,0.11,-0.88,0.27
14:36:23,0.22,-0.99,0.39
14:36:23,0.33,-1.02,0.53
14:36:23,0.33,-1.40,0.60
14:36:23,0.06,-1.28,0.74
14:36:23,-0.11,-1.00,0.62
14:36:23,-0.30,0.16,0.05
14:36:23,-0.36,0.43,0.04
14:36:24,-0.89,-0.19,0.40
14:36:24,-1.06,-0.46,0.53
14:36:24,-0.74,-0.96,0.43
14:36:24,-0.22,-1.06,0.41
14:36:24,0.10,-1.10,0.30
14:36:24,0.40,-1.47,0.75
14:36:24,-0.35,-0.87,0.18
14:36:24,-0.32,-0.89,0.24
14:36:24,-0.08,-1.07,0.34
14:36:24,-0.19,-0.92,0.23
14:36:25,-0.22,-0.99,0.29
14:36:25,-0.19,-0.98,0.29
14:36:25,-0.19,-0.96,0.26
14:36:25,-0.18,-0.98,0.26
14:36:25,-0.18,-0.98,0.26
14:36:46,0.25,-1.43,0.55
14:36:46,0.53,-1.06,0.63
14:36:46,0.36,-0.53,0.62
14:36:46,0.12,-0.18,0.54
14:36:46,-0.25,0.10,0.46
14:36:46,-0.67,-0.21,0.37
14:36:46,-0.69,-0.96,0.42
14:36:46,-0.33,-1.03,0.50
14:36:46,-0.10,-1.11,0.44
14:36:46,0.27,-1.35,0.71
14:36:47,-0.25,-0.93,0.29
14:36:47,-0.30,-0.87,0.24
14:36:47,-0.11,-1.03,0.42
14:36:47,-0.22,-0.92,0.28
14:36:47,-0.17,-0.96,0.32
14:36:47,-0.19,-0.96,0.33
14:36:47,-0.18,-0.94,0.32
14:36:47,-0.18,-0.94,0.34
14:36:47,-0.20,-0.95,0.34
14:36:49,0.27,-0.90,0.44
14:36:50,0.33,-0.89,0.42
14:36:50,0.38,-0.92,0.41
14:36:50,0.47,-0.94,0.40
14:36:50,0.49,-0.94,0.40
14:36:50,0.59,-1.10,0.50
14:36:50,0.54,-0.55,0.57
14:36:50,0.41,-0.09,0.40
14:36:50,-0.26,-0.03,0.22
14:36:50,-0.86,-0.94,0.11
14:36:50,-0.65,-1.21,0.41
14:36:51,-0.27,-0.94,0.57
14:36:51,-0.09,-1.12,0.58
14:36:51,-0.18,-1.03,0.44
14:36:51,-0.22,-0.91,0.45
14:36:51,-0.39,-1.66,0.97
14:36:51,-0.33,-0.67,0.53
14:36:51,0.00,0.08,0.24
14:36:51,-0.27,-0.14,0.36
14:36:51,-0.83,-0.75,0.49
14:36:51,-0.31,-0.78,0.47
14:36:52,-0.10,-1.19,0.50
14:36:52,0.10,-1.28,0.18
14:36:52,0.24,-1.13,-0.02
14:36:52,0.26,-1.57,-0.59
14:36:52,0.06,-1.06,0.13
14:36:52,-0.02,-0.99,-0.10
14:36:52,0.07,-1.07,-0.09
14:36:52,0.22,-0.97,-0.11
14:36:52,0.50,-0.99,-0.20
14:36:52,0.57,-0.94,-0.26
14:36:53,0.70,-0.54,-0.31
14:36:53,0.23,-0.91,-0.26
14:36:53,0.31,-0.98,-0.19
14:36:53,0.31,-0.92,-0.24
14:36:53,0.35,-0.98,-0.22
14:36:53,0.38,-1.06,-0.24
14:36:53,0.43,-0.97,-0.14
14:36:53,0.32,-0.94,-0.18
14:36:53,0.38,-0.95,-0.19
14:36:53,0.40,-0.89,-0.16
14:36:54,0.65,-0.89,-0.15
14:36:54,0.69,-0.75,-0.25
14:36:54,0.89,-0.33,-0.22
14:36:54,0.52,-0.82,-0.22
14:36:54,0.64,-0.87,-0.19
14:36:54,0.78,-0.82,-0.13
14:36:54,0.74,-0.75,-0.14
14:36:54,0.79,-0.85,-0.09
14:36:54,1.46,-0.84,0.51
14:36:54,0.50,-0.57,-0.26
14:36:55,-0.27,-0.90,-0.60
14:36:55,0.07,-0.75,0.06
14:36:55,0.32,-1.24,0.14
14:36:55,-0.13,-1.43,0.40
14:36:55,0.42,-1.15,0.15
14:36:55,0.72,-0.75,0.30
14:36:55,1.01,-0.38,0.29
14:36:55,1.29,-0.12,0.38
14:36:55,0.92,-0.01,0.21
14:36:55,0.36,-0.31,0.50
14:36:56,0.15,-0.07,0.30
14:36:56,-0.27,-0.40,0.39
14:36:56,0.25,-1.00,0.81
14:36:56,0.14,-1.08,0.82
14:36:56,0.29,-1.01,0.82
14:36:56,0.29,-0.97,0.70
14:36:56,0.16,-0.99,0.63
14:36:56,0.80,-1.03,0.45
14:36:56,0.97,-0.60,0.35
14:36:56,1.23,-0.32,0.34
14:36:57,1.06,-0.34,0.30
14:36:57,0.11,0.10,0.05
14:36:57,-0.21,0.31,0.08
14:36:57,-0.10,-0.62,0.56
14:36:57,0.49,-1.31,1.26
14:36:57,0.98,-0.58,1.04
14:36:59,0.39,-0.01,0.31
14:36:59,-0.13,-0.21,0.27
14:36:59,-0.13,-0.55,0.28
14:36:59,0.14,-1.22,0.39
14:36:59,0.24,-1.49,0.45
14:36:59,0.49,-1.02,0.46
14:36:59,0.75,-1.06,0.42
14:36:59,0.61,-0.73,0.21
14:37:0,0.66,-0.58,0.23
14:37:0,0.85,-0.93,0.58
14:37:0,0.25,-1.02,0.14
14:37:0,0.34,-0.89,0.23
14:37:0,0.70,-1.02,0.35
14:37:0,1.30,-1.09,0.51
14:37:0,-0.38,-0.62,-0.24
14:37:0,-0.57,-1.15,-0.02
14:37:0,1.48,-0.83,1.30
14:37:0,-0.15,-0.36,0.18
14:37:1,-0.44,-0.93,0.29
14:37:1,0.27,-0.37,0.80
14:37:1,-0.33,-0.71,0.23
14:37:1,0.37,-0.87,0.23
14:37:1,0.53,-0.96,0.39
14:37:1,0.97,-1.22,0.33
14:37:1,0.54,-0.94,0.11
14:37:1,0.31,-0.91,-0.03
14:37:1,0.60,-0.88,0.13
14:37:1,0.59,-0.86,0.11
14:37:2,0.47,-0.86,0.05
14:37:2,0.58,-0.91,0.13
14:37:2,0.50,-0.88,0.09
14:37:2,0.54,-0.86,0.10
14:37:2,0.54,-0.89,0.11
14:37:2,0.53,-0.88,0.09
14:37:2,0.52,-0.88,0.10
14:37:2,0.52,-0.90,0.10
14:37:2,0.53,-0.88,0.09
14:37:2,0.52,-0.88,0.10
14:37:3,0.52,-0.88,0.09
14:37:3,0.52,-0.89,0.09
14:37:3,0.53,-0.89,0.09
14:37:3,0.53,-0.89,0.11
14:37:3,0.55,-0.89,0.08
14:37:3,0.50,-0.90,0.06
14:37:3,0.55,-0.87,0.07
14:37:8,-0.57,-0.39,0.50
14:37:8,-0.42,-0.58,0.53
14:37:8,-0.47,-0.86,0.41
14:37:8,0.03,-1.23,0.38
14:37:9,0.78,-1.57,0.47
14:37:9,1.48,-0.84,0.45
14:37:9,1.03,-0.11,0.47
14:37:9,0.54,0.05,0.39
14:37:9,-0.26,0.23,0.20
14:37:9,-0.52,-0.29,0.18
14:37:9,-0.37,-1.06,0.07
14:37:9,0.09,-1.49,-0.01
14:37:9,0.54,-1.66,0.13
14:37:9,0.66,-1.10,0.26
14:37:10,0.43,-0.90,0.10
14:37:10,0.31,-1.00,0.07
14:37:10,0.36,-1.00,0.11
14:37:10,0.57,-1.01,0.23
14:37:10,0.81,-1.02,0.31
14:37:10,0.88,-0.82,0.36
14:37:10,0.81,-0.66,0.45
14:37:10,0.43,-0.35,0.42
14:37:10,0.08,-0.15,0.43
14:37:10,-0.19,-0.22,0.47
14:37:11,0.22,-0.95,0.67
14:37:11,0.17,-1.09,0.71
14:37:11,0.23,-1.02,0.80
14:37:11,0.19,-1.04,0.69
14:37:11,0.38,-0.00,0.58
14:37:11,0.85,0.19,0.31
14:37:11,0.90,0.15,0.24
14:37:11,1.02,-0.37,0.53
14:37:11,1.60,0.43,0.29
14:37:11,0.54,0.29,0.12
14:37:12,-0.36,-0.20,0.31
14:37:12,1.04,-1.18,1.05
14:37:12,1.67,-0.31,0.59
14:37:12,1.22,0.37,0.12
14:37:12,-0.14,0.32,-0.10
14:37:12,0.61,-1.23,0.64
14:37:12,1.30,-0.31,0.67
14:37:12,1.25,-0.31,0.61
14:37:12,1.27,-0.24,0.48
14:37:12,0.35,0.29,0.23
14:37:13,0.29,-0.79,0.58
14:37:13,0.91,-0.32,0.89
14:37:13,0.81,-0.17,0.60
14:37:13,0.98,-0.64,0.53
14:37:13,1.13,0.07,0.33
14:37:13,1.13,0.31,0.14
14:37:13,1.11,0.40,0.10
14:37:13,-0.02,0.17,0.14
14:37:13,0.06,-0.56,0.45
14:37:13,1.23,-0.70,0.63
14:37:14,1.31,-0.32,0.50
14:37:14,1.31,-0.25,0.34
14:37:14,1.31,0.05,0.18
14:37:14,0.75,0.44,0.23
14:37:14,0.22,0.38,0.24
14:37:14,-0.01,-0.82,0.18
14:37:14,0.47,-1.00,0.52
14:37:14,0.59,-0.72,0.64
14:37:14,0.75,-1.04,0.68
14:37:14,1.13,-0.82,0.26
14:37:15,1.44,-0.28,0.42
14:37:15,0.54,0.20,0.11
14:37:15,-0.15,-0.35,0.08
14:37:15,0.02,-1.51,0.29
14:37:15,0.02,-0.81,0.37
14:37:18,0.48,-1.03,0.06
14:37:18,1.39,-1.09,0.54
14:37:18,0.38,-0.98,-0.03
14:37:18,0.23,-0.88,-0.09
14:37:18,0.62,-1.01,0.08
14:37:18,0.53,-0.87,0.00
14:37:19,0.39,-0.93,-0.04
14:37:19,0.54,-0.90,0.01
14:37:19,0.49,-0.94,-0.00
14:37:19,0.47,-0.91,0.02
14:37:19,0.46,-0.90,0.01
14:37:19,0.47,-0.96,0.03
14:37:19,0.44,-0.90,0.04
14:37:19,0.33,-1.02,0.02
14:37:19,0.43,-0.94,0.04
14:37:19,0.44,-0.88,0.13
14:37:20,0.37,-1.04,0.13
14:37:20,0.81,-1.40,0.35
14:37:20,-0.21,-1.08,-0.17
14:37:20,-0.80,-0.66,-0.23
14:37:20,-0.77,-0.46,-0.20
14:37:20,0.60,-1.37,-0.20
14:37:20,1.77,-1.57,0.33
14:37:20,1.11,-1.07,0.57
14:37:20,-0.13,-0.83,0.21
14:37:20,-0.63,-0.53,0.08
14:37:21,-0.83,0.33,-0.04
14:37:21,-0.55,-0.65,-0.15
14:37:21,0.40,-1.59,-0.16
14:37:21,0.66,-1.44,0.17
14:37:21,0.68,-1.07,0.18
14:37:21,0.48,-1.02,0.13
14:37:21,0.19,-0.99,-0.06
14:37:21,0.28,-1.04,-0.02
14:37:21,0.33,-1.02,-0.01
14:37:21,0.29,-0.93,-0.05
14:37:22,0.37,-0.97,-0.01
14:37:22,0.32,-0.99,-0.04
14:37:23,0.94,-1.26,0.34
14:37:24,0.50,-0.50,0.24
14:37:24,0.70,-0.06,0.85
14:37:24,0.61,0.52,0.64
14:37:24,0.12,0.06,0.11
14:37:24,0.25,-2.00,-1.26
14:37:24,0.68,-1.36,0.15
14:37:24,0.84,-0.68,0.67
14:37:24,0.66,0.44,1.06
14:37:24,0.61,0.17,0.80
14:37:24,0.31,-0.70,-0.25
14:37:25,0.00,-1.88,-0.56
14:37:25,0.58,-1.09,0.34
14:37:25,0.78,-0.28,1.24
14:37:25,0.47,0.26,0.73
14:37:25,0.02,-0.52,0.08
14:37:25,0.07,-1.34,-0.35
14:37:25,0.38,-1.20,-0.02
14:37:25,0.39,-1.00,0.23
14:37:27,0.11,-0.92,0.53
14:37:27,-0.12,-2.00,0.36
14:37:28,0.25,-0.19,-0.19
14:37:28,0.79,0.73,0.43
14:37:28,0.11,-1.06,0.66
14:37:28,0.34,-0.84,0.84
14:37:28,0.35,-0.51,0.50
14:37:28,0.37,-0.25,0.14
14:37:28,-0.09,-2.00,-1.25
14:37:28,0.53,-1.20,0.05
14:37:28,0.13,-0.83,-0.21
14:37:28,0.41,-0.97,-0.17
14:37:29,0.82,-0.81,0.00
14:37:29,0.72,-0.84,-0.08
14:37:29,0.52,-0.93,-0.00
14:37:29,0.44,-0.82,0.04
14:37:29,0.33,-0.96,-0.15
14:37:29,0.26,-1.00,-0.11
14:37:29,0.32,-1.00,-0.08
14:37:29,0.38,-1.00,0.06
14:37:29,0.33,-0.93,0.13
14:37:29,0.54,-0.95,0.23
14:37:30,0.62,-0.80,0.21
14:37:30,0.68,-0.79,0.34
14:37:30,0.59,-0.76,0.19
14:37:30,0.46,-0.89,0.10
14:37:30,0.28,-0.97,0.08
14:37:30,0.31,-1.04,0.11
14:37:30,0.42,-0.94,0.13
14:37:30,0.64,-0.89,0.13
14:37:30,0.74,-0.75,-0.11
14:37:30,0.80,-0.63,0.02
14:37:32,-0.24,-1.00,-0.15
14:37:32,-0.31,-0.95,0.04
14:37:32,-0.19,-1.02,0.04
14:37:32,-0.15,-1.28,0.16
14:37:33,0.33,-1.01,0.01
14:37:33,0.38,-1.02,0.19
14:37:33,-0.18,-1.01,-0.08
14:37:33,-0.24,-0.98,0.07
14:37:33,-0.29,-0.91,0.04
14:37:33,-0.17,-1.04,0.35
14:37:33,-0.23,-0.89,0.25
14:37:33,-0.52,-0.85,0.12
14:37:33,-0.56,-0.92,0.15
14:37:33,-0.48,-0.87,0.21
14:37:34,-0.48,-0.78,0.23
14:37:34,-0.37,-0.84,0.08
14:37:34,-0.47,-0.83,0.13
14:37:34,-0.89,-0.55,0.17
14:37:34,-0.94,-0.39,-0.02
14:37:34,-0.91,-0.58,0.14
14:37:34,-0.94,-0.12,-0.15
14:37:34,-0.90,-0.13,-0.04
14:37:34,-1.00,-0.25,-0.05
14:37:34,-0.94,-0.09,-0.16
14:37:35,-0.94,-0.25,-0.07
14:37:35,-0.96,-0.15,-0.16
14:37:35,-0.87,-0.28,-0.20
14:37:35,-0.96,-0.14,-0.21
14:37:35,-0.95,-0.10,-0.12
14:37:35,-0.97,-0.07,-0.14
14:37:35,-1.01,-0.08,-0.13
14:37:35,-0.96,-0.11,-0.13
14:37:35,-1.01,0.01,-0.13
14:37:35,-0.98,-0.07,-0.06
14:37:36,-0.97,-0.15,-0.01
14:37:36,-0.93,-0.21,-0.01
14:37:36,-0.96,-0.29,-0.10
14:37:36,-0.76,-0.69,-0.13
14:37:36,-0.98,-0.55,-0.20
14:37:37,-0.55,-0.59,-0.21
14:37:37,-0.62,-0.59,-0.29
14:37:38,-0.67,-0.72,-0.26
14:37:38,-0.69,-0.80,-0.04
14:37:38,-0.71,-0.80,0.08
14:37:38,-0.51,-0.80,-0.03
14:37:38,-0.60,-0.75,0.22
14:37:38,-0.67,-0.74,0.32
14:37:38,-0.54,-0.71,0.19
14:37:38,-0.56,-0.75,0.31
14:37:38,-0.62,-0.73,0.28
14:37:38,-0.36,-0.87,0.59
14:37:39,-0.29,-0.91,0.29
14:37:39,-0.17,-1.04,0.29
14:37:39,0.09,-1.10,0.17
14:37:39,0.12,-1.00,0.02
14:37:39,0.38,-0.85,-0.09
14:37:39,0.24,-0.98,0.04
14:37:39,0.24,-0.99,0.21
14:37:39,0.31,-0.94,0.27
14:37:39,0.33,-0.97,0.28
14:37:39,0.51,-0.92,0.22
14:37:40,0.32,-0.90,0.22
14:37:40,0.35,-0.94,0.27
14:37:40,0.35,-0.93,0.26
14:37:40,0.35,-0.95,0.25
14:37:40,0.35,-0.94,0.24
14:37:40,0.31,-0.97,0.19
14:37:40,0.32,-0.94,0.18
14:37:40,0.40,-0.89,0.09
14:37:40,0.34,-0.93,0.19
14:37:40,0.32,-0.98,0.13
14:37:41,0.28,-0.98,0.16
14:37:41,0.25,-0.98,0.11
14:37:44,0.90,-0.46,0.20
14:37:44,0.80,-0.37,0.08
14:37:44,0.85,-0.36,-0.16
14:37:44,0.85,-0.47,0.18
14:37:44,0.90,-0.50,0.13
14:37:44,0.92,-0.49,0.13
14:37:44,0.92,-0.46,0.18
14:37:44,0.90,-0.45,0.20
14:37:44,0.97,-0.32,0.16
14:37:45,1.07,-0.38,0.49
14:37:45,0.91,0.09,0.26
14:37:45,0.92,0.46,0.24
14:37:45,0.80,0.52,0.27
14:37:45,0.92,0.44,0.09
14:37:45,0.75,0.69,0.20
14:37:45,0.81,0.62,0.29
14:37:45,0.60,0.71,0.37
14:37:45,0.61,0.72,0.33
14:37:45,0.57,0.69,0.32
14:37:46,0.46,0.75,0.40
14:37:46,0.45,0.72,0.36
14:37:46,0.65,0.76,0.14
14:37:46,0.17,0.98,0.19
14:37:46,-0.05,1.11,0.04
14:37:46,-0.16,0.92,0.21
14:37:46,0.06,0.90,0.23
14:37:46,-0.13,0.87,0.40
14:37:46,-0.16,0.92,0.35
14:37:46,-0.22,1.05,0.43
14:37:46,-0.17,0.73,0.24
14:37:47,-0.17,0.86,0.38
14:37:47,-0.18,0.84,0.33
14:37:48,-0.89,0.06,0.38
14:37:48,-0.83,0.18,0.48
14:37:49,-0.79,0.19,0.47
14:37:49,-0.76,0.15,0.50
14:37:49,-0.83,0.11,0.52
14:37:49,-0.77,-0.03,0.53
14:37:49,-0.86,-0.09,0.37
14:37:49,-0.92,-0.22,0.46
14:37:49,-0.83,-0.30,0.39
14:37:49,-0.69,-0.54,0.23
14:37:49,-0.68,-0.45,0.11
14:37:49,-0.78,-0.67,-0.04
14:37:49,-0.61,-0.83,-0.06
14:37:50,-0.70,-0.73,-0.01
14:37:50,-0.72,-0.76,-0.06
14:37:50,-0.72,-0.77,-0.06
14:37:50,-1.04,-0.58,-0.01
14:37:50,-0.45,-0.62,-0.10
14:37:50,-0.75,-0.76,0.06
14:37:50,-0.78,-0.68,0.04
14:37:50,-0.65,-0.66,0.04
14:37:50,-0.77,-0.72,0.26
14:37:50,-0.63,-0.72,0.15
14:37:51,-0.71,-0.68,0.25
14:37:51,-0.68,-0.68,0.27
14:37:51,-0.66,-0.68,0.39
14:37:51,-0.42,-1.44,0.59
14:37:52,0.40,-0.18,0.75
14:37:52,-0.38,0.02,0.52
14:37:53,-0.16,-0.68,1.07
14:37:53,0.35,-0.95,1.22
14:37:53,0.81,-0.58,1.02
14:37:53,0.30,0.01,0.49
14:37:53,-0.47,0.22,0.27
14:37:53,-0.45,-0.68,1.19
14:37:53,0.16,-0.14,0.81
14:37:53,0.19,-0.29,0.61
14:37:53,-0.31,-0.89,0.79
14:37:53,-0.69,-0.83,0.60
14:37:54,-0.53,-0.87,0.64
14:37:54,-0.59,-0.83,0.52
14:37:54,-0.65,-0.75,0.37
14:37:54,-0.65,-0.67,0.34
14:37:54,-0.63,-0.70,0.39
14:37:54,-0.72,-0.65,0.31
14:37:54,-0.64,-0.66,0.35
14:37:54,-0.67,-0.71,0.32
14:37:54,-0.65,-0.67,0.32
14:37:54,-0.59,-0.64,0.29
14:37:55,-0.74,-0.78,0.37
14:37:55,-0.64,-0.63,0.26
14:37:55,-0.60,-0.69,0.32
14:37:55,-0.75,-0.75,0.34
14:37:55,-0.63,-0.64,0.26
14:37:55,-0.65,-0.74,0.34
14:37:55,-0.68,-0.67,0.28
14:37:55,-0.64,-0.71,0.32
14:37:55,-0.68,-0.68,0.31
14:37:55,-0.65,-0.69,0.33
14:38:2,-0.50,-0.50,0.56
14:38:2,-0.72,-0.54,0.52
14:38:2,-0.37,-0.52,0.54
14:38:2,-0.44,-0.49,0.59
14:38:2,-0.52,-0.50,0.65
14:38:2,-0.52,-0.56,0.75
14:38:2,-0.69,-0.77,0.81
14:38:2,-1.06,-0.89,0.65
14:38:2,-0.20,-0.66,0.29
14:38:3,-0.33,-0.56,0.43
14:38:3,-0.33,-0.41,0.42
14:38:3,-0.33,-0.56,0.62
14:38:3,-0.55,-0.80,0.86
14:38:3,-0.77,-0.71,0.62
14:38:3,-0.68,-2.00,-0.33
14:38:3,-0.22,-1.12,-0.21
14:38:3,-0.24,-0.66,-0.41
14:38:3,-0.43,-0.61,-0.37
14:38:3,-0.88,-0.72,-0.52
14:38:4,-1.08,-0.34,0.02
14:38:4,-0.81,-0.60,0.05
14:38:4,-0.87,-0.45,-0.08
14:38:4,-0.55,-0.76,0.10
14:38:4,-0.03,-0.96,0.33
14:38:4,0.26,-0.74,0.52
14:38:4,0.44,-0.72,0.42
14:38:4,0.39,-0.76,0.51
14:38:4,-0.05,-1.57,0.45
14:38:4,-0.44,-1.22,-0.21
14:38:5,-0.07,-0.98,-0.14
14:38:5,0.06,-0.63,0.18
14:38:5,0.06,-0.78,0.15
14:38:5,0.19,-1.00,0.22
14:38:5,0.17,-1.12,0.07
14:38:5,-0.41,-1.82,0.06
14:38:5,-0.12,-0.91,0.06
14:38:5,-0.06,-0.85,0.01
14:38:5,0.13,-0.68,0.13
14:38:5,0.01,-0.84,0.15
14:38:6,-0.14,-1.22,0.28
14:38:6,-0.37,-1.56,0.21
14:38:6,-0.40,-1.09,0.09
14:38:6,-0.19,-0.76,0.05
14:38:6,-0.08,-0.54,0.05
14:38:6,0.15,-0.90,0.17
14:38:6,0.20,-1.28,0.17
14:38:6,-0.37,-1.55,0.15
14:38:6,-0.06,-1.00,0.07
14:38:6,-0.01,-0.71,0.09
14:38:7,0.08,-0.71,0.17
14:38:7,-0.06,-0.86,0.20
14:38:7,-0.17,-1.23,0.33
14:38:7,-0.49,-1.56,0.20
14:38:7,-0.29,-1.11,0.06
14:38:7,-0.13,-0.67,0.07
14:38:7,0.01,-0.60,0.13
14:38:7,-0.05,-0.88,0.21
14:38:7,-0.18,-1.23,0.23
14:38:7,-0.61,-1.56,0.31
14:38:8,0.06,-0.86,0.17
14:38:8,-0.17,-0.80,0.17
14:38:8,-0.08,-0.82,0.18
14:38:8,-0.08,-0.87,0.20
14:38:8,-0.08,-1.06,0.17
14:38:8,-0.11,-1.24,0.16
14:38:8,-0.47,-1.02,0.22
14:38:8,-0.40,-0.88,0.19
14:38:8,-0.18,-0.79,0.09
14:38:8,-0.05,-0.89,0.11
14:38:9,0.02,-1.02,0.25
14:38:9,0.10,-1.08,0.36
14:38:9,-0.14,-1.43,0.34
14:38:9,-0.21,-1.13,0.12
14:38:9,-0.12,-0.98,-0.07
14:38:9,-0.13,-1.13,-0.15
14:38:9,0.03,-1.02,-0.06
14:38:9,0.07,-0.99,0.01
14:38:9,0.03,-0.73,0.07
14:38:9,-0.05,-0.81,0.15
14:38:10,0.09,-0.98,0.12
14:38:10,0.12,-0.91,0.04
14:38:10,-0.17,-1.19,0.12
14:38:10,-0.46,-1.39,0.06
14:38:10,-0.14,-1.14,-0.05
14:38:10,-0.17,-0.99,0.00
14:38:10,-0.31,-1.00,0.21
14:38:10,-0.16,-0.95,0.32
14:38:10,-0.08,-0.91,0.26
14:38:10,0.08,-0.85,0.29
14:38:11,0.33,-0.91,0.40
14:38:11,0.48,-0.83,0.35
14:38:11,0.64,-0.79,0.10
14:38:11,0.64,-0.66,-0.02
14:38:11,0.71,-0.55,0.01
14:38:11,0.62,-0.54,-0.06
14:38:11,0.68,-0.76,-0.12
14:38:11,0.69,-0.77,-0.09
14:38:11,0.73,-0.76,-0.07
14:38:11,0.68,-0.83,-0.09
14:38:12,0.72,-1.46,0.22
14:38:12,0.57,-0.57,-0.31
14:38:12,0.76,-0.74,-0.18
14:38:12,0.76,-0.58,-0.29
14:38:12,0.71,-0.72,-0.27
14:38:12,0.74,-0.63,-0.33
14:38:12,0.77,-0.66,-0.37
14:38:12,0.77,-0.59,-0.39
14:38:12,0.74,-0.60,-0.38
14:38:12,0.76,-0.65,-0.38
14:38:13,0.78,-0.59,-0.38
14:38:56,0.67,-0.67,0.33
14:38:56,0.69,-0.68,0.29
14:38:56,0.70,-0.70,0.26
14:38:56,0.72,-0.71,0.25
14:38:56,0.69,-0.72,0.24
14:38:56,0.70,-0.75,0.23
14:38:56,0.91,-0.87,0.30
14:38:57,-0.09,-0.78,0.25
14:38:57,-0.78,-0.78,0.11
14:38:57,-0.49,-0.75,0.17
14:38:57,-0.52,-0.81,0.16
14:38:57,-0.48,-0.94,0.17
14:38:57,-0.40,-0.87,0.06
14:38:57,-0.29,-1.09,-0.08
14:38:57,-0.23,-0.86,-0.03
14:38:57,-0.64,-0.77,-0.01
14:38:57,-0.64,-1.04,0.12
14:38:58,-0.47,-0.87,0.20
14:38:58,-0.50,-0.80,0.17
14:38:58,-0.44,-0.84,0.10
14:38:58,-0.46,-1.11,0.01
14:38:58,-0.62,-1.25,-0.06
14:38:58,-0.78,-1.03,-0.20
14:38:58,-0.18,-0.70,-0.14
14:38:58,-0.05,-0.93,-0.01
14:38:58,-0.27,-0.89,0.10
14:38:58,-0.18,-0.99,0.12
14:38:59,-0.36,-1.03,0.12
14:38:59,-0.56,-1.19,0.08
14:38:59,-0.48,-1.05,-0.20
14:38:59,-0.29,-0.75,-0.19
14:38:59,-0.33,-0.85,-0.09
14:38:59,-0.16,-1.04,0.21
14:38:59,-0.28,-1.26,-0.03
14:38:59,-0.30,-0.95,-0.09
14:38:59,-0.36,-1.01,-0.24
14:38:59,-0.11,-1.12,-0.08
14:39:0,-0.29,-0.99,0.01
14:39:0,-0.25,-0.83,-0.01
14:39:0,0.03,-0.84,0.05
14:39:0,0.06,-0.97,0.24
14:39:0,-0.06,-1.09,0.26
14:39:0,-0.68,-1.48,-0.17
14:39:0,-0.21,-0.75,-0.00
14:39:0,-0.20,-0.78,0.22
14:39:0,-0.26,-0.80,0.28
14:39:0,-0.09,-0.84,0.30
14:39:1,-0.23,-0.91,0.29
14:39:1,-0.35,-1.35,0.18
14:39:1,-0.70,-1.29,-0.06
14:39:1,0.00,-0.79,0.01
14:39:1,-0.31,-0.72,0.20
14:39:1,-0.28,-0.81,0.32
14:39:1,-0.36,-0.92,0.26
14:39:1,-0.58,-1.27,0.20
14:39:1,-0.68,-1.10,0.06
14:39:1,-0.33,-0.65,0.08
14:39:2,-0.11,-0.75,0.07
14:39:2,-0.18,-0.96,0.18
14:39:2,-0.33,-1.13,0.20
14:39:2,-0.50,-1.12,0.14
14:39:4,-0.16,-0.73,0.12
14:39:4,0.02,-0.89,0.29
14:39:4,-0.12,-0.97,0.28
14:39:5,-0.18,-0.97,0.27
14:39:5,-0.55,-1.28,0.07
14:39:5,-0.43,-0.91,0.19
14:39:5,-0.12,-0.73,0.20
14:39:5,-0.03,-0.77,0.11
14:39:5,0.03,-0.93,0.08
14:39:5,0.09,-1.09,-0.15
14:39:5,0.23,-1.10,-0.10
14:39:5,0.13,-1.20,-0.24
14:39:5,0.05,-1.01,-0.33
14:39:6,0.13,-0.79,-0.22
14:39:6,0.11,-1.08,-0.18
14:39:6,0.03,-1.19,-0.25
14:39:6,0.19,-1.03,-0.16
14:39:6,0.11,-0.98,-0.07
14:39:6,-0.01,-1.09,0.04
14:39:6,-0.07,-1.12,0.01
14:39:6,-0.16,-0.88,0.04
14:39:6,-0.38,-0.93,-0.09
14:39:6,-0.33,-1.30,0.21
14:39:7,0.15,-1.37,-0.41
14:39:7,-0.12,-1.08,-0.58
14:39:7,0.03,-0.98,-0.52
14:39:7,-0.19,-0.82,-0.54
14:39:7,-0.16,-0.61,-0.23
14:39:7,-0.45,-0.22,-0.88
14:39:7,-0.45,0.05,-0.90
14:39:7,-0.48,0.10,-0.96
14:39:7,-0.29,0.22,-0.82
14:39:7,-0.28,0.34,-0.90
14:39:8,-0.66,0.49,-1.08
14:39:8,-0.63,0.04,-0.56
14:39:8,-0.50,0.30,-0.82
14:39:8,-0.66,0.44,-0.91
14:39:8,-0.57,0.34,-0.58
14:39:8,-0.55,0.55,-0.57
14:39:8,-0.54,0.50,-0.64
14:39:8,-0.37,0.53,-0.63
14:39:8,-0.33,0.50,-0.63
14:39:8,-0.12,0.51,-0.68
14:39:10,0.21,0.09,-0.78
14:39:10,0.17,0.02,-0.89
14:39:10,0.45,0.25,-1.29
14:39:10,0.38,-0.04,-0.73
14:39:10,0.24,0.08,-0.32
14:39:10,0.25,0.16,-0.50
14:39:10,0.25,0.38,-0.85
14:39:11,0.10,0.33,-1.00
14:39:11,-0.00,-0.22,-0.99
14:39:11,-0.06,-0.15,-1.28
14:39:11,-0.06,-0.06,-1.29
14:39:11,-0.02,-0.02,-0.99
14:39:11,0.34,0.02,-1.13
14:39:11,0.51,0.08,-0.93
14:39:11,0.32,-0.12,-0.43
14:39:11,0.38,-0.00,-0.56
14:39:11,0.52,0.03,-0.73
14:39:12,0.41,0.26,-1.10
14:39:12,0.44,0.39,-1.08
14:39:12,0.41,0.12,-1.12
14:39:12,0.27,0.21,-0.97
14:39:12,0.04,0.06,-0.98
14:39:12,0.38,0.02,-1.18
14:39:12,0.31,0.06,-1.12
14:39:12,0.31,0.07,-0.95
14:39:12,1.89,1.45,-0.67
14:39:12,0.53,-0.09,-0.50
14:39:13,0.43,-0.21,-1.02
14:39:13,0.18,-0.27,-0.61
14:39:13,0.39,-0.11,-0.85
14:39:13,0.38,-0.10,-0.93
14:39:13,0.82,-0.31,-1.06
14:39:13,0.30,-0.16,-0.97
14:39:13,0.39,0.06,-0.99
14:39:13,0.33,-0.03,-0.81
14:39:13,0.40,-0.16,-0.82
14:39:13,0.18,-0.24,-0.67
14:39:14,0.51,0.00,-1.23
14:39:14,0.64,0.11,-1.23
14:39:14,0.47,0.29,-1.12
14:39:14,0.26,0.01,-0.90
14:39:14,0.29,-0.03,-0.84
14:39:14,0.29,-0.19,-0.88
14:39:14,-0.18,0.71,-0.89
14:39:14,0.43,-0.14,-0.93
14:39:14,0.40,-0.48,-1.00
14:39:14,0.14,-0.10,-0.89
14:39:15,0.42,-0.39,-0.85
14:39:15,0.39,-0.12,-1.10
14:39:15,0.25,-0.15,-0.79
14:39:15,0.33,-0.10,-0.93
14:39:15,-0.02,-0.26,-0.83
14:39:15,0.41,-0.04,-0.89
14:39:15,-0.33,0.45,-0.57
14:39:15,0.08,0.26,-1.00
14:39:15,0.19,-0.18,-1.30
14:39:15,0.02,0.04,-0.98
14:39:16,0.76,0.53,-1.27
14:39:16,-0.18,0.15,-1.02
14:39:16,0.29,0.47,-0.90
14:39:16,0.10,0.37,-0.92
14:39:16,0.15,0.32,-0.94
14:39:16,0.13,0.31,-0.93
14:39:16,0.12,0.32,-0.95
14:39:16,0.13,0.33,-0.95
14:39:16,0.13,0.30,-0.92
14:39:16,0.13,0.32,-0.93
14:39:17,0.13,0.32,-0.94
14:39:17,0.13,0.32,-0.93
14:39:17,0.13,0.31,-0.95
14:39:17,0.13,0.32,-0.94
14:39:17,0.12,0.31,-0.93
14:39:17,0.13,0.32,-0.95
14:39:17,0.13,0.32,-0.94
14:39:17,0.12,0.31,-0.94
14:39:17,0.13,0.32,-0.94
14:39:17,0.13,0.32,-0.95
14:39:18,0.13,0.32,-0.94
14:40:5,0.28,0.05,-1.01
14:40:5,0.28,0.11,-1.05
14:40:5,-0.08,0.12,-1.01
14:40:5,-0.08,0.07,-1.05
14:40:6,0.04,-0.05,-0.89
14:40:6,0.56,-0.33,-1.13
14:40:6,0.06,-0.23,-0.96
14:40:6,0.12,-0.25,-0.90
14:40:6,0.40,-0.11,-0.95
14:40:6,0.05,-0.08,-1.25
14:40:6,0.11,-0.20,-0.92
14:40:6,0.27,-0.13,-1.15
14:40:6,0.21,-0.20,-0.81
14:40:6,0.14,-0.20,-0.86
14:40:7,0.24,-0.09,-0.97
14:40:7,0.27,-0.28,-0.94
14:40:7,0.16,-0.33,-1.00
14:40:7,0.00,-0.28,-1.19
14:40:7,-0.13,-0.14,-1.03
14:40:9,0.14,0.06,-0.85
14:40:9,0.12,0.10,-0.90
14:40:9,0.18,0.05,-1.02
14:40:9,-0.08,0.52,-0.92
14:40:9,-0.26,0.26,-1.28
14:40:9,-0.10,0.10,-0.92
14:40:9,0.18,0.39,-0.89
14:40:10,-0.58,1.01,-0.68
14:40:10,0.33,0.58,-0.89
14:40:10,0.37,0.22,-0.97
14:40:10,-0.29,0.51,-1.46
14:40:10,0.12,0.24,-0.80
14:40:10,0.06,0.18,-0.90
14:40:10,0.29,0.04,-0.74
14:40:10,0.02,-0.07,-0.97
14:40:10,0.30,-0.19,-1.13
14:40:10,-0.08,-0.15,-1.10
14:40:11,0.09,-0.15,-1.20
14:40:11,0.12,-0.12,-0.72
14:40:18,0.09,-0.42,-0.97
14:40:18,-0.01,-0.09,-1.05
14:40:18,0.16,-0.22,-0.90
14:40:18,0.09,-0.14,-0.84
14:40:18,0.15,-0.30,-0.94
14:40:18,0.13,-0.33,-0.93
14:40:18,0.02,-0.46,-0.89
14:40:18,-0.01,-0.40,-0.95
14:40:18,0.02,-0.37,-1.01
14:40:19,-0.16,-0.30,-1.17
14:40:19,-0.06,-0.34,-0.96
14:40:19,-0.12,-0.24,-0.88
14:40:19,0.06,-0.39,-0.81
14:40:19,0.01,-0.40,-0.92
14:40:19,0.07,-0.37,-0.97
14:40:19,0.13,-0.44,-0.89
14:40:19,-0.04,-0.28,-1.36
14:40:19,0.10,-0.45,-0.97
14:40:19,-0.17,-0.29,-0.91
14:42:22,-0.15,0.02,-1.02
14:42:22,0.06,0.09,-0.97
14:42:22,-0.05,0.14,-0.97
14:42:22,-0.02,0.14,-1.00
14:42:22,-0.02,0.15,-1.00
14:42:22,-0.03,0.14,-0.99
14:42:23,-0.02,0.15,-0.99
14:42:23,-0.04,0.10,-0.98
14:42:23,-0.12,0.21,-0.97
14:42:23,0.12,0.18,-1.07
14:42:23,-0.00,0.14,-1.00
14:42:23,-0.02,0.13,-0.99
14:42:23,-0.02,0.14,-0.99
14:42:23,-0.02,0.14,-0.98
14:42:23,-0.02,0.14,-0.98
14:42:23,0.02,-0.05,-1.04
14:42:24,-0.11,0.23,-0.97
14:42:24,-0.00,0.19,-0.98
14:42:24,-0.02,0.18,-0.99
14:42:39,-0.27,-0.07,-0.96
14:42:39,-0.28,-0.07,-0.97
14:42:39,-0.28,-0.07,-0.95
14:42:39,-0.28,-0.08,-0.97
14:42:39,-0.27,-0.07,-0.96
14:42:39,-0.28,-0.07,-0.96
14:42:39,-0.28,-0.07,-0.97
14:42:39,-0.27,-0.07,-0.97
14:42:39,-0.28,-0.08,-0.97
14:42:39,-0.27,-0.08,-0.96
14:42:40,-0.27,-0.09,-0.97
14:42:40,-0.27,-0.07,-0.96
14:42:40,-0.28,-0.07,-0.97
14:42:40,-0.27,-0.07,-0.96
14:42:40,-0.27,-0.08,-0.96
14:42:40,-0.27,-0.07,-0.95
14:42:40,-0.28,-0.07,-0.96
14:42:40,-0.27,-0.07,-0.97
14:42:40,-0.28,-0.06,-0.96
14:51:42,-0.30,0.07,-0.94
14:51:42,-0.34,0.07,-0.95
14:51:42,-0.32,0.08,-0.94
14:51:43,-0.33,0.08,-0.96
14:51:43,-0.33,0.09,-0.95
14:51:43,-0.33,0.08,-0.94
14:51:43,-0.32,0.08,-0.95
14:51:43,-0.32,0.08,-0.95
14:51:43,-0.33,0.08,-0.95
14:51:43,-0.32,0.08,-0.95
14:51:43,-0.33,0.08,-0.94
14:51:43,-0.33,0.07,-0.95
14:51:43,-0.32,0.08,-0.94
14:51:44,-0.32,0.08,-0.94
14:51:44,-0.33,0.08,-0.95
14:51:44,-0.33,0.08,-0.94
14:51:44,-0.32,0.09,-0.96
14:51:44,-0.33,0.08,-0.95
14:51:44,-0.33,0.08,-0.95
14:53:58,-0.12,0.33,-1.15
14:53:58,0.02,0.10,-0.99
14:53:58,-0.11,0.10,-1.03
14:53:58,-0.15,0.15,-1.03
14:53:58,-0.05,0.10,-1.01
14:53:58,-0.08,0.15,-1.08
14:53:58,-0.11,0.16,-1.00
14:53:59,0.03,0.14,-0.97
14:53:59,0.03,0.14,-1.05
14:53:59,0.04,0.10,-1.06
14:53:59,0.05,0.06,-1.03
14:53:59,0.06,0.11,-0.98
14:53:59,0.09,0.21,-1.11
14:53:59,-0.05,0.18,-0.87
14:53:59,-0.24,0.11,-1.09
14:53:59,0.15,0.29,-1.01
14:53:59,-0.05,0.20,-0.89
14:54:0,0.02,0.30,-1.10
14:54:0,-0.00,0.34,-1.28
14:54:0,0.10,0.17,-1.13
14:54:0,0.01,0.09,-0.93
14:54:0,-0.00,0.21,-0.74
14:54:0,-0.02,0.29,-0.85
14:54:0,0.06,0.31,-1.32
14:54:0,-0.12,0.19,-1.03
14:54:0,-0.04,0.31,-1.00
14:54:0,0.10,0.26,-0.78
14:54:1,0.01,0.19,-0.84
14:54:1,-0.07,0.23,-0.94
14:54:5,-0.07,0.15,-0.79
14:54:5,0.04,0.23,-0.87
14:54:5,0.00,0.22,-0.97
14:54:6,0.02,0.24,-0.98
14:54:6,-0.02,0.20,-1.18
14:54:6,-0.15,0.07,-1.13
14:54:6,0.01,0.03,-1.02
14:54:6,0.05,0.08,-0.87
14:54:6,-0.03,0.16,-0.92
14:54:6,-0.01,0.18,-1.04
14:54:6,0.12,0.26,-1.20
14:54:6,-0.03,0.11,-0.91
14:54:6,-0.11,0.15,-0.91
14:54:7,0.17,0.20,-0.89
14:54:7,0.02,0.14,-0.99
14:54:7,-0.03,0.14,-1.03
14:54:7,0.11,0.17,-1.23
14:54:7,0.04,0.06,-1.20
14:54:7,-0.03,-0.01,-0.79
14:54:18,-0.37,0.06,-0.92
14:54:18,-0.37,0.06,-0.92
14:54:18,-0.37,0.06,-0.93
14:54:18,-0.38,0.06,-0.93
14:54:18,-0.38,0.07,-0.93
14:54:18,-0.36,0.07,-0.91
14:54:18,-0.36,0.05,-0.92
14:54:18,-0.37,0.06,-0.94
14:54:19,-0.37,0.08,-0.93
14:54:19,-0.36,0.07,-0.92
14:54:19,-0.37,0.07,-0.94
14:54:19,-0.37,0.06,-0.93
14:54:19,-0.36,0.07,-0.92
14:54:19,-0.38,0.07,-0.94
14:54:19,-0.37,0.06,-0.93
14:54:19,-0.36,0.06,-0.92
14:54:19,-0.37,0.05,-0.94
14:54:19,-0.36,0.08,-0.95
14:54:19,-0.36,0.04,-0.91
15:38:23,-0.37,-0.39,-0.81
15:38:23,-0.44,-0.27,-0.78
15:38:23,-0.51,-0.38,-0.75
15:38:23,-0.49,-0.36,-0.75
15:38:23,-0.53,-0.31,-0.79
15:38:23,-0.58,-0.31,-0.77
15:38:23,-0.56,-0.44,-0.79
15:38:23,-0.48,-0.62,-0.66
15:38:23,-0.48,-0.92,-0.93
15:38:24,-0.44,-0.43,-0.65
15:38:24,-0.50,-0.40,-0.62
15:38:24,-0.60,-0.53,-0.73
15:38:24,-0.55,-0.40,-0.69
15:38:24,-0.56,-0.37,-0.94
15:38:24,-0.50,-0.76,-1.33
15:38:24,-0.36,0.08,-0.72
15:38:24,-0.44,-0.27,-0.74
15:38:24,-0.57,-0.28,-0.66
15:38:24,-0.55,-0.38,-0.69
15:38:25,-0.71,-0.33,-0.78
15:38:25,-0.77,-0.30,-0.94
15:38:25,-0.45,-0.54,-0.76
15:38:25,-0.49,-0.46,-0.77
15:38:25,-0.50,-0.23,-0.58
15:38:25,-0.61,-0.44,-0.62
15:38:25,-0.65,-0.41,-0.63
15:38:25,-0.66,-0.38,-0.89
15:38:25,-0.67,-0.73,-1.23
15:38:25,-0.55,0.02,-0.69
15:38:26,-0.46,-0.37,-0.54
15:38:26,-0.54,-0.14,-0.56
15:38:26,-0.63,-0.23,-0.77
15:38:26,-0.67,-0.14,-0.80
15:38:26,-0.68,-0.21,-0.89
15:38:26,-0.72,-0.41,-0.99
15:38:26,-0.58,-0.27,-0.74
15:38:26,-0.58,-0.25,-0.71
15:38:26,-0.60,-0.34,-0.70
15:38:26,-0.59,-0.23,-0.65
15:38:27,-0.67,-0.19,-0.78
15:38:27,-0.68,-0.25,-0.90
15:38:27,-0.64,-0.24,-0.82
15:38:27,-0.54,-0.08,-1.06
15:38:27,-0.34,-0.13,-0.67
15:38:27,-0.55,-0.21,-0.71
15:38:27,-0.63,-0.18,-0.71
15:38:27,-0.62,-0.18,-0.68
15:38:27,-0.73,-0.04,-0.84
15:38:27,-0.86,-0.74,-1.25
15:38:29,-0.36,0.10,-0.77
15:38:29,-0.50,-0.02,-0.93
15:38:29,-0.44,-0.03,-0.91
15:38:29,-0.66,-0.05,-0.84
15:38:29,-0.56,0.02,-0.84
15:38:29,-0.53,0.03,-0.91
15:38:29,-0.48,0.02,-0.89
15:38:30,-0.43,-0.04,-0.92
15:38:30,-0.42,-0.01,-0.93
15:38:30,-0.44,0.04,-0.95
15:38:30,-0.48,0.06,-0.93
15:38:30,-0.44,0.01,-0.88
15:38:30,-0.44,0.00,-0.90
15:38:30,-0.46,0.01,-0.90
15:38:30,-0.50,-0.00,-0.88
15:38:30,-0.50,0.02,-0.91
15:38:30,-0.52,0.02,-0.92
15:38:31,-0.55,0.02,-0.85
15:38:31,-0.56,0.04,-0.85
15:38:36,-0.39,0.25,-0.93
15:38:36,-0.38,0.24,-0.90
15:38:36,-0.38,0.25,-0.90
15:38:37,-0.39,0.25,-0.91
15:38:37,-0.37,0.24,-0.88
15:38:37,-0.45,0.12,-1.04
15:38:37,-0.38,0.28,-0.76
15:38:37,-0.32,0.36,-0.91
15:38:37,-0.44,0.26,-0.86
15:38:37,-0.38,-0.08,-0.81
15:38:37,-0.33,0.00,-0.90
15:38:37,-0.38,0.43,-0.94
15:38:37,-0.32,0.43,-0.92
15:38:38,0.03,0.00,-0.20
15:38:38,0.01,-0.11,-0.81
15:38:38,0.03,-0.13,-1.01
15:38:38,-0.03,-0.25,-1.01
15:38:38,-0.08,-0.21,-1.03
15:38:38,-0.07,-0.23,-1.00
15:38:38,-0.07,-0.22,-1.00
15:38:38,-0.05,-0.24,-0.98
15:38:38,-0.05,-0.25,-1.00
15:38:38,-0.07,-0.23,-1.00
15:38:39,-0.05,-0.25,-1.00
15:38:39,-0.05,-0.23,-0.99
15:38:39,-0.06,-0.24,-1.00
15:38:39,-0.06,-0.24,-0.99
15:38:39,-0.06,-0.24,-1.01
15:38:39,-0.05,-0.24,-0.99
15:38:39,-0.05,-0.23,-0.99
15:38:39,-0.06,-0.24,-1.00
15:38:39,-0.06,-0.23,-0.99
15:38:39,-0.06,-0.23,-0.99
15:38:40,-0.06,-0.24,-0.99
15:38:40,-0.06,-0.24,-0.99
15:38:40,-0.05,-0.23,-1.00
15:38:40,-0.06,-0.24,-0.99
15:38:40,-0.06,-0.24,-0.99
15:38:40,-0.06,-0.24,-1.00
