0:25:24,-0.42,0.88,0.02
0:25:24,-0.41,0.88,0.02
0:25:24,-0.42,0.89,0.03
0:25:24,-0.41,0.88,0.02
0:25:24,-0.40,0.88,0.01
0:25:24,-0.41,0.88,0.01
0:25:24,-0.40,0.88,0.01
0:25:24,-0.41,0.88,0.02
0:25:25,-0.40,0.88,0.03
0:25:25,-0.40,0.88,0.03
0:25:25,-0.40,0.87,0.03
0:25:25,-0.41,0.88,0.02
0:25:25,-0.40,0.90,0.01
0:25:25,-0.40,0.87,0.02
0:25:25,-0.39,0.90,0.02
0:25:25,-0.41,0.87,0.02
0:25:25,-0.41,0.88,0.02
0:25:25,-0.41,0.90,0.00
0:25:26,-0.45,0.86,0.02
0:25:33,-0.77,0.60,0.09
0:25:33,-0.75,0.59,0.11
0:25:33,-0.76,0.59,0.10
0:25:33,-0.76,0.58,0.11
0:25:33,-0.41,0.66,0.19
0:25:33,-0.76,0.58,0.12
0:25:33,-0.74,0.59,0.12
0:25:33,-0.80,0.57,0.08
0:25:33,-0.76,0.60,0.08
0:25:33,-0.67,0.59,0.01
0:25:34,-0.73,0.57,-0.12
0:25:34,-0.76,0.63,0.11
0:25:34,-0.77,0.60,0.05
0:25:34,-0.74,0.60,0.01
0:25:34,-0.76,0.58,-0.00
0:25:34,-1.28,0.24,0.08
0:25:34,-0.78,0.63,0.02
0:25:34,-0.75,0.60,0.07
0:25:34,-0.78,0.60,0.11
0:25:37,-1.00,-0.03,0.03
0:25:37,-0.92,-0.07,-0.03
0:25:37,-0.97,0.00,0.05
0:25:37,-1.05,-0.03,0.19
0:25:37,-0.98,0.12,0.11
0:25:37,-0.94,0.09,0.12
0:25:37,-1.00,0.10,0.13
0:25:37,-0.96,0.09,0.14
0:25:37,-0.97,0.11,0.13
0:25:37,-0.98,0.11,0.14
0:25:38,-0.97,0.18,0.14
0:25:38,-0.97,0.12,0.17
0:25:38,-1.01,0.26,0.19
0:25:38,-0.96,0.23,0.24
0:25:38,-0.98,0.17,0.30
0:25:38,-0.79,0.12,0.04
0:25:38,-0.95,0.10,0.10
0:25:38,-0.97,0.16,0.25
0:25:38,-0.99,0.04,0.20
0:25:38,-0.82,0.30,0.38
0:25:39,-0.97,0.22,0.26
0:25:39,-0.87,0.22,0.05
0:25:39,-1.02,0.17,0.24
0:25:39,-0.95,0.09,0.19
0:25:39,-0.97,0.06,0.24
0:25:39,-1.12,-0.22,0.04
0:25:39,-0.93,0.30,0.21
0:25:39,-0.89,0.15,0.14
0:25:39,-0.96,0.08,0.07
0:25:39,-0.95,0.03,0.09
0:25:40,-0.92,-0.03,0.05
0:25:40,-0.94,0.17,0.17
0:25:40,-0.93,0.10,0.12
0:25:40,-0.94,0.02,0.06
0:25:40,-1.01,0.01,0.07
0:25:40,-1.01,0.04,0.02
1:13:42,-0.62,-0.52,-0.56
1:13:42,-0.69,-0.45,-0.57
1:13:43,-0.70,-0.45,-0.56
1:13:43,-0.67,-0.44,-0.55
1:13:43,-0.67,-0.46,-0.56
1:13:43,-0.70,-0.46,-0.56
1:13:43,-0.67,-0.45,-0.56
1:13:43,-0.69,-0.45,-0.56
1:13:43,-0.71,-0.45,-0.54
1:13:43,-0.69,-0.46,-0.54
1:13:43,-0.68,-0.47,-0.55
1:13:43,-0.68,-0.46,-0.55
1:13:44,-0.70,-0.46,-0.54
1:13:44,-0.72,-0.46,-0.54
1:13:44,-0.70,-0.45,-0.55
1:13:44,-0.71,-0.47,-0.52
1:13:44,-0.70,-0.45,-0.54
1:13:44,-0.70,-0.45,-0.56
1:13:44,-0.70,-0.46,-0.55
1:13:52,-0.95,-0.05,-0.20
1:13:52,-0.97,-0.05,-0.18
1:13:52,-0.97,-0.06,-0.16
1:13:52,-0.97,-0.09,-0.17
1:13:52,-0.96,-0.08,-0.19
1:13:52,-0.96,-0.06,-0.18
1:13:52,-0.97,-0.06,-0.19
1:13:53,-0.97,-0.08,-0.18
1:13:53,-0.97,-0.07,-0.18
1:13:53,-0.96,-0.08,-0.18
1:13:53,-0.97,-0.06,-0.16
1:13:53,-0.95,-0.09,-0.21
1:13:53,-0.97,-0.08,-0.20
1:13:53,-0.97,-0.09,-0.18
1:13:53,-0.96,-0.08,-0.20
1:13:53,-0.97,-0.08,-0.18
1:13:53,-0.96,-0.10,-0.19
1:13:54,-0.97,-0.10,-0.19
1:13:54,-0.95,-0.09,-0.18
1:13:57,-0.91,-0.35,-0.00
1:13:57,-0.92,-0.36,-0.02
1:13:57,-0.92,-0.37,-0.00
1:13:57,-0.93,-0.37,-0.02
1:13:57,-0.92,-0.38,-0.01
1:13:57,-0.92,-0.36,-0.03
1:13:57,-0.94,-0.30,-0.03
1:13:57,-0.93,-0.37,-0.02
1:13:58,-0.93,-0.37,-0.02
1:13:58,-0.94,-0.40,0.01
1:13:58,-0.92,-0.38,-0.03
1:13:58,-0.90,-0.38,-0.03
1:13:58,-0.90,-0.38,-0.03
1:13:58,-0.89,-0.40,-0.06
1:13:58,-0.86,-0.42,-0.03
1:13:58,-0.91,-0.44,-0.04
1:13:58,-0.93,-0.39,-0.04
1:13:58,-0.89,-0.36,-0.03
1:13:59,-0.95,-0.36,-0.00
1:14:3,-0.87,0.22,-0.09
1:14:3,-1.00,0.07,0.10
1:14:3,-0.99,0.12,0.08
1:14:3,-0.98,0.13,0.02
1:14:3,-0.95,0.07,0.01
1:14:4,-0.99,0.13,0.08
1:14:4,-0.96,0.09,0.10
1:14:4,-0.98,0.05,0.10
1:14:4,-1.01,0.06,0.09
1:14:4,-0.96,0.12,0.06
1:14:4,-0.93,0.13,0.07
1:14:4,-0.97,0.08,-0.01
1:14:4,-0.89,0.16,-0.40
1:14:4,-0.61,0.30,-0.24
1:14:4,-0.16,0.28,-0.72
1:14:5,0.12,-0.28,-0.83
1:14:5,0.46,0.06,-0.91
1:14:5,0.46,0.04,-0.87
1:14:5,0.48,0.05,-0.89
1:14:5,0.53,0.02,-0.87
1:14:5,0.52,0.03,-0.86
1:14:5,0.53,0.02,-0.86
1:14:5,0.51,0.01,-0.86
1:14:5,0.63,-0.18,-0.89
1:14:5,0.54,0.89,-0.35
1:14:6,0.55,-0.36,-0.89
1:14:6,0.66,-0.26,-0.73
1:14:6,0.61,-0.30,-0.96
1:14:6,0.54,-0.39,-0.75
1:14:6,0.54,-0.40,-0.79
1:14:6,0.54,-0.38,-0.76
1:14:6,0.66,-0.30,-0.80
1:14:6,0.60,-0.33,-0.81
1:14:6,0.80,-0.28,-0.70
2:14:15,0.15,-0.91,-0.37
2:14:15,0.12,-1.04,-0.42
2:14:15,0.09,-0.98,-0.39
2:14:15,0.31,-0.96,-0.44
2:14:15,0.25,-0.88,-0.47
2:14:15,0.56,-0.58,-0.61
2:14:15,0.80,-0.48,-0.52
2:14:15,0.55,-0.48,-0.74
2:14:16,0.56,-0.50,-0.69
2:14:16,0.53,-0.52,-0.70
2:14:16,0.70,-0.40,-0.63
2:14:16,0.61,-0.24,-0.86
2:14:16,0.69,-0.40,-0.64
2:14:16,0.66,-0.37,-0.66
2:14:16,0.69,-0.34,-0.66
2:14:16,0.75,-0.33,-0.61
2:14:16,0.75,-0.48,-0.56
2:14:16,0.72,-0.42,-0.57
2:14:17,0.71,-0.40,-0.58
2:14:17,0.72,-0.45,-0.57
2:14:17,0.71,-0.45,-0.60
2:14:17,0.72,-0.43,-0.60
2:14:17,0.70,-0.44,-0.60
2:14:17,0.72,-0.45,-0.61
2:14:17,0.71,-0.44,-0.62
2:14:17,0.70,-0.45,-0.61
2:14:17,0.69,-0.46,-0.60
2:14:17,0.70,-0.45,-0.61
2:14:18,0.70,-0.44,-0.61
2:14:18,0.71,-0.42,-0.62
2:14:18,0.71,-0.43,-0.61
2:14:18,0.71,-0.44,-0.61
2:14:33,0.26,-0.96,-0.26
2:14:33,0.26,-0.97,-0.26
2:14:33,0.28,-0.96,-0.25
2:14:33,0.29,-0.97,-0.27
2:14:34,0.29,-0.95,-0.29
2:14:34,0.29,-0.95,-0.27
2:14:34,0.31,-0.95,-0.27
2:14:34,0.28,-0.97,-0.28
2:14:34,0.29,-0.96,-0.27
2:14:34,0.31,-0.90,-0.24
2:14:34,0.33,-0.93,-0.26
2:14:34,0.24,-0.97,-0.28
2:14:34,0.25,-1.00,-0.30
2:14:34,0.23,-0.93,-0.29
2:14:35,0.26,-0.98,-0.25
2:14:35,0.24,-0.99,-0.31
2:14:35,0.20,-1.00,-0.34
2:14:35,-0.04,-1.20,-0.32
2:14:35,0.49,-0.95,-0.18
2:14:37,-0.12,-0.79,-0.33
2:14:37,-0.04,-0.93,-0.41
2:14:37,-0.05,-1.03,-0.50
2:14:37,0.02,-0.93,-0.41
2:14:37,0.02,-0.95,-0.36
2:14:37,-0.01,-0.92,-0.37
2:14:37,0.00,-0.96,-0.37
2:14:37,-0.15,-1.10,-0.35
2:14:38,0.02,-0.98,-0.30
2:14:38,0.01,-0.97,-0.28
2:14:38,0.04,-1.06,-0.24
2:14:38,0.08,-0.92,-0.36
2:14:38,0.06,-0.99,-0.28
2:14:38,0.50,-0.63,-0.51
2:14:38,-0.03,-1.08,-0.21
2:14:38,-0.06,-0.98,-0.17
2:14:38,-0.04,-0.99,-0.10
2:14:38,-0.02,-1.09,-0.07
2:14:39,-0.04,-1.04,-0.11
2:14:39,-0.04,-1.04,-0.12
2:14:39,-0.04,-1.02,-0.12
2:14:39,-0.05,-1.02,-0.14
2:14:39,-0.01,-1.02,-0.13
2:14:39,-0.03,-1.03,-0.14
2:14:39,0.00,-1.06,-0.19
2:14:39,-0.04,-1.02,-0.17
2:14:39,-0.04,-1.02,-0.17
2:14:39,-0.04,-1.02,-0.15
2:14:40,-0.04,-1.02,-0.17
2:14:40,-0.07,-1.01,-0.16
2:14:40,-0.04,-1.02,-0.19
2:14:40,-0.00,-0.98,-0.23
2:14:40,-0.04,-1.02,-0.19
2:14:40,-0.06,-1.01,-0.20
2:14:40,-0.05,-1.01,-0.19
2:14:40,-0.05,-1.01,-0.19
2:14:43,-0.04,-1.03,0.02
2:14:43,-0.06,-1.03,0.03
2:14:43,-0.06,-1.03,-0.01
2:14:44,-0.08,-1.03,0.01
2:14:44,-0.10,-1.02,-0.00
2:14:44,-0.09,-1.03,-0.01
2:14:44,-0.10,-1.01,0.00
2:14:44,-0.13,-1.01,-0.02
2:14:44,-0.12,-1.01,-0.01
2:14:44,-0.18,-1.02,0.02
2:14:44,-0.18,-1.00,0.01
2:14:44,-0.20,-1.02,0.03
2:14:44,-0.19,-1.02,0.01
2:14:45,-0.00,-0.80,-0.20
2:14:45,-0.22,-1.01,0.04
2:14:45,-0.25,-1.06,0.07
2:14:45,-0.26,-0.98,0.04
2:14:45,-0.22,-0.80,-0.02
2:14:45,-0.15,-1.03,0.09
2:14:50,0.03,-1.07,-0.01
2:14:50,0.02,-1.05,-0.00
2:14:50,-0.05,-0.99,0.04
2:14:50,0.03,-1.05,-0.02
2:14:50,-0.02,-1.09,0.04
2:14:50,-0.48,-1.37,0.35
2:14:50,-0.08,-1.00,0.10
2:14:51,-0.44,-0.88,0.35
2:14:51,-0.60,-0.59,0.51
2:14:51,-0.54,-0.58,0.51
2:14:51,-0.46,-0.75,0.52
2:14:51,-0.65,-0.81,0.37
2:14:51,-0.36,-0.90,0.35
2:14:51,-0.37,-0.88,0.36
2:14:51,-0.39,-0.88,0.36
2:14:51,-0.38,-0.90,0.36
2:14:51,-0.38,-0.88,0.37
2:14:52,-0.30,-0.90,0.37
2:14:52,-0.33,-0.90,0.36
2:14:52,-0.33,-0.91,0.38
2:14:52,-0.26,-0.79,0.35
2:14:52,-0.38,-0.99,0.34
2:14:52,-0.46,-0.63,0.57
2:14:52,-0.23,-1.10,0.24
2:14:52,-0.20,-0.98,0.28
2:14:52,-0.15,-0.97,0.35
2:14:52,-0.18,-0.94,0.37
2:14:53,-0.21,-0.94,0.49
2:14:53,-0.19,-0.97,0.55
2:14:53,-0.09,-0.71,0.63
2:14:54,-0.16,-0.74,0.51
2:14:54,-0.20,-0.86,0.59
2:14:54,-0.16,-0.82,0.49
2:14:55,-0.24,-0.82,0.32
2:14:55,-0.29,-1.05,0.38
2:14:55,-0.21,-0.95,0.29
2:14:55,-0.21,-1.03,0.45
2:14:55,-0.13,-0.98,0.35
2:14:55,-0.23,-0.91,0.33
2:14:55,-0.18,-0.70,-0.30
2:14:55,0.05,-1.02,0.16
2:14:55,-0.16,-0.93,0.22
2:14:55,-0.18,-0.94,0.21
2:14:56,-0.05,-1.04,0.32
2:14:56,-0.36,-0.85,0.15
2:14:56,-0.02,-1.15,0.24
2:14:56,-0.12,-1.18,0.33
2:14:56,-0.45,-0.66,0.12
2:14:56,0.02,-1.05,0.19
2:14:56,-0.28,-1.23,0.41
2:14:56,-0.34,-0.85,0.25
2:14:56,-0.15,-1.15,0.27
2:14:56,-0.07,-1.03,0.26
2:14:57,-0.22,-0.99,0.26
2:14:57,-0.35,-0.84,0.32
2:14:57,-0.42,-0.85,0.30
2:14:57,-0.04,-1.03,0.25
2:14:57,-0.17,-0.95,0.22
2:14:57,-0.12,-1.13,0.01
2:14:57,-0.36,-0.93,0.16
2:14:57,-0.17,-1.01,0.14
2:14:57,-0.23,-1.03,0.23
2:14:57,-0.26,-0.95,0.26
2:14:58,-0.27,-1.08,0.08
2:14:58,-0.35,-0.91,0.19
2:14:58,-0.07,-0.96,0.75
2:14:58,-0.16,-1.01,0.25
2:14:58,-0.26,-0.96,0.26
2:14:58,-0.25,-0.96,0.24
2:14:58,-0.33,-0.92,0.16
2:14:58,-0.27,-1.02,0.18
2:14:58,-0.25,-0.79,0.17
2:14:58,-0.27,-0.94,0.20
2:14:59,-0.27,-0.94,0.25
2:53:34,-0.76,-0.59,-0.27
2:53:34,-0.77,-0.56,-0.26
2:53:34,-0.77,-0.56,-0.24
2:53:34,-0.74,-0.55,-0.25
2:53:35,-0.84,-0.60,-0.25
2:53:35,-0.65,-0.50,-0.39
2:53:35,-0.81,-0.44,-0.43
2:53:35,-0.80,-0.39,-0.42
2:53:35,-0.82,-0.38,-0.41
2:53:35,-0.77,-0.42,-0.40
2:53:35,-0.79,-0.41,-0.42
2:53:35,-0.81,-0.40,-0.39
2:53:35,-0.83,-0.40,-0.40
2:53:35,-0.83,-0.40,-0.38
2:53:36,-0.79,-0.37,-0.40
2:53:36,-0.83,-0.37,-0.39
2:53:36,-0.82,-0.37,-0.39
2:53:36,-0.82,-0.42,-0.39
2:53:36,-0.81,-0.39,-0.40
2:54:46,-0.96,0.31,-0.01
2:54:46,-0.96,0.32,0.00
2:54:47,-0.89,0.36,-0.31
2:54:47,-0.85,0.25,-0.24
2:54:47,-0.81,0.06,-0.27
2:54:47,-0.92,0.19,-0.27
2:54:47,-0.91,0.17,-0.25
2:54:47,-0.89,0.24,-0.23
2:54:47,-0.92,0.21,-0.25
2:54:47,-0.95,0.17,-0.23
2:54:47,-0.95,0.13,-0.23
2:54:47,-0.95,0.10,-0.21
2:54:48,-0.95,0.14,-0.19
2:54:48,-0.94,0.17,-0.21
2:54:48,-0.94,0.13,-0.18
2:54:48,-0.94,0.15,-0.19
2:54:48,-0.93,0.14,-0.18
2:54:48,-0.95,0.16,-0.18
2:54:48,-0.94,0.14,-0.19
2:54:48,-0.95,0.14,-0.17
2:54:48,-0.94,0.14,-0.17
2:54:52,-0.61,-0.80,-0.17
2:54:52,-0.60,-0.80,-0.16
2:54:52,-0.56,-0.80,-0.14
2:54:52,-0.57,-0.79,-0.15
2:54:53,-1.89,-0.87,2.00
2:54:53,-0.58,-0.50,-0.29
2:54:53,-0.77,-0.58,-0.32
2:54:53,-0.54,-0.72,-0.08
2:54:53,-0.30,-0.73,0.09
2:54:53,-0.58,-0.79,0.33
2:54:53,-0.53,-0.81,0.29
2:54:53,-0.51,-0.85,0.32
2:54:53,-0.53,-0.84,0.23
2:54:53,-0.52,-0.81,0.12
2:54:54,-0.55,-0.86,0.04
2:54:54,-0.57,-0.81,0.06
2:54:54,-0.61,-0.78,0.10
2:54:54,-0.51,-0.88,0.16
2:54:54,-0.46,-0.85,-0.07
2:54:54,-0.53,-0.86,0.10
2:54:54,-0.51,-0.88,0.04
2:54:54,-0.56,-0.83,0.03
2:54:54,-0.51,-0.83,-0.02
2:54:54,-0.55,-0.86,0.01
2:54:55,-0.64,-0.75,0.09
2:54:55,-0.57,-0.87,0.01
2:54:55,-0.51,-0.91,0.03
2:54:55,-0.54,-0.87,0.01
2:54:55,-0.57,-0.77,0.08
2:54:55,-0.65,-0.90,-0.13
3:21:57,-0.92,-0.06,-0.31
3:21:57,-0.90,-0.05,-0.35
3:21:57,-0.91,-0.04,-0.32
3:21:58,-0.91,-0.05,-0.32
3:21:58,-0.92,-0.04,-0.34
3:21:58,-0.93,-0.03,-0.33
3:21:58,-0.91,-0.04,-0.35
3:21:58,-0.89,-0.05,-0.36
3:21:58,-0.95,-0.04,-0.33
3:21:58,-0.92,-0.04,-0.34
3:21:58,-0.92,-0.03,-0.33
3:21:58,-0.92,-0.04,-0.33
3:21:58,-0.90,-0.04,-0.34
3:21:59,-0.90,-0.03,-0.34
3:21:59,-0.92,-0.03,-0.34
3:21:59,-0.92,-0.02,-0.35
3:21:59,-0.90,-0.04,-0.35
3:21:59,-0.94,-0.04,-0.34
3:21:59,-0.88,-0.01,-0.35
3:22:1,-1.80,-1.70,0.17
3:22:1,-0.87,-0.79,-0.20
3:22:1,-0.97,-0.16,0.06
3:22:1,-0.98,-0.06,0.03
3:22:1,-0.99,0.06,0.04
3:22:1,-0.74,-0.06,-0.10
3:22:1,-0.79,0.49,-0.25
3:22:1,-0.81,0.50,-0.24
3:22:1,-0.80,0.48,-0.24
3:22:2,-0.80,0.48,-0.24
3:22:2,-0.81,0.48,-0.24
3:22:2,-0.81,0.47,-0.24
3:22:2,-0.81,0.54,-0.18
3:22:2,-0.71,0.10,0.27
3:22:2,-0.79,0.51,-0.06
3:22:2,-0.82,0.54,-0.04
3:22:2,-0.68,0.56,-0.03
3:22:2,-0.76,0.97,-0.44
3:22:2,-0.49,0.79,-0.21
3:22:3,-0.50,0.81,-0.22
3:22:3,-0.50,0.79,-0.21
3:22:3,-0.52,0.79,-0.24
3:22:3,-0.50,0.79,-0.22
3:22:3,-0.49,0.78,-0.21
3:22:3,-0.51,0.79,-0.22
3:22:3,-0.52,0.79,-0.23
3:22:3,-0.53,0.80,-0.23
3:22:3,-0.27,0.66,-0.15
3:22:3,-0.52,0.70,-0.34
3:22:4,-0.50,0.83,-0.17
3:22:4,-0.42,0.77,-0.17
3:22:4,-0.23,0.88,-0.31
3:22:4,-0.20,0.97,-0.23
3:22:4,-0.23,0.90,-0.26
3:22:4,-0.23,0.91,-0.24
3:22:4,-0.23,0.91,-0.24
3:22:4,-0.22,0.90,-0.26
3:22:4,-0.23,0.91,-0.25
3:22:4,-0.23,0.90,-0.25
3:22:5,-0.23,0.90,-0.24
3:22:5,-0.23,0.90,-0.25
3:22:5,-0.23,0.90,-0.25
3:22:5,-0.23,0.90,-0.26
3:22:5,-0.24,0.89,-0.24
3:22:5,-0.23,0.89,-0.25
3:22:5,-0.23,0.90,-0.25
3:22:5,-0.22,0.90,-0.25
3:22:5,-0.23,0.90,-0.24
3:22:5,-0.23,0.90,-0.25
3:22:6,-0.23,0.90,-0.25
3:22:6,-0.23,0.90,-0.25
3:22:6,-0.22,0.90,-0.25
3:22:8,-0.19,0.91,-0.26
3:22:8,-0.21,0.91,-0.27
3:22:8,-0.19,0.92,-0.30
3:22:8,-0.20,0.91,-0.25
3:22:8,-0.25,0.88,-0.24
3:22:8,-0.18,0.93,-0.25
3:22:9,-0.19,0.91,-0.26
3:22:9,-0.21,0.92,-0.23
3:22:9,-0.19,0.96,-0.21
3:22:9,-0.21,0.91,-0.27
3:22:9,-0.21,0.91,-0.26
3:22:9,-0.21,0.91,-0.26
3:22:9,-0.21,0.91,-0.27
3:22:9,-0.21,0.91,-0.25
3:22:9,-0.21,0.90,-0.26
3:22:9,-0.21,0.90,-0.26
3:22:10,-0.21,0.90,-0.28
3:22:10,-0.19,0.91,-0.27
3:22:10,-0.24,0.90,-0.26
3:22:21,-0.73,-0.22,-0.66
3:22:21,-0.50,-0.59,-0.54
3:22:21,-0.75,-0.20,-0.78
3:22:22,-0.41,-0.37,-0.68
3:22:22,-0.57,-0.48,-0.80
3:22:22,-1.01,-0.64,-0.20
3:22:22,-0.68,-0.40,-0.67
3:22:22,-0.58,-0.42,-0.61
3:22:22,-0.56,-0.45,-0.68
3:22:22,-0.57,-0.45,-0.70
3:22:22,-0.59,-0.38,-0.72
3:22:22,-0.58,-0.41,-0.71
3:22:22,-0.57,-0.37,-0.74
3:22:23,-0.56,-0.38,-0.74
3:22:23,-0.55,-0.38,-0.75
3:22:23,-0.63,-0.35,-0.68
3:22:23,-0.54,-0.42,-0.61
3:22:23,-1.29,-0.17,-0.57
3:22:23,-0.75,-0.12,-0.63
3:22:29,0.44,0.79,-0.38
3:22:29,0.43,0.80,-0.41
3:22:29,0.43,0.78,-0.41
3:22:30,0.42,0.79,-0.39
3:22:30,0.42,0.79,-0.40
3:22:30,0.42,0.79,-0.39
3:22:30,0.43,0.82,-0.40
3:22:30,0.43,0.79,-0.41
3:22:30,0.43,0.79,-0.41
3:22:30,0.43,0.79,-0.40
3:22:30,0.42,0.80,-0.40
3:22:30,0.42,0.78,-0.42
3:22:30,0.44,0.80,-0.40
3:22:31,0.43,0.79,-0.38
3:22:31,0.44,0.80,-0.39
3:22:31,0.42,0.79,-0.39
3:22:31,0.44,0.79,-0.38
3:22:31,0.45,0.82,-0.38
3:22:31,0.41,0.81,-0.38
3:22:39,0.33,0.92,-0.04
3:22:39,0.33,0.91,-0.03
3:22:39,0.32,0.93,-0.03
3:22:39,0.31,0.90,-0.04
3:22:39,0.32,0.91,-0.03
3:22:39,0.33,0.92,-0.02
3:22:39,0.36,0.95,0.01
3:22:39,0.22,0.99,-0.15
3:22:40,0.31,0.78,-0.25
3:22:40,0.23,0.84,-0.33
3:22:40,0.21,0.91,-0.24
3:22:40,0.23,0.90,-0.18
3:22:40,0.24,0.88,-0.21
3:22:40,0.39,0.85,-0.17
3:22:40,0.14,0.61,0.04
3:22:40,0.77,0.60,0.35
3:22:40,0.75,0.53,0.42
3:22:40,0.68,0.69,0.39
3:22:41,0.77,0.56,0.32
3:22:41,0.40,1.07,0.06
3:22:41,0.45,0.74,0.30
3:22:41,0.59,0.52,0.08
3:22:41,0.91,0.56,-0.04
3:22:41,0.81,0.55,0.06
3:22:41,0.89,0.51,-0.02
3:22:41,0.90,0.53,-0.09
3:22:41,0.79,0.78,-0.09
3:22:41,0.91,0.54,-0.11
3:22:42,0.77,0.41,-0.20
3:22:42,1.00,0.33,0.12
3:22:42,0.89,0.44,-0.08
3:22:42,0.71,0.83,-0.21
3:22:42,0.79,0.57,-0.18
3:22:42,0.77,0.63,-0.19
3:22:42,0.79,0.63,-0.18
3:22:42,0.69,0.67,-0.15
3:22:42,0.73,0.67,-0.15
3:22:42,0.67,0.71,-0.17
3:22:43,0.67,0.71,-0.17
3:22:43,0.66,0.72,-0.16
3:22:43,0.66,0.73,-0.16
3:22:43,0.66,0.72,-0.14
3:22:43,0.67,0.72,-0.15
3:22:43,0.63,0.73,-0.15
3:22:43,0.67,0.72,-0.16
3:22:43,0.64,0.74,-0.19
3:22:43,0.63,0.74,-0.19
3:22:51,0.93,0.21,-0.35
3:22:51,0.92,0.21,-0.36
3:22:51,0.93,0.21,-0.34
3:22:52,0.92,0.22,-0.34
3:22:52,0.94,0.22,-0.34
3:22:52,0.93,0.22,-0.35
3:22:52,0.92,0.22,-0.35
3:22:52,0.93,0.22,-0.35
3:22:52,0.93,0.22,-0.35
3:22:52,0.93,0.22,-0.33
3:22:52,0.93,0.22,-0.34
3:22:52,0.93,0.24,-0.32
3:22:52,0.95,0.27,-0.31
3:22:53,1.04,0.02,-0.24
3:22:53,0.90,0.08,-0.46
3:22:53,0.91,0.09,-0.45
3:22:53,0.93,0.08,-0.44
3:22:53,0.90,0.09,-0.44
3:22:53,0.91,0.09,-0.44
3:22:56,0.65,-0.02,-0.70
3:22:56,0.64,-0.10,-0.79
3:22:56,0.49,-0.03,-0.98
3:22:56,0.37,-0.16,-0.86
3:22:56,0.43,-0.10,-0.89
3:22:56,0.56,-0.22,-0.62
3:22:56,0.51,-0.19,-0.74
3:22:56,0.58,-0.15,-0.82
3:22:56,0.53,-0.15,-0.80
3:22:56,0.89,-0.14,-0.82
3:22:57,0.61,-0.27,-0.79
3:22:57,0.53,-0.13,-0.85
3:22:57,0.97,0.21,-0.62
3:22:57,0.50,-0.39,-0.68
3:22:57,0.59,-0.21,-0.77
3:22:57,0.60,-0.14,-0.78
3:22:57,0.62,-0.15,-0.79
3:22:57,0.63,-0.15,-0.80
3:22:57,0.56,-0.14,-0.95
4:25:6,0.60,0.44,-0.67
4:25:6,0.59,0.44,-0.67
4:25:6,0.58,0.46,-0.66
4:25:6,0.58,0.45,-0.68
4:25:6,0.60,0.44,-0.68
4:25:7,0.58,0.44,-0.66
4:25:7,0.60,0.46,-0.66
4:25:7,0.59,0.45,-0.68
4:25:7,0.58,0.45,-0.66
4:25:7,0.57,0.45,-0.66
4:25:7,0.58,0.46,-0.66
4:25:7,0.59,0.45,-0.68
4:25:7,0.59,0.45,-0.66
4:25:7,0.59,0.45,-0.66
4:25:7,0.58,0.45,-0.67
4:25:8,0.58,0.45,-0.67
4:25:8,0.58,0.45,-0.65
4:25:8,0.58,0.45,-0.67
4:25:8,0.58,0.45,-0.67
4:25:21,0.83,0.47,-0.29
4:25:21,0.82,0.48,-0.28
4:25:21,0.82,0.44,-0.31
4:25:21,0.64,0.58,-0.25
4:25:21,0.98,0.54,-0.19
4:25:21,0.89,0.44,-0.25
4:25:21,0.37,0.69,-0.58
4:25:21,0.38,0.53,-0.86
4:25:21,0.24,0.50,-0.92
4:25:21,0.41,0.58,-1.02
4:25:22,0.13,0.32,-0.95
4:25:22,0.40,0.06,-1.10
4:25:22,-0.10,-0.19,-0.81
4:25:22,-0.65,-0.04,-0.72
4:25:22,-0.98,0.03,-0.59
4:25:22,-0.66,-0.55,-0.54
4:25:22,-0.60,-0.31,-0.61
4:25:22,-0.76,-0.57,-0.43
4:25:22,-0.65,-0.39,-0.49
4:25:22,-0.72,-0.45,-0.53
4:25:23,-0.74,-0.46,-0.53
4:25:23,-0.51,-0.53,-0.68
4:25:23,-0.65,-0.39,-0.65
4:25:23,-0.64,-0.38,-0.66
4:25:23,-0.64,-0.39,-0.65
4:25:23,-0.65,-0.39,-0.65
4:25:23,-0.65,-0.38,-0.64
4:25:31,-0.56,-0.64,0.64
4:25:31,-0.60,-0.46,0.63
4:25:31,-0.63,-0.56,0.64
4:25:32,-0.36,-0.54,0.71
4:25:32,-0.44,-0.49,0.65
4:25:32,-0.50,-0.46,0.58
4:25:32,-0.48,-0.56,0.71
4:25:32,-0.51,-0.51,0.70
4:25:32,-0.55,-0.50,0.67
4:25:32,-0.40,-0.60,0.71
4:25:32,-0.24,-0.94,0.89
4:25:32,-0.54,-0.66,0.46
4:25:32,-0.59,-0.77,0.45
4:25:33,-0.56,-0.56,0.29
4:25:33,-0.55,-0.77,0.31
4:25:33,-0.51,-0.88,0.28
4:25:33,-0.52,-0.82,0.31
4:25:33,-0.50,-0.83,0.26
4:25:33,-0.51,-0.86,0.23
4:25:33,-0.51,-0.85,0.25
4:25:33,-0.49,-0.86,0.24
4:25:33,-0.50,-0.87,0.24
4:25:33,-0.49,-0.87,0.21
4:25:34,-0.48,-0.87,0.23
4:25:34,-0.50,-0.88,0.23
4:25:34,-0.49,-0.86,0.24
4:25:34,-0.49,-0.86,0.24
4:25:34,-0.50,-0.86,0.24
4:25:34,-0.50,-0.86,0.24
4:25:34,-0.49,-0.86,0.23
4:25:34,-0.49,-0.86,0.25
4:25:34,-0.50,-0.87,0.25
4:25:34,-0.50,-0.86,0.23
4:25:35,-0.53,-0.86,0.21
4:25:35,-0.50,-0.86,0.24
4:25:35,-0.49,-0.86,0.23
4:25:35,-0.49,-0.87,0.23
4:25:35,-0.49,-0.87,0.23
4:25:38,0.85,-0.53,-0.28
4:25:38,0.84,-0.52,-0.32
4:25:38,0.85,-0.53,-0.37
4:25:38,0.80,-0.54,-0.32
4:25:38,1.14,0.03,0.05
4:25:38,0.95,-0.69,0.20
4:25:38,0.83,0.02,0.13
4:25:39,0.47,-0.21,-0.32
4:25:39,0.77,-0.69,-0.22
4:25:39,0.76,-0.69,-0.23
4:25:39,0.75,-0.73,-0.23
4:25:39,0.73,-0.70,-0.23
4:25:39,0.73,-0.71,-0.22
4:25:39,0.72,-0.70,-0.22
4:25:39,0.73,-0.70,-0.21
4:25:39,0.70,-0.73,-0.23
4:25:39,0.72,-0.73,-0.23
4:25:40,0.71,-0.74,-0.18
4:25:40,0.71,-0.70,-0.26
4:25:40,0.72,-0.75,-0.21
4:25:40,0.71,-0.75,-0.17
4:25:40,0.71,-0.75,-0.19
4:25:40,0.70,-0.75,-0.17
4:25:40,0.75,-0.70,-0.21
4:25:40,0.77,-0.61,-0.19
4:25:40,0.76,-0.67,-0.22
4:25:40,0.74,-0.69,-0.22
4:25:45,0.71,-0.69,-0.36
4:25:45,0.70,-0.68,-0.34
4:25:45,0.71,-0.68,-0.34
4:25:45,0.71,-0.69,-0.35
4:25:45,0.71,-0.69,-0.32
4:25:46,0.71,-0.69,-0.32
4:25:46,0.72,-0.68,-0.34
4:25:46,0.71,-0.70,-0.33
4:25:46,0.70,-0.69,-0.32
4:25:46,0.71,-0.69,-0.33
4:25:46,0.73,-0.69,-0.33
4:25:46,0.71,-0.69,-0.31
4:25:46,0.71,-0.68,-0.31
4:25:46,0.70,-0.69,-0.32
4:25:46,0.73,-0.68,-0.31
4:25:47,0.72,-0.71,-0.28
4:25:47,0.72,-0.68,-0.29
4:25:47,0.80,-0.55,-0.29
4:25:47,0.55,-0.49,-0.67
4:26:7,-0.01,-1.00,-0.23
4:26:7,-0.00,-1.01,-0.23
4:26:7,0.00,-1.01,-0.24
4:26:7,-0.01,-1.02,-0.22
4:26:7,-0.01,-1.01,-0.24
4:26:7,-0.01,-1.00,-0.23
4:26:7,-0.02,-1.01,-0.24
4:26:7,-0.00,-1.01,-0.24
4:26:7,-0.01,-1.00,-0.24
4:26:7,-0.00,-1.01,-0.25
4:26:8,-0.02,-1.00,-0.25
4:26:8,0.00,-1.01,-0.25
4:26:8,-0.01,-0.99,-0.24
4:26:8,-0.03,-1.01,-0.24
4:26:8,-0.05,-1.03,-0.31
4:26:8,-0.15,-1.01,-0.20
4:26:8,-0.02,-0.98,-0.24
4:26:8,0.22,-0.98,-0.25
4:26:8,-0.04,-1.01,-0.26
4:26:12,-0.06,-1.00,-0.31
4:26:12,-0.15,-1.01,-0.39
4:26:13,-0.25,-1.01,-0.25
4:26:13,-0.13,-1.02,-0.26
4:26:13,-0.10,-0.98,-0.29
4:26:13,-0.06,-0.99,-0.32
4:26:13,-0.02,-1.00,-0.32
4:26:13,-0.01,-1.00,-0.34
4:26:13,0.01,-0.98,-0.36
4:26:13,0.03,-0.96,-0.37
4:26:13,0.02,-0.96,-0.37
4:26:13,0.03,-0.97,-0.38
4:26:14,0.01,-0.97,-0.37
4:26:14,-0.01,-0.98,-0.33
4:26:14,0.03,-0.97,-0.35
4:26:14,0.01,-0.98,-0.35
4:26:14,0.01,-0.96,-0.36
4:26:14,0.01,-0.97,-0.36
4:26:14,0.01,-0.97,-0.34
5:24:25,-0.04,-0.83,-0.60
5:24:25,-0.05,-0.83,-0.60
5:24:25,-0.04,-0.84,-0.60
5:24:25,-0.03,-0.84,-0.59
5:24:25,-0.04,-0.85,-0.59
5:24:25,-0.05,-0.80,-0.55
5:24:25,-0.04,-0.84,-0.59
5:24:25,-0.06,-0.83,-0.59
5:24:25,-0.04,-0.83,-0.59
5:24:25,-0.05,-0.83,-0.60
5:24:26,0.29,-0.85,-0.65
5:24:26,0.48,-0.72,-0.68
5:24:26,0.37,-0.72,-0.67
5:24:26,0.47,-0.72,-0.71
5:24:26,0.05,-0.88,-0.79
5:24:26,0.47,-0.09,-0.54
5:24:26,0.54,-0.99,-1.01
5:24:26,0.35,-0.83,-0.52
5:24:26,0.32,-0.88,-0.48
5:24:26,0.27,-0.78,-0.56
5:24:27,0.30,-0.83,-0.54
5:24:27,0.31,-0.81,-0.52
5:24:27,0.32,-0.83,-0.52
5:24:27,0.31,-0.83,-0.52
5:24:27,0.32,-0.84,-0.53
5:24:27,0.31,-0.83,-0.55
5:24:27,0.32,-0.83,-0.53
5:24:27,0.31,-0.84,-0.54
5:24:27,0.30,-0.83,-0.53
5:24:27,0.32,-0.83,-0.54
5:24:28,0.31,-0.83,-0.54
5:24:28,0.31,-0.84,-0.52
5:24:28,0.31,-0.83,-0.53
5:24:28,0.31,-0.83,-0.53
5:24:28,0.31,-0.83,-0.52
5:24:28,0.31,-0.83,-0.53
5:24:28,0.32,-0.84,-0.53
5:24:28,0.31,-0.83,-0.53
5:24:33,0.24,-0.88,-0.49
5:24:33,0.24,-0.88,-0.49
5:24:33,0.24,-0.87,-0.49
5:24:33,0.25,-0.96,-0.50
5:24:33,0.24,-0.87,-0.50
5:24:33,0.24,-0.89,-0.48
5:24:34,0.24,-0.88,-0.48
5:24:34,0.24,-0.88,-0.48
5:24:34,0.24,-0.88,-0.47
5:24:34,0.25,-0.88,-0.50
5:24:34,0.23,-0.87,-0.50
5:24:34,0.24,-0.87,-0.51
5:24:34,0.24,-0.88,-0.50
5:24:34,0.23,-0.87,-0.50
5:24:34,0.23,-0.88,-0.49
5:24:34,0.24,-0.88,-0.49
5:24:35,0.24,-0.88,-0.48
5:24:35,0.24,-0.87,-0.50
5:24:35,0.24,-0.87,-0.48
5:24:46,0.03,-1.00,0.18
5:24:46,-0.03,-1.03,0.18
5:24:46,-0.05,-1.04,0.17
5:24:46,-0.00,-1.01,0.20
5:24:46,-0.01,-1.01,0.18
5:24:46,-0.00,-0.99,0.18
5:24:46,0.00,-1.01,0.18
5:24:46,0.04,-1.00,0.22
5:24:47,-0.07,-0.98,0.20
5:24:47,0.01,-1.01,0.18
5:24:47,0.03,-1.01,0.20
5:24:47,0.14,-0.94,0.13
5:24:47,0.19,-0.92,0.15
5:24:47,-0.03,-0.98,0.11
5:24:47,0.04,-1.01,0.13
5:24:47,0.05,-1.03,0.12
5:24:47,0.02,-1.03,0.13
5:24:47,0.04,-1.02,0.15
5:24:48,0.06,-1.02,0.12
5:24:51,0.11,-0.98,-0.18
5:24:51,0.38,-1.61,0.23
5:24:51,0.18,-1.07,-0.22
5:24:51,0.06,-0.88,-0.08
5:24:51,0.07,-1.09,0.02
5:24:51,0.12,-1.03,0.16
5:24:51,0.15,-1.07,0.11
5:24:51,0.21,-0.94,0.13
5:24:51,0.11,-1.00,0.10
5:24:52,0.09,-0.99,0.08
5:24:52,0.08,-1.04,0.02
5:24:52,-0.59,-1.27,2.00
5:24:52,0.04,-1.01,0.06
5:24:52,-0.02,-1.01,0.07
5:24:52,-0.13,-1.02,-0.03
5:24:52,-0.09,-1.07,-0.06
5:24:52,0.14,-0.99,-0.08
5:24:52,-0.02,-1.02,-0.06
5:24:52,-0.19,-0.80,0.28
6:44:44,-0.81,-0.51,-0.35
6:44:44,-0.82,-0.50,-0.36
6:44:44,-0.80,-0.47,-0.34
6:44:44,-0.79,-0.48,-0.36
6:44:44,-0.82,-0.48,-0.34
6:44:44,-0.80,-0.48,-0.35
6:44:44,-0.80,-0.48,-0.37
6:44:44,-0.80,-0.47,-0.34
6:44:45,-0.79,-0.48,-0.35
6:44:45,-0.81,-0.48,-0.36
6:44:45,-0.80,-0.50,-0.37
6:44:45,-0.80,-0.49,-0.35
6:44:45,-0.81,-0.48,-0.34
6:44:45,-0.79,-0.46,-0.35
6:44:45,-0.83,-0.49,-0.36
6:44:45,-0.67,-0.28,-0.55
6:44:45,-0.81,-0.15,-0.45
6:44:45,-0.86,-0.11,-0.52
6:44:46,-0.85,-0.01,-0.56
6:44:47,-0.51,0.83,-0.24
6:44:47,-0.46,0.69,-0.33
6:44:47,-0.60,0.86,-0.29
6:44:47,-0.55,0.69,-0.34
6:44:47,-0.74,0.44,-0.47
6:44:48,-0.70,0.38,-0.55
6:44:48,-0.79,0.12,-0.59
6:44:48,-0.80,-0.22,-0.53
6:44:48,-1.02,-0.77,-0.24
6:44:48,-0.71,-0.62,-0.10
6:44:48,-0.80,-0.54,-0.12
6:44:48,-0.61,-0.68,0.00
6:44:48,-0.80,-0.70,-0.02
6:44:48,-0.94,-0.61,0.12
6:44:48,-0.80,-0.62,0.03
6:44:49,-0.79,-0.58,0.04
6:44:49,-0.80,-0.62,0.02
6:44:49,-0.79,-0.62,0.01
6:44:49,-0.80,-0.62,0.01
6:44:49,-0.79,-0.62,-0.01
6:44:49,-0.78,-0.63,-0.02
6:44:49,-0.74,-0.65,-0.33
6:44:49,-0.80,-0.48,-0.02
6:44:49,-0.85,-0.50,-0.01
6:44:49,-0.85,-0.52,0.02
6:44:50,-0.88,-0.52,-0.03
6:44:50,-0.86,-0.50,-0.00
6:45:11,-0.91,-0.47,0.11
6:45:11,-0.94,-0.20,0.10
6:45:11,-0.71,-0.03,0.34
6:45:11,-0.42,0.49,0.46
6:45:11,-0.54,0.13,-0.04
6:45:12,-0.94,0.32,0.01
6:45:12,-0.94,0.37,-0.00
6:45:12,-0.90,0.37,0.02
6:45:12,-0.98,0.36,0.04
6:45:12,-0.90,0.35,0.01
6:45:12,-0.91,0.36,0.01
6:45:12,-0.90,0.35,0.01
6:45:12,-0.91,0.35,-0.00
6:45:12,-0.91,0.36,0.01
6:45:12,-0.90,0.35,0.00
6:45:13,-0.91,0.35,-0.00
6:45:13,-0.91,0.36,0.01
6:45:13,-0.89,0.35,-0.00
6:45:13,-0.91,0.35,0.01
6:45:13,-0.90,0.35,0.01
6:45:13,-0.91,0.36,0.02
6:45:13,-0.90,0.36,-0.00
6:45:13,-0.91,0.35,0.01
6:45:13,-0.90,0.36,0.00
6:45:23,-0.72,0.63,0.01
6:45:23,-0.73,0.63,0.01
6:45:24,-0.71,0.64,0.01
6:45:24,-0.72,0.65,0.02
6:45:24,-0.72,0.65,0.00
6:45:24,-0.70,0.66,0.01
6:45:24,-0.67,0.70,-0.01
6:45:24,-0.59,0.75,-0.01
6:45:24,-0.59,0.77,0.01
6:45:24,-0.58,0.74,-0.03
6:45:24,-0.54,0.79,0.05
6:45:24,-0.53,0.81,0.04
6:45:25,-0.52,0.81,0.02
6:45:25,-0.53,0.81,0.02
6:45:25,-0.53,0.81,0.02
6:45:25,-0.54,0.81,0.02
6:45:25,-0.51,0.82,0.02
6:45:25,-0.47,0.84,0.04
6:45:25,-0.47,0.85,0.05
6:45:28,0.03,0.97,0.10
6:45:28,-0.01,1.01,0.13
6:45:28,-0.05,0.96,0.10
6:45:28,-0.08,0.94,0.07
6:45:28,-0.06,0.96,0.11
6:45:28,-0.06,0.95,0.10
6:45:28,-0.05,0.98,0.12
6:45:28,-0.05,0.97,0.12
6:45:29,-0.06,0.98,0.12
6:45:29,-0.07,0.97,0.16
6:45:29,-0.06,0.96,0.12
6:45:29,-0.05,0.96,0.12
6:45:29,-0.08,0.92,0.12
6:45:29,-0.06,0.95,0.17
6:45:29,0.04,0.94,0.16
6:45:29,0.68,0.45,0.51
6:45:29,0.60,0.57,0.14
6:45:29,0.62,0.87,0.07
6:45:30,0.69,0.70,0.28
6:45:30,0.66,0.77,0.26
6:45:30,0.61,0.69,0.28
6:45:30,0.53,0.77,0.25
6:45:30,0.52,0.85,0.29
6:45:30,0.45,0.83,0.27
6:45:30,0.60,0.99,0.14
6:45:30,0.41,0.85,0.32
6:45:30,0.42,0.86,0.23
6:45:30,0.40,0.85,0.23
6:45:31,0.32,0.88,0.27
6:45:31,0.31,0.91,0.26
6:45:31,0.29,0.87,0.29
6:45:31,0.15,0.75,0.33
6:45:31,0.53,0.86,0.21
6:45:31,0.52,0.81,0.15
6:45:31,0.60,0.53,0.44
6:45:31,0.56,0.74,0.53
6:45:33,0.75,-0.39,0.62
6:45:33,0.83,-0.26,0.56
6:45:33,0.83,-0.30,0.51
6:45:33,0.89,-0.38,0.45
6:45:33,0.97,-0.20,0.43
6:45:33,0.86,-0.29,0.55
6:45:33,0.53,-0.79,1.00
6:45:33,0.43,-0.37,0.83
6:45:33,0.61,-0.40,0.72
6:45:34,0.69,-0.26,0.66
6:45:34,0.67,-0.37,0.65
6:45:34,0.66,-0.38,0.63
6:45:34,0.67,-0.57,0.57
6:45:34,0.75,-0.45,0.55
6:45:34,0.66,-0.37,0.60
6:45:34,0.79,-0.45,0.43
6:45:34,0.67,-0.58,0.55
6:45:34,0.77,-0.42,0.67
6:45:34,0.72,-0.44,0.39
7:36:10,0.19,-1.01,0.06
7:36:10,0.23,-1.03,0.12
7:36:10,0.04,-1.07,-0.07
7:36:10,-0.09,-0.98,0.14
7:36:10,0.18,-1.03,0.10
7:36:10,0.15,-1.01,0.05
7:36:10,0.19,-0.98,0.10
7:36:10,0.14,-1.02,0.10
7:36:10,0.16,-1.01,0.10
7:36:11,0.16,-1.02,0.14
7:36:11,0.27,-0.99,0.14
7:36:11,-0.00,-1.01,0.14
7:36:11,0.29,-0.87,0.12
7:36:11,0.12,-1.00,0.12
7:36:11,0.23,-1.01,0.19
7:36:11,0.19,-1.00,0.15
7:36:11,0.15,-1.02,0.13
7:36:11,0.19,-1.00,0.12
7:36:11,0.17,-1.02,0.17
8:3:2,-0.05,-1.01,-0.12
8:3:2,-0.12,-1.07,-0.15
8:3:2,-0.03,-1.03,-0.12
8:3:2,-0.12,-1.06,-0.36
8:3:2,-0.01,-0.96,-0.12
8:3:2,-0.01,-1.06,-0.06
8:3:2,0.06,-1.01,0.05
8:3:2,0.01,-1.04,-0.04
8:3:3,-0.15,-1.02,-0.04
8:3:3,-0.03,-1.02,-0.02
8:3:3,-0.05,-1.03,-0.03
8:3:3,-0.04,-1.04,-0.04
8:3:3,-0.03,-1.04,-0.04
8:3:3,-0.06,-1.03,-0.03
8:3:3,-0.05,-1.03,-0.04
8:3:3,-0.05,-1.03,-0.04
8:3:3,-0.07,-1.01,-0.01
8:3:3,-0.04,-1.04,-0.02
8:3:4,-0.06,-1.03,-0.03
8:26:20,-0.66,-0.73,-0.22
8:26:20,-0.62,-0.74,-0.21
8:26:20,-0.65,-0.74,-0.23
8:26:20,-0.65,-0.73,-0.22
8:26:20,-0.65,-0.74,-0.23
8:26:20,-0.65,-0.72,-0.22
8:26:20,-0.66,-0.73,-0.25
8:26:21,-0.66,-0.73,-0.24
8:26:21,-0.65,-0.74,-0.25
8:26:21,-0.65,-0.74,-0.23
8:26:21,-0.66,-0.73,-0.24
8:26:21,-0.65,-0.73,-0.25
8:26:21,-0.66,-0.74,-0.24
8:26:21,-0.65,-0.71,-0.25
8:26:21,-0.68,-0.71,-0.32
8:26:21,-0.65,-0.71,-0.25
8:26:21,-0.68,-0.70,-0.21
8:26:22,-0.68,-0.71,-0.25
8:26:22,-0.65,-0.68,-0.27
9:0:4,-0.87,-0.25,-0.39
9:0:4,-0.87,-0.25,-0.41
9:0:5,-0.87,-0.27,-0.39
9:0:5,-0.86,-0.25,-0.39
9:0:5,-0.87,-0.26,-0.40
9:0:5,-0.87,-0.26,-0.41
9:0:5,-0.86,-0.27,-0.42
9:0:5,-0.87,-0.25,-0.42
9:0:5,-0.87,-0.26,-0.40
9:0:5,-0.87,-0.26,-0.40
9:0:5,-0.86,-0.27,-0.39
9:0:5,-0.86,-0.26,-0.41
9:0:6,-0.86,-0.26,-0.40
9:0:6,-0.88,-0.26,-0.39
9:0:6,-0.86,-0.27,-0.40
9:0:6,-0.86,-0.28,-0.39
9:0:6,-0.87,-0.26,-0.39
9:0:6,-0.86,-0.26,-0.39
9:0:6,-0.86,-0.25,-0.41
9:0:31,-0.82,-0.31,-0.53
9:0:32,-0.79,-0.27,-0.50
9:0:32,-0.70,-0.51,-0.47
9:0:32,-0.83,-0.23,-0.42
9:0:32,-0.87,-0.26,-0.39
9:0:32,-0.87,-0.27,-0.36
9:0:32,-0.86,-0.28,-0.43
9:0:32,-0.82,-0.35,-0.39
9:0:32,-0.84,-0.29,-0.40
9:0:32,-0.86,-0.32,-0.42
9:0:32,-0.86,-0.47,-0.46
9:0:33,-0.78,-0.23,-0.37
9:0:33,-0.91,-0.22,-0.37
9:0:33,-0.87,-0.20,-0.42
9:0:33,-0.96,-0.20,-0.35
9:0:33,-0.98,-0.27,-0.29
9:0:33,-0.86,-0.25,-0.38
9:0:33,-0.95,-0.07,-0.19
9:0:33,-0.88,-0.29,-0.32
9:23:19,-0.99,-0.11,-0.09
9:23:19,-0.98,-0.10,-0.06
9:23:19,-0.98,-0.08,-0.04
9:23:19,-0.98,-0.08,-0.07
9:23:19,-0.97,-0.08,-0.06
9:23:19,-0.98,-0.08,-0.06
9:23:19,-0.98,-0.09,-0.07
9:23:19,-0.98,-0.08,-0.06
9:23:19,-0.97,-0.09,-0.06
9:23:19,-0.99,-0.08,-0.06
9:23:20,-0.96,-0.10,-0.08
9:23:20,-0.97,-0.08,-0.05
9:23:20,-0.98,-0.08,-0.07
9:23:20,-0.98,-0.09,-0.06
9:23:20,-0.98,-0.08,-0.06
9:23:20,-0.97,-0.08,-0.06
9:23:20,-0.97,-0.08,-0.07
9:23:20,-0.97,-0.09,-0.07
9:23:20,-0.98,-0.09,-0.05
9:23:28,-0.98,0.18,0.29
9:23:28,-0.88,-0.01,0.13
9:23:28,-0.90,0.17,0.13
9:23:28,-0.90,0.30,0.14
9:23:28,-0.96,0.17,0.14
9:23:28,-0.83,0.10,0.09
9:23:28,-0.93,0.23,0.17
9:23:29,-0.96,0.28,0.17
9:23:29,-0.94,0.20,0.14
9:23:29,-0.93,0.24,0.13
9:23:29,-0.97,0.27,0.15
9:23:29,-0.95,0.25,0.10
9:23:29,-0.95,0.25,0.10
9:23:29,-0.94,0.26,0.11
9:23:29,-0.94,0.25,0.12
9:23:29,-0.93,0.25,0.12
9:23:29,-0.94,0.26,0.10
9:23:30,-0.93,0.26,0.12
9:23:30,-0.93,0.27,0.10
9:23:37,-0.84,0.39,-0.32
9:23:37,-0.83,0.36,-0.33
9:23:37,-0.83,0.37,-0.32
9:23:37,-0.80,0.41,-0.34
9:23:38,-0.82,0.49,-0.27
9:23:38,-0.80,0.38,-0.39
9:23:38,-0.78,0.44,-0.38
9:23:38,-0.77,0.42,-0.38
9:23:38,-0.78,0.41,-0.39
9:23:38,-0.77,0.44,-0.38
9:23:38,-0.76,0.43,-0.38
9:23:38,-0.77,0.44,-0.39
9:23:38,-0.76,0.45,-0.38
9:23:38,-0.77,0.44,-0.39
9:23:39,-0.77,0.44,-0.39
9:23:39,-0.77,0.44,-0.39
9:23:39,-0.77,0.44,-0.39
9:23:39,-0.77,0.45,-0.39
9:23:39,-0.76,0.43,-0.39
9:33:9,-0.89,-0.34,-0.28
9:33:9,-0.91,-0.31,-0.26
9:33:9,-0.91,-0.34,-0.24
9:33:9,-0.89,-0.31,-0.31
9:33:9,-0.89,-0.37,-0.32
9:33:9,-0.92,-0.30,-0.27
9:33:9,-0.90,-0.29,-0.30
9:33:10,-0.95,-0.29,-0.27
9:33:10,-0.90,-0.25,-0.28
9:33:10,-0.90,-0.27,-0.27
9:33:10,-0.90,-0.31,-0.28
9:33:10,-0.90,-0.27,-0.23
9:33:10,-0.90,-0.48,-0.25
9:33:10,-0.93,-0.29,-0.07
9:33:10,-0.95,-0.33,-0.19
9:33:10,-0.92,-0.27,-0.23
9:33:10,-0.91,-0.30,-0.25
9:33:11,-0.92,-0.25,-0.22
9:33:11,-0.99,-0.25,-0.02
9:33:13,-0.54,-0.69,-0.49
9:33:13,-0.54,-0.70,-0.50
9:33:13,-0.59,-0.72,-0.49
9:33:13,-0.54,-0.74,-0.45
9:33:13,-0.52,-0.76,-0.44
9:33:13,-0.51,-0.79,-0.38
9:33:13,-0.21,-0.47,-0.12
9:33:13,-0.88,-0.35,-0.16
9:33:13,-0.46,-0.70,-0.71
9:33:13,-0.32,-0.88,-0.30
9:33:14,-0.40,-0.94,-0.31
9:33:14,-0.28,-0.92,-0.26
9:33:14,-0.44,-0.85,-0.32
9:33:14,-0.44,-0.83,-0.40
9:33:14,-0.59,-0.90,-0.42
9:33:14,-0.31,-0.69,-0.69
9:33:14,-0.47,-0.57,-0.57
9:33:14,-0.52,-0.66,-0.54
9:33:14,-0.49,-0.69,-0.57
9:33:14,-0.49,-0.70,-0.54
9:33:15,-0.49,-0.70,-0.54
9:33:15,-0.50,-0.69,-0.56
9:33:15,-0.50,-0.67,-0.54
9:33:15,-0.49,-0.69,-0.57
9:33:15,-0.52,-0.69,-0.56
9:33:15,-0.50,-0.69,-0.52
9:33:15,-0.53,-0.71,-0.51
9:33:15,-0.51,-0.68,-0.54
9:33:22,-0.71,-0.46,-0.48
9:33:22,-0.73,-0.47,-0.47
9:33:22,-0.73,-0.48,-0.49
9:33:22,-0.73,-0.47,-0.49
9:33:23,-0.74,-0.46,-0.49
9:33:23,-0.73,-0.47,-0.51
9:33:23,-0.73,-0.47,-0.51
9:33:23,-0.73,-0.47,-0.51
9:33:23,-0.72,-0.47,-0.51
9:33:23,-0.73,-0.47,-0.51
9:33:23,-0.73,-0.53,-0.48
9:33:23,-0.72,-0.44,-0.55
9:33:23,-0.69,-0.51,-0.61
9:33:23,-0.75,-0.49,-0.48
9:33:24,-0.73,-0.45,-0.50
9:33:24,-0.79,-0.36,-0.49
9:33:24,-0.76,-0.37,-0.54
9:33:24,-0.73,-0.46,-0.50
9:33:24,-0.74,-0.45,-0.51
9:41:8,-0.74,-0.36,-0.58
9:41:8,-0.75,-0.32,-0.61
9:41:8,-0.88,-0.26,-0.64
9:41:8,-0.71,-0.28,-0.68
9:41:9,-0.71,-0.25,-0.65
9:41:9,-0.70,-0.25,-0.65
9:41:9,-0.69,-0.27,-0.65
9:41:9,-0.70,-0.27,-0.65
9:41:9,-0.69,-0.26,-0.64
9:41:9,-0.70,-0.26,-0.64
9:41:9,-0.70,-0.25,-0.66
9:41:9,-0.70,-0.26,-0.64
9:41:9,-0.70,-0.26,-0.66
9:41:9,-0.69,-0.26,-0.66
9:41:10,-0.69,-0.26,-0.65
9:41:10,-0.70,-0.26,-0.66
9:41:10,-0.69,-0.26,-0.66
9:41:10,-0.69,-0.26,-0.64
9:41:10,-0.69,-0.26,-0.65
10:5:1,-0.70,0.51,-0.46
10:5:2,-0.71,0.48,-0.49
10:5:2,-0.70,0.51,-0.46
10:5:2,-0.74,0.61,-0.30
10:5:2,-0.78,0.48,-0.48
10:5:2,-0.71,0.51,-0.46
10:5:2,-0.70,0.49,-0.45
10:5:2,-0.71,0.50,-0.46
10:5:2,-0.71,0.51,-0.46
10:5:2,-0.71,0.51,-0.44
10:5:2,-0.68,0.50,-0.44
10:5:3,-0.70,0.52,-0.46
10:5:3,-0.70,0.51,-0.46
10:5:3,-0.68,0.52,-0.44
10:5:3,-0.69,0.54,-0.43
10:5:3,-0.68,0.56,-0.43
10:5:3,-0.69,0.57,-0.43
10:5:3,-0.69,0.57,-0.33
10:5:3,-0.67,0.58,-0.41
10:5:13,-0.86,-0.46,-0.17
10:5:13,-0.87,-0.47,-0.15
10:5:13,-0.88,-0.51,-0.13
10:5:13,-1.18,-0.46,0.20
10:5:13,-0.84,-0.54,-0.07
10:5:14,-0.91,-0.48,-0.11
10:5:14,-0.91,-0.42,-0.13
10:5:14,-0.82,-0.46,-0.14
10:5:14,-0.90,-0.50,-0.09
10:5:14,-0.89,-0.48,-0.03
10:5:14,-0.87,-0.45,-0.02
10:5:14,-0.89,-0.48,-0.06
10:5:14,-0.87,-0.46,-0.05
10:5:14,-0.88,-0.46,-0.05
10:5:14,-0.88,-0.43,-0.02
10:5:15,-0.92,-0.52,-0.08
10:5:15,-0.85,-0.45,-0.10
10:5:15,-0.86,-0.46,-0.10
10:5:15,-0.90,-0.50,-0.09
10:5:15,-0.87,-0.49,-0.04
10:5:15,-0.86,-0.45,-0.06
10:5:15,-0.91,-0.46,-0.05
10:5:15,-0.89,-0.46,-0.04
10:5:15,-0.89,-0.46,-0.03
10:5:15,-0.89,-0.45,-0.04
10:5:16,-0.90,-0.46,-0.04
10:36:29,-1.03,0.01,-0.00
10:36:29,-0.97,-0.07,0.06
10:36:29,-1.01,-0.10,0.03
10:36:29,-0.95,-0.10,0.05
10:36:29,-0.97,-0.06,0.12
10:36:30,-0.98,-0.07,0.17
10:36:30,-0.97,-0.06,0.21
10:36:30,-0.96,-0.07,0.17
10:36:30,-0.97,-0.07,0.15
10:36:30,-0.98,-0.07,0.13
10:36:30,-0.97,-0.08,0.17
10:36:30,-0.98,-0.07,0.14
10:36:30,-0.98,-0.06,0.15
10:36:30,-0.97,-0.07,0.14
10:36:30,-0.98,-0.07,0.14
10:36:31,-0.97,-0.05,0.14
10:36:31,-0.98,-0.07,0.13
10:36:31,-0.98,-0.07,0.14
10:36:31,-0.97,-0.07,0.13
10:36:35,-0.80,0.20,-0.52
10:36:35,-0.79,0.20,-0.52
10:36:35,-0.80,0.21,-0.53
10:36:35,-0.79,0.20,-0.52
10:36:35,-0.79,0.21,-0.52
10:36:35,-0.80,0.20,-0.53
10:36:35,-0.73,0.18,-0.51
10:36:36,-0.80,0.17,-0.57
10:36:36,-0.76,0.17,-0.55
10:36:36,-0.79,0.24,-0.48
10:36:36,-0.82,0.18,-0.49
10:36:36,-0.85,0.11,-0.56
10:36:36,-0.88,0.24,-0.63
10:36:36,-0.82,0.17,-0.52
10:36:36,-0.85,0.19,-0.67
10:36:36,-0.85,0.57,-0.98
10:36:36,-0.81,0.01,-0.45
10:36:37,-1.20,-0.13,-0.22
10:36:37,-0.87,0.14,-0.58
10:36:40,-0.29,0.61,-0.69
10:36:40,-0.28,0.62,-0.70
10:36:40,-0.28,0.61,-0.70
10:36:40,-0.30,0.60,-0.69
10:36:40,-0.29,0.60,-0.68
10:36:40,-0.28,0.62,-0.70
10:36:40,-0.29,0.62,-0.70
10:36:41,-0.28,0.62,-0.68
10:36:41,-0.28,0.62,-0.70
10:36:41,-0.28,0.64,-0.69
10:36:41,-0.28,0.64,-0.68
10:36:41,-0.28,0.63,-0.70
10:36:41,-0.28,0.63,-0.68
10:36:41,-0.27,0.62,-0.69
10:36:41,-0.28,0.63,-0.70
10:36:41,-0.28,0.64,-0.68
10:36:41,-0.28,0.63,-0.69
10:36:42,-0.28,0.63,-0.69
10:36:42,-0.28,0.64,-0.69
10:36:51,-0.37,-0.79,-0.52
10:36:51,-0.40,-0.77,-0.53
10:36:51,-0.42,-0.73,-0.56
10:36:51,-0.39,-0.77,-0.54
10:36:51,-0.39,-0.77,-0.53
10:36:52,-0.38,-0.77,-0.55
10:36:52,-0.41,-0.80,-0.53
10:36:52,-0.31,-0.76,-0.54
10:36:52,-0.44,-0.74,-0.55
10:36:52,-0.41,-0.76,-0.53
10:36:52,-0.44,-0.74,-0.55
10:36:52,-0.47,-0.75,-0.52
10:36:52,-0.46,-0.75,-0.53
10:36:52,-0.46,-0.75,-0.51
10:36:52,-0.44,-0.76,-0.51
10:36:53,-0.45,-0.77,-0.52
10:36:53,-0.44,-0.76,-0.51
10:36:53,-0.42,-0.76,-0.51
10:36:53,-0.35,-0.77,-0.46
10:36:54,-0.25,-0.81,-0.51
10:36:55,-0.19,-0.86,-0.56
10:36:55,-0.21,-0.85,-0.54
10:36:55,-0.26,-0.89,-0.60
10:36:55,-0.13,-0.85,-0.58
10:36:55,-0.09,-0.64,-0.61
10:36:55,-0.17,-0.71,-0.69
10:36:55,-0.14,-0.69,-0.69
10:36:55,-0.01,-0.71,-0.75
10:36:55,-0.14,-0.69,-0.75
10:36:55,-0.04,-0.65,-0.74
10:36:56,0.05,-0.82,-0.67
10:36:56,0.08,-0.64,-0.78
10:36:56,0.08,-0.76,-0.66
10:36:56,0.03,-0.74,-0.75
10:36:56,0.04,-0.71,-0.74
10:36:56,0.04,-0.71,-0.73
10:36:56,0.03,-0.71,-0.73
10:36:56,0.05,-0.71,-0.72
11:36:25,-0.63,-0.78,-0.18
11:36:25,-0.62,-0.81,-0.17
11:36:25,-0.62,-0.77,-0.18
11:36:26,-0.64,-0.77,-0.20
11:36:26,-0.57,-0.82,-0.17
11:36:26,-0.67,-0.73,-0.17
11:36:26,-0.61,-0.76,-0.18
11:36:26,-0.67,-0.79,-0.20
11:36:26,-0.64,-0.76,-0.13
11:36:26,-0.61,-0.77,-0.12
11:36:26,-0.62,-0.81,-0.13
11:36:26,-0.65,-0.76,-0.15
11:36:26,-0.64,-0.76,-0.15
11:36:27,-0.65,-0.77,-0.17
11:36:27,-0.65,-0.77,-0.15
11:36:27,-0.65,-0.77,-0.15
11:36:27,-0.64,-0.76,-0.15
11:36:27,-0.66,-0.77,-0.16
11:36:27,-0.66,-0.76,-0.14
11:36:29,0.31,-1.04,0.22
11:36:29,0.23,-0.97,0.29
11:36:29,0.43,-0.63,0.52
11:36:29,0.52,-0.79,0.52
11:36:30,0.40,-0.78,0.03
11:36:30,0.23,-0.89,-0.40
11:36:30,0.20,-0.92,-0.43
11:36:30,0.05,-0.90,-0.41
11:36:30,0.01,-0.92,-0.54
11:36:30,0.05,-0.94,-0.54
11:36:30,0.45,-0.57,-0.32
11:36:30,-0.06,-0.84,-0.60
11:36:30,-0.02,-0.79,-0.63
11:36:30,0.17,-0.85,-0.64
11:36:31,0.08,-0.75,-0.67
11:36:31,0.10,-0.84,-0.70
11:36:31,0.18,-0.91,-0.71
11:36:31,-0.04,-0.78,-0.47
11:36:31,0.19,-0.96,-0.50
11:36:31,-0.20,-0.95,-0.62
11:36:31,0.21,-0.92,-0.51
11:36:31,0.12,-0.89,-0.52
11:36:31,0.12,-0.89,-0.51
11:36:31,0.14,-0.92,-0.50
11:36:32,0.11,-0.89,-0.50
11:36:32,0.12,-0.91,-0.49
11:36:32,0.09,-0.90,-0.49
11:36:32,0.09,-0.90,-0.50
11:36:32,0.10,-0.91,-0.47
11:36:32,0.09,-0.90,-0.49
11:36:32,0.09,-0.90,-0.48
11:36:32,0.09,-0.91,-0.49
11:36:32,0.09,-0.90,-0.48
13:9:19,-0.79,-0.59,-0.03
13:9:19,-0.81,-0.60,-0.06
13:9:19,-0.80,-0.58,-0.03
13:9:19,-0.91,-0.49,-0.09
13:9:19,-0.86,-0.53,-0.05
13:9:19,-0.83,-0.55,-0.03
13:9:19,-0.82,-0.57,-0.03
13:9:19,-0.84,-0.55,-0.05
13:9:20,-0.79,-0.58,-0.01
13:9:20,-0.82,-0.56,-0.05
13:9:20,-0.84,-0.54,-0.05
13:9:20,-0.88,-0.51,-0.05
13:9:20,-0.89,-0.49,-0.07
13:9:20,-0.85,-0.50,-0.03
13:9:20,-0.88,-0.49,-0.03
13:9:20,-0.86,-0.49,-0.03
13:9:20,-0.87,-0.50,-0.03
13:9:20,-0.87,-0.50,-0.02
13:9:21,-0.87,-0.51,-0.04
13:9:24,-0.77,-0.03,-0.58
13:9:24,-0.80,-0.09,-0.58
13:9:25,-0.79,0.00,-0.55
13:9:25,-0.81,-0.01,-0.54
13:9:25,-0.83,0.02,-0.53
13:9:25,-0.79,-0.10,-0.56
13:9:25,-0.79,-0.08,-0.52
13:9:25,-0.72,-0.26,-0.57
13:9:25,-0.74,-0.26,-0.56
13:9:25,-0.78,-0.13,-0.68
13:9:25,-0.94,0.01,-0.70
13:9:25,-1.36,-0.09,-0.46
13:9:26,-0.71,-0.26,-0.57
13:9:26,-0.76,-0.22,-0.58
13:9:26,-0.76,-0.19,-0.58
13:9:26,-0.77,-0.20,-0.59
13:9:26,-0.77,-0.20,-0.58
13:9:26,-0.77,-0.18,-0.59
13:9:26,-0.77,-0.20,-0.58
13:9:26,-0.77,-0.19,-0.59
13:9:26,-0.76,-0.19,-0.58
13:9:26,-0.76,-0.19,-0.58
13:9:27,-0.76,-0.19,-0.58
13:9:27,-0.76,-0.19,-0.59
13:9:27,-0.77,-0.19,-0.59
13:9:27,-0.77,-0.19,-0.58
13:9:27,-0.78,-0.19,-0.59
13:9:27,-0.76,-0.18,-0.60
13:9:27,-0.77,-0.19,-0.59
13:9:27,-0.77,-0.20,-0.59
13:9:27,-0.77,-0.20,-0.58
13:9:27,-0.77,-0.19,-0.59
13:9:28,-0.77,-0.20,-0.59
13:9:31,-0.52,-0.83,-0.27
13:9:31,-0.52,-0.83,-0.27
13:9:31,-0.52,-0.83,-0.27
13:9:31,-0.52,-0.83,-0.27
13:9:31,-0.52,-0.84,-0.26
13:9:32,-0.51,-0.82,-0.26
13:9:32,-0.52,-0.83,-0.26
13:9:32,-0.52,-0.82,-0.27
13:9:32,-0.51,-0.83,-0.28
13:9:32,-0.51,-0.83,-0.27
13:9:32,-0.51,-0.83,-0.27
13:9:32,-0.51,-0.84,-0.27
13:9:32,-0.51,-0.84,-0.26
13:9:32,-0.52,-0.84,-0.27
13:9:32,-0.51,-0.83,-0.26
13:9:33,-0.51,-0.85,-0.27
13:9:33,-0.52,-0.83,-0.27
13:9:33,-0.53,-0.83,-0.25
13:9:33,-0.52,-0.84,-0.26
13:9:49,0.24,-1.11,0.13
13:9:49,0.07,-1.03,0.12
13:9:49,0.30,-1.02,-0.19
13:9:49,0.51,-0.97,-0.16
13:9:49,0.99,-0.74,-0.52
13:9:49,0.57,-0.82,0.08
13:9:50,0.48,-0.92,0.20
13:9:50,0.60,-0.92,0.07
13:9:50,0.45,-0.93,0.07
13:9:50,0.47,-0.92,0.07
13:9:50,0.50,-0.86,0.11
13:9:50,0.63,-0.82,0.16
13:9:50,0.65,-0.71,0.09
13:9:50,1.40,-0.51,0.35
13:9:50,0.78,-0.22,-0.06
13:9:50,0.90,0.00,-0.02
13:9:51,1.49,1.73,-0.44
13:9:51,0.76,0.38,0.17
13:9:51,0.80,0.69,0.07
13:9:51,0.74,0.66,0.05
13:9:51,0.75,0.66,0.04
13:9:51,0.73,0.67,0.03
13:9:51,0.74,0.67,0.03
13:9:51,0.74,0.67,0.03
13:9:51,0.73,0.67,0.02
13:9:51,0.73,0.67,0.02
13:9:52,0.72,0.68,0.02
13:9:52,0.73,0.68,0.02
13:9:52,0.72,0.68,0.02
13:9:52,0.72,0.68,0.04
13:9:52,0.71,0.68,0.03
13:9:52,0.72,0.69,0.01
13:10:10,-0.89,0.22,-0.31
13:10:10,-1.10,-0.02,-0.06
13:10:10,-0.92,-0.02,-0.35
13:10:10,-0.89,-0.10,-0.15
13:10:10,-0.47,-0.16,-0.01
13:10:10,-0.95,-0.04,0.24
13:10:10,-0.95,-0.22,0.28
13:10:10,-1.03,-0.20,0.03
13:10:10,-0.97,-0.18,0.03
13:10:10,-0.94,-0.17,-0.04
13:10:11,-0.99,-0.24,-0.05
13:10:11,-0.96,-0.22,-0.07
13:10:11,-0.99,-0.13,-0.02
13:10:11,-0.81,-0.02,-0.09
13:10:11,-0.93,-0.04,-0.07
13:10:11,-0.98,-0.07,-0.11
13:10:11,-1.04,-0.16,-0.14
13:10:11,-0.99,-0.20,-0.08
13:10:11,-0.95,0.08,0.26
13:10:11,-0.96,-0.42,-0.12
13:10:12,-0.90,0.01,-0.12
13:10:12,-0.74,-0.42,-0.11
13:10:12,-1.22,-0.13,-0.20
13:10:12,-0.68,-0.14,-0.14
13:10:12,-0.95,-0.48,-0.12
13:10:12,-0.85,-0.15,-0.05
13:10:12,-1.28,0.10,-0.14
13:10:14,-0.96,-0.29,-0.06
13:10:14,-0.96,-0.32,-0.05
13:10:14,-0.95,-0.27,-0.05
13:10:14,-1.03,-0.22,-0.06
13:10:14,-0.95,-0.32,-0.05
13:10:14,-0.98,-0.27,-0.04
13:10:14,-0.93,-0.16,-0.06
13:10:14,-0.92,-0.29,-0.05
13:10:14,-0.88,-0.37,0.10
13:10:14,-0.93,-0.28,-0.06
13:10:15,-0.96,-0.32,-0.03
13:10:15,-0.93,-0.26,-0.03
13:10:15,-0.95,-0.29,-0.05
13:10:15,-0.96,-0.26,-0.06
13:10:15,-0.95,-0.28,-0.05
13:10:15,-0.94,-0.26,-0.04
13:10:15,-0.96,-0.27,-0.04
13:10:15,-0.95,-0.26,-0.03
13:10:15,-0.95,-0.26,-0.05
14:3:4,-1.04,-0.07,-0.29
14:3:4,-0.96,-0.16,-0.31
14:3:4,-0.91,-0.14,-0.28
14:3:4,-1.00,-0.13,-0.28
14:3:4,-0.94,-0.12,-0.28
14:3:5,-0.97,-0.08,-0.30
14:3:5,-0.83,-0.07,-0.34
14:3:5,-0.93,-0.26,-0.22
14:3:5,-0.97,-0.06,-0.29
14:3:5,-1.01,-0.15,-0.22
14:3:5,-0.95,-0.19,-0.25
14:3:5,-0.96,-0.14,-0.24
14:3:5,-0.92,-0.19,-0.29
14:3:5,-0.92,-0.25,-0.24
14:3:5,-1.02,-0.19,-0.31
14:3:6,-0.96,-0.24,-0.28
14:3:6,-0.94,-0.16,-0.28
14:3:6,-0.97,0.06,-0.32
14:3:6,-0.95,0.04,-0.22
14:3:7,-0.86,0.37,-0.21
14:3:7,-0.89,0.37,-0.23
14:3:8,-0.87,0.37,-0.22
14:3:8,-0.87,0.36,-0.23
14:3:8,-0.87,0.37,-0.21
14:3:8,-0.88,0.36,-0.21
14:3:8,-0.88,0.36,-0.22
14:3:8,-0.87,0.36,-0.22
14:3:8,-0.86,0.36,-0.24
14:3:8,-0.88,0.37,-0.18
14:3:8,-1.09,0.47,-0.41
14:3:8,-0.69,0.51,-0.39
14:3:9,-0.67,0.38,-0.45
14:3:9,-0.21,0.59,-0.46
14:3:9,-0.56,0.52,-0.57
14:3:9,-0.47,0.41,-0.64
14:3:9,-0.55,0.39,-0.68
14:3:9,-0.50,0.56,-0.93
14:3:9,-0.25,0.28,-0.91
14:3:9,-0.23,0.40,-0.93
14:3:9,-0.17,0.18,-0.96
14:3:9,-0.19,0.05,-0.95
14:3:10,-0.06,-0.03,-0.96
14:3:10,-0.03,0.27,-1.03
14:3:10,0.15,0.00,-1.19
14:3:10,0.06,0.24,-0.98
14:3:10,0.20,0.20,-1.00
14:3:10,-0.01,0.30,-0.82
14:3:10,0.40,0.21,-0.67
14:3:10,0.41,0.09,-0.95
14:3:10,0.28,0.20,-0.89
14:3:10,0.27,0.17,-0.96
14:3:11,0.32,0.22,-1.04
14:3:11,0.36,0.21,-0.91
14:3:11,0.35,0.16,-0.93
14:3:11,0.21,0.25,-0.94
14:3:11,0.22,0.24,-0.93
14:3:11,0.23,0.20,-0.93
14:3:11,0.22,0.22,-0.95
14:3:11,0.22,0.23,-0.93
14:3:11,0.21,0.22,-0.95
14:3:11,0.21,0.22,-0.94
14:3:12,0.21,0.22,-0.94
14:3:12,0.20,0.22,-0.94
14:3:12,0.21,0.23,-0.96
14:3:12,0.24,0.24,-0.93
14:3:12,0.18,0.24,-0.94
14:3:12,0.19,0.24,-0.94
14:3:12,0.16,0.23,-0.94
14:3:15,-0.75,0.44,-0.42
14:3:15,-0.75,0.44,-0.41
14:3:16,-0.75,0.45,-0.40
14:3:16,-0.75,0.44,-0.42
14:3:16,-0.77,0.43,-0.40
14:3:16,-0.76,0.42,-0.42
14:3:16,-0.77,0.42,-0.41
14:3:16,-0.78,0.42,-0.39
14:3:16,-0.82,0.38,-0.38
14:3:16,-0.76,0.41,-0.41
14:3:16,-0.79,0.41,-0.36
14:3:16,-0.81,0.49,-0.38
14:3:17,-0.72,0.47,-0.32
14:3:17,-0.86,0.31,-0.29
14:3:17,-0.93,0.42,-0.35
14:3:17,-0.99,0.54,-0.30
14:3:17,-0.65,-0.33,-0.32
14:3:17,-0.87,0.07,-0.22
14:3:17,-0.91,0.21,-0.30
14:3:17,-0.90,0.26,-0.28
14:3:17,-0.89,0.24,-0.28
14:3:17,-0.90,0.25,-0.29
14:3:18,-0.90,0.24,-0.29
14:3:18,-0.90,0.25,-0.29
14:3:18,-0.89,0.26,-0.30
14:3:18,-0.88,0.26,-0.29
14:3:18,-0.88,0.28,-0.29
14:3:18,-0.89,0.26,-0.31
14:3:18,-0.89,0.26,-0.30
14:3:18,-0.88,0.28,-0.30
14:3:18,-0.88,0.26,-0.29
14:3:18,-0.88,0.28,-0.28
14:3:19,-0.86,0.29,-0.31
14:3:19,-0.87,0.29,-0.28
14:3:19,-0.88,0.30,-0.29
14:3:19,-0.89,0.29,-0.28
14:3:19,-0.87,0.29,-0.28
14:3:44,-0.84,-0.13,-0.53
14:3:45,-0.81,-0.07,-0.55
14:3:45,-0.81,-0.15,-0.52
14:3:45,-0.81,-0.14,-0.54
14:3:45,-0.81,-0.15,-0.53
14:3:45,-0.81,-0.16,-0.53
14:3:45,-0.81,-0.14,-0.54
14:3:45,-0.81,-0.14,-0.53
14:3:45,-0.81,-0.15,-0.53
14:3:45,-0.82,-0.15,-0.53
14:3:45,-0.81,-0.14,-0.54
14:3:46,-0.81,-0.14,-0.54
14:3:46,-0.81,-0.15,-0.53
14:3:46,-0.81,-0.15,-0.54
14:3:46,-0.81,-0.14,-0.53
14:3:46,-0.81,-0.15,-0.52
14:3:46,-0.81,-0.14,-0.53
14:3:46,-0.81,-0.14,-0.53
14:3:46,-0.81,-0.15,-0.54
14:18:56,-0.43,0.10,-0.88
14:18:57,-0.49,0.01,-0.88
14:18:57,-0.42,0.15,-0.88
14:18:57,-0.54,0.09,-0.85
14:18:57,-0.54,0.07,-0.82
14:18:57,-0.54,0.07,-0.81
14:18:57,-0.56,0.07,-0.81
14:18:57,-0.57,0.07,-0.80
14:18:57,-0.58,0.06,-0.79
14:18:57,-0.59,0.07,-0.80
14:18:57,-0.57,0.06,-0.80
14:18:58,-0.60,0.06,-0.76
14:18:58,-0.61,0.08,-0.75
14:18:58,-0.61,0.07,-0.77
14:18:58,-0.61,0.07,-0.78
14:18:58,-0.60,0.07,-0.74
14:18:58,-0.60,0.07,-0.77
14:18:58,-0.58,0.10,-0.77
14:18:58,-0.60,0.07,-0.77
14:19:6,-0.01,0.13,-0.99
14:19:6,-0.07,0.15,-0.94
14:19:6,-0.14,0.13,-0.99
14:19:6,-0.02,-0.03,-1.02
14:19:6,-0.36,0.16,-0.91
14:19:6,-0.32,0.17,-0.90
14:19:6,-0.30,0.47,-0.81
14:19:6,-0.69,-0.07,-0.76
14:19:6,-0.59,0.05,-0.77
14:19:7,-0.60,0.04,-0.78
14:19:7,-0.60,0.05,-0.77
14:19:7,-0.60,0.05,-0.77
14:19:7,-0.60,0.04,-0.79
14:19:7,-0.60,0.05,-0.78
14:19:7,-0.61,0.04,-0.78
14:19:7,-0.60,0.05,-0.79
14:19:7,-0.61,0.05,-0.77
14:19:7,-0.60,0.05,-0.78
14:19:7,-0.60,0.04,-0.78
14:19:8,-0.60,0.04,-0.78
14:19:8,-0.59,0.04,-0.77
14:19:8,-0.60,0.04,-0.77
14:19:8,-0.60,0.04,-0.78
14:19:8,-0.60,0.04,-0.76
14:19:8,-0.60,0.05,-0.78
14:19:8,-0.59,0.04,-0.78
14:19:8,-0.60,0.04,-0.79
14:19:8,-0.60,0.04,-0.77
14:19:8,-0.60,0.04,-0.77
14:19:13,-0.21,0.17,-0.96
14:19:13,-0.27,0.21,-0.95
14:19:13,-0.29,0.19,-0.92
14:19:13,-0.34,0.18,-0.92
14:19:13,-0.31,0.17,-0.92
14:19:13,-0.34,0.19,-0.90
14:19:13,-0.30,0.12,-0.86
14:19:13,-0.68,0.03,-0.81
14:19:14,-0.54,0.11,-0.81
14:19:14,-0.54,0.11,-0.81
14:19:14,-0.54,0.11,-0.82
14:19:14,-0.55,0.12,-0.80
14:19:14,-0.55,0.11,-0.80
14:19:14,-0.54,0.11,-0.80
14:19:14,-0.54,0.11,-0.82
14:19:14,-0.53,0.11,-0.81
14:19:14,-0.53,0.10,-0.81
14:19:14,-0.54,0.11,-0.79
14:19:15,-0.54,0.12,-0.80
14:48:24,-0.80,-0.07,-0.56
14:48:24,-0.80,-0.09,-0.58
14:48:24,-0.77,0.02,-0.59
14:48:24,-0.78,-0.09,-0.58
14:48:24,-0.78,-0.08,-0.58
14:48:24,-0.77,-0.08,-0.58
14:48:24,-0.79,-0.08,-0.58
14:48:24,-0.79,-0.06,-0.58
14:48:24,-0.79,-0.01,-0.58
14:48:25,-0.80,-0.14,-0.57
14:48:25,-1.03,-0.26,-0.33
14:48:25,-0.75,-0.01,-0.65
14:48:25,-0.72,0.03,-0.63
14:48:25,-0.81,-0.05,-0.63
14:48:25,-0.72,-0.02,-0.60
14:48:25,-0.75,-0.03,-0.61
14:48:25,-0.70,-0.05,-0.57
14:48:25,-0.76,-0.06,-0.62
14:48:25,-0.77,0.02,-0.64
15:21:32,0.05,-0.58,-0.85
15:21:33,-0.13,-0.61,-0.71
15:21:33,-0.13,-0.31,-1.03
15:21:33,0.01,-0.27,-1.02
15:21:33,-0.14,-0.29,-1.00
15:21:33,-0.03,-0.31,-0.95
15:21:33,0.03,-0.32,-0.93
15:21:33,-0.17,-0.27,-1.03
15:21:33,0.05,-0.40,-0.86
15:21:33,-0.49,-0.14,-0.81
15:21:33,-0.59,-0.04,-0.72
15:21:34,-0.65,-0.01,-0.74
15:21:34,-0.65,-0.02,-0.73
15:21:34,-0.66,-0.01,-0.73
15:21:34,-0.66,-0.06,-0.72
15:21:34,-0.65,-0.03,-0.72
15:21:34,-0.65,-0.01,-0.73
15:21:34,-0.65,-0.02,-0.73
15:21:34,-0.64,-0.00,-0.74
15:21:34,-0.64,-0.02,-0.73
15:21:34,-0.66,-0.02,-0.73
15:21:35,-0.65,-0.01,-0.74
15:21:35,-0.65,-0.02,-0.73
15:21:35,-0.65,-0.02,-0.73
15:21:35,-0.65,-0.01,-0.73
15:21:35,-0.66,-0.01,-0.73
15:21:35,-0.66,-0.01,-0.73
15:21:35,-0.65,-0.02,-0.73
15:21:35,-0.65,-0.01,-0.73
15:21:35,-0.66,-0.01,-0.73
15:21:35,-0.66,-0.01,-0.73
15:21:59,-0.67,-0.34,-0.70
15:21:59,-0.62,-0.35,-0.77
15:22:0,-0.62,-0.34,-0.71
15:22:0,-0.62,-0.33,-0.70
15:22:0,-0.61,-0.34,-0.69
15:22:0,-0.66,-0.30,-0.66
15:22:0,-0.63,-0.34,-0.70
15:22:0,-0.63,-0.33,-0.69
15:22:0,-0.63,-0.33,-0.70
15:22:0,-0.62,-0.33,-0.70
15:22:0,-0.63,-0.32,-0.69
15:22:0,-0.62,-0.32,-0.69
15:22:1,-0.62,-0.33,-0.70
15:22:1,-0.62,-0.32,-0.70
15:22:1,-0.62,-0.33,-0.70
15:22:1,-0.63,-0.33,-0.70
15:22:1,-0.63,-0.34,-0.70
15:22:1,-0.61,-0.30,-0.70
15:22:1,-0.62,-0.32,-0.72
15:22:14,-0.84,-0.41,-0.28
15:22:14,-0.84,-0.40,-0.28
15:22:14,-0.84,-0.43,-0.22
15:22:14,-0.79,-0.44,-0.28
15:22:14,-0.80,-0.52,-0.24
15:22:14,-0.83,-0.54,-0.25
15:22:14,-0.78,-0.58,-0.22
15:22:14,-0.77,-0.41,-0.26
15:22:14,-0.76,-0.63,-0.23
15:22:15,-0.75,-0.62,-0.24
15:22:15,-0.77,-0.61,-0.24
15:22:15,-0.79,-0.63,-0.25
15:22:15,-0.79,-0.62,-0.26
15:22:15,-0.69,-0.54,-0.38
15:22:15,-0.69,-0.97,-0.73
15:22:15,0.87,-0.18,-1.27
15:22:15,-0.14,-0.48,-0.57
15:22:15,-0.35,0.03,-0.98
15:22:15,-0.49,0.32,-0.76
15:22:16,-0.57,0.25,-0.75
15:22:16,-0.71,0.16,-0.69
15:22:16,-0.63,0.13,-0.67
15:22:16,-0.76,0.15,-0.61
15:22:16,-0.80,0.14,-0.56
15:22:16,-0.86,0.09,-0.47
15:22:16,-0.88,0.08,-0.40
15:22:16,-0.89,0.10,-0.42
15:22:16,-0.85,0.04,-0.38
15:22:16,-0.90,0.11,-0.40
15:22:17,-0.91,0.11,-0.39
15:22:17,-0.89,0.10,-0.38
15:22:17,-0.92,0.08,-0.36
15:22:17,-0.85,0.10,-0.44
15:22:17,-0.90,0.10,-0.38
15:22:17,-0.90,0.15,-0.40
15:22:17,-0.92,0.18,-0.36
15:22:21,-0.90,0.17,-0.31
15:22:21,-0.92,0.25,-0.32
15:22:21,-0.91,0.22,-0.29
15:22:21,-0.90,0.22,-0.21
15:22:21,-0.97,0.24,-0.22
15:22:21,-0.91,0.27,-0.18
15:22:21,-0.91,0.29,-0.19
15:22:21,-1.02,0.22,-0.27
15:22:21,-0.90,0.31,-0.17
15:22:21,-0.98,0.23,-0.12
15:22:22,-0.91,0.11,-0.25
15:22:22,-0.92,0.27,-0.18
15:22:22,-0.84,0.36,-0.06
15:22:22,-0.95,0.33,-0.15
15:22:22,-0.94,0.35,-0.13
15:22:22,-0.90,0.33,-0.11
15:22:22,-0.89,0.41,-0.05
15:22:22,-0.88,0.34,-0.12
15:22:22,-0.94,0.37,-0.09
15:59:22,-0.91,-0.37,-0.01
15:59:22,-0.90,-0.38,0.03
15:59:22,-0.89,-0.38,0.03
15:59:22,-0.92,-0.43,0.00
15:59:22,-0.96,-0.41,0.03
15:59:22,-0.91,-0.41,-0.02
15:59:22,-0.91,-0.33,-0.03
15:59:22,-0.88,-0.25,0.10
15:59:22,-0.89,-0.44,0.04
15:59:22,-0.90,-0.50,0.02
15:59:23,-0.87,-0.41,0.09
15:59:23,-0.91,-0.46,0.06
15:59:23,-0.91,-0.45,0.10
15:59:23,-0.88,-0.43,0.04
15:59:23,-0.88,-0.47,0.07
15:59:23,-0.88,-0.49,0.08
15:59:23,-0.91,-0.49,0.07
15:59:23,-0.88,-0.46,0.08
15:59:23,-0.89,-0.45,0.08
15:59:30,-0.89,0.15,-0.35
15:59:30,-0.83,0.23,-0.30
15:59:30,-0.87,0.23,-0.35
15:59:30,-0.87,0.27,-0.38
15:59:30,-0.87,0.26,-0.36
15:59:30,-0.88,0.25,-0.35
15:59:30,-0.86,0.28,-0.35
15:59:30,-0.86,0.30,-0.35
15:59:30,-0.86,0.29,-0.34
15:59:31,-0.86,0.30,-0.37
15:59:31,-0.85,0.29,-0.36
15:59:31,-0.85,0.31,-0.36
15:59:31,-0.85,0.30,-0.35
15:59:31,-0.85,0.31,-0.36
15:59:31,-0.85,0.30,-0.35
15:59:31,-0.85,0.31,-0.38
15:59:31,-0.84,0.31,-0.34
15:59:31,-0.85,0.29,-0.29
15:59:31,-0.84,0.30,-0.38
15:59:34,-0.74,0.63,-0.05
15:59:34,-0.74,0.63,-0.06
15:59:34,-0.73,0.62,-0.05
15:59:34,-0.74,0.62,-0.04
15:59:35,-0.73,0.62,-0.04
15:59:35,-0.74,0.62,-0.03
15:59:35,-0.73,0.61,-0.04
15:59:35,-0.73,0.63,-0.03
15:59:35,-0.74,0.63,-0.02
15:59:35,-0.73,0.62,-0.04
15:59:35,-0.73,0.63,-0.03
15:59:35,-0.72,0.63,-0.04
15:59:35,-0.73,0.62,-0.03
15:59:35,-0.74,0.63,-0.04
15:59:36,-0.72,0.63,-0.03
15:59:36,-0.73,0.63,-0.02
15:59:36,-0.73,0.63,-0.03
15:59:36,-0.73,0.62,-0.03
15:59:36,-0.73,0.63,-0.02
16:18:32,-0.66,0.67,0.15
16:18:32,-0.73,0.65,0.10
16:18:32,-0.75,0.66,0.09
16:18:32,-0.71,0.62,0.14
16:18:32,-0.72,0.63,0.11
16:18:32,-0.73,0.67,0.13
16:18:32,-0.70,0.65,0.12
16:18:32,-0.72,0.63,0.11
16:18:33,-0.71,0.65,0.12
16:18:33,-0.72,0.65,0.14
16:18:33,-0.72,0.63,0.12
16:18:33,-0.71,0.63,0.12
16:18:33,-0.71,0.64,0.13
16:18:33,-0.73,0.64,0.13
16:18:33,-0.72,0.63,0.13
16:18:33,-0.71,0.64,0.12
16:18:33,-0.72,0.64,0.12
16:18:33,-0.72,0.63,0.13
16:18:34,-0.72,0.63,0.13
16:57:51,-0.81,-0.58,0.12
16:57:51,-0.81,-0.58,0.11
16:57:51,-0.79,-0.59,0.11
16:57:51,-0.81,-0.59,0.10
16:57:51,-0.80,-0.58,0.11
16:57:51,-0.80,-0.60,0.10
16:57:51,-0.80,-0.59,0.11
16:57:51,-0.82,-0.58,0.09
16:57:51,-0.81,-0.59,0.11
16:57:52,-0.81,-0.58,0.10
16:57:52,-0.80,-0.58,0.10
16:57:52,-0.80,-0.62,0.08
16:57:52,-0.81,-0.60,0.11
16:57:52,-0.80,-0.59,0.11
16:57:52,-0.81,-0.59,0.10
16:57:52,-0.80,-0.60,0.10
16:57:52,-0.81,-0.60,0.11
16:57:52,-0.80,-0.58,0.10
16:57:52,-0.80,-0.59,0.11
16:58:11,-0.96,-0.23,0.04
16:58:11,-0.95,-0.25,0.05
16:58:11,-0.96,-0.23,0.04
16:58:11,-0.97,-0.23,0.05
16:58:11,-0.97,-0.28,0.06
16:58:12,-0.96,-0.24,0.05
16:58:12,-0.97,-0.24,0.04
16:58:12,-0.97,-0.22,0.03
16:58:12,-0.97,-0.24,0.05
16:58:12,-0.95,-0.25,0.05
16:58:12,-0.96,-0.24,0.05
16:58:12,-0.95,-0.22,0.03
16:58:12,-0.98,-0.23,0.08
16:58:12,-0.98,-0.23,0.02
16:58:12,-0.95,-0.23,0.07
16:58:13,-0.94,-0.23,0.09
16:58:13,-0.93,-0.20,0.05
16:58:13,-0.97,-0.19,-0.04
16:58:13,-0.96,-0.21,0.08
16:58:23,-0.85,0.39,-0.25
16:58:23,-0.84,0.44,-0.22
16:58:23,-0.83,0.39,-0.21
16:58:23,-0.86,0.36,-0.25
16:58:23,-0.84,0.41,-0.22
16:58:23,-0.86,0.41,-0.22
16:58:23,-0.84,0.42,-0.23
16:58:23,-0.84,0.40,-0.22
16:58:23,-0.86,0.41,-0.21
16:58:24,-0.83,0.40,-0.27
16:58:24,-0.82,0.44,-0.22
16:58:24,-0.67,0.52,-0.07
16:58:24,-0.73,0.62,-0.17
16:58:24,-0.83,0.45,-0.12
16:58:24,-0.87,0.34,-0.10
16:58:24,-0.80,0.47,-0.15
16:58:24,-0.83,0.45,-0.04
16:58:24,-0.86,0.43,-0.08
16:58:24,-0.86,0.48,-0.08
17:10:33,-0.95,-0.24,-0.15
17:10:33,-0.90,-0.24,-0.13
17:10:33,-0.88,-0.24,-0.17
17:10:33,-0.92,-0.26,-0.26
17:10:33,-0.90,-0.31,-0.23
17:10:33,-0.91,-0.31,-0.25
17:10:33,-0.90,-0.34,-0.25
17:10:33,-0.91,-0.32,-0.23
17:10:34,-0.90,-0.32,-0.23
17:10:34,-0.91,-0.32,-0.25
17:10:34,-0.90,-0.32,-0.23
17:10:34,-0.91,-0.33,-0.24
17:10:34,-0.91,-0.33,-0.23
17:10:34,-0.90,-0.33,-0.24
17:10:34,-0.90,-0.33,-0.24
17:10:34,-0.91,-0.34,-0.22
17:10:34,-0.90,-0.32,-0.24
17:10:34,-0.90,-0.33,-0.23
17:10:35,-0.96,-0.34,-0.17
17:10:57,-0.81,-0.49,-0.29
17:10:57,-0.77,-0.53,-0.34
17:10:57,-1.12,-0.22,-0.12
17:10:57,-0.81,-0.52,-0.28
17:10:57,-0.82,-0.52,-0.26
17:10:57,-0.84,-0.54,-0.32
17:10:57,-0.79,-0.54,-0.27
17:10:57,-0.77,-0.53,-0.26
17:10:58,-0.78,-0.55,-0.28
17:10:58,-0.78,-0.57,-0.27
17:10:58,-0.78,-0.56,-0.26
17:10:58,-0.78,-0.57,-0.25
17:10:58,-0.80,-0.59,-0.25
17:10:58,-0.77,-0.59,-0.24
17:10:58,-0.79,-0.58,-0.19
17:10:58,-0.78,-0.59,-0.23
17:10:58,-0.73,-0.68,-0.35
17:10:58,-0.70,-0.45,-0.31
17:10:59,-0.75,-0.60,-0.28
17:11:2,-0.72,-0.68,-0.20
17:11:3,-0.67,-0.73,-0.26
17:11:3,-0.74,-0.60,-0.23
17:11:3,-0.71,-0.73,-0.22
17:11:3,-0.67,-0.68,-0.23
17:11:3,-0.71,-0.64,-0.20
17:11:3,-0.74,-0.68,-0.21
17:11:3,-0.71,-0.68,-0.19
17:11:3,-0.74,-0.66,-0.20
17:11:3,-0.73,-0.66,-0.21
17:11:3,-0.73,-0.64,-0.22
17:11:4,-0.73,-0.69,-0.21
17:11:4,-0.71,-0.72,-0.24
17:11:4,-0.74,-0.66,-0.21
17:11:4,-0.79,-0.65,-0.20
17:11:4,-0.68,-0.71,-0.23
17:11:4,-0.75,-0.66,-0.26
17:11:4,-0.63,-0.58,-0.31
17:11:4,-0.72,-0.63,-0.22
17:11:4,-0.69,-0.69,-0.19
17:11:4,-0.75,-0.68,-0.24
17:11:5,-0.73,-0.72,-0.14
17:11:5,-0.70,-0.65,-0.20
17:11:5,-0.71,-0.69,-0.21
17:11:5,-0.70,-0.67,-0.22
17:11:5,-0.72,-0.72,-0.18
17:11:5,-0.64,-0.70,-0.23
17:11:5,-0.62,-0.76,-0.21
17:11:5,-0.67,-0.73,-0.17
17:11:5,-0.66,-0.76,-0.16
17:11:5,-0.74,-0.71,-0.18
17:11:6,-0.69,-0.76,-0.15
17:11:6,-0.64,-0.77,-0.13
17:11:6,-0.69,-0.77,-0.02
17:11:6,-0.70,-0.71,-0.01
17:11:6,-0.61,-0.73,-0.10
17:11:6,-0.71,-0.89,-0.00
17:11:6,-0.70,-0.64,-0.05
17:11:9,-0.64,-0.68,-0.30
17:11:9,-0.71,-0.71,-0.22
17:11:9,-0.68,-0.69,-0.25
17:11:9,-0.70,-0.71,-0.21
17:11:9,-0.67,-0.71,-0.24
17:11:10,-0.69,-0.71,-0.22
17:11:10,-0.68,-0.70,-0.23
17:11:10,-0.67,-0.70,-0.22
17:11:10,-0.68,-0.71,-0.22
17:11:10,-0.68,-0.71,-0.21
17:11:10,-0.68,-0.72,-0.22
17:11:10,-0.69,-0.71,-0.22
17:11:10,-0.68,-0.71,-0.22
17:11:10,-0.67,-0.72,-0.22
17:11:10,-0.68,-0.72,-0.21
17:11:11,-0.67,-0.71,-0.20
17:11:11,-0.68,-0.72,-0.21
17:11:11,-0.68,-0.71,-0.20
17:11:11,-0.68,-0.71,-0.21
17:17:45,-0.80,-0.36,-0.47
17:17:45,-0.80,-0.41,-0.45
17:17:45,-0.78,-0.39,-0.46
17:17:45,-0.79,-0.44,-0.42
17:17:45,-0.80,-0.39,-0.42
17:17:46,-0.79,-0.43,-0.44
17:17:46,-0.77,-0.43,-0.40
17:17:46,-0.78,-0.51,-0.34
17:17:46,-0.78,-0.39,-0.44
17:17:46,-0.64,-0.42,-0.54
17:17:46,-0.81,-0.40,-0.42
17:17:46,-0.79,-0.44,-0.41
17:17:46,-0.75,-0.42,-0.47
17:17:46,-0.80,-0.39,-0.44
17:17:46,-0.79,-0.45,-0.46
17:17:47,-0.74,-0.49,-0.43
17:17:47,-0.79,-0.47,-0.48
17:17:47,-0.82,-0.40,-0.51
17:17:47,-0.77,-0.40,-0.43
17:17:49,-0.55,-0.61,-0.66
17:17:49,-0.11,-0.59,-0.73
17:17:49,-0.88,-0.47,-0.42
17:17:50,-0.75,-0.45,-0.47
17:17:50,-0.74,-0.43,-0.52
17:17:50,-0.75,-0.44,-0.51
17:17:50,-0.73,-0.41,-0.51
17:17:50,-0.73,-0.43,-0.53
17:17:50,-0.74,-0.42,-0.52
17:17:50,-0.73,-0.43,-0.51
17:17:50,-0.75,-0.43,-0.51
17:17:50,-0.73,-0.43,-0.51
17:17:50,-0.73,-0.43,-0.52
17:17:51,-0.74,-0.44,-0.51
17:17:51,-0.73,-0.43,-0.51
17:17:51,-0.73,-0.43,-0.51
17:17:51,-0.73,-0.44,-0.50
17:17:51,-0.74,-0.44,-0.51
17:17:51,-0.74,-0.44,-0.49
17:21:32,-0.87,0.39,0.21
17:21:33,-0.85,0.38,0.20
17:21:33,-0.87,0.39,0.23
17:21:33,-0.86,0.42,0.18
17:21:33,-0.86,0.43,0.19
17:21:33,-0.91,0.43,0.13
17:21:33,-0.86,0.37,0.10
17:21:33,-0.43,0.21,-0.27
17:21:33,-0.70,0.47,0.11
17:21:33,-0.86,0.42,0.07
17:21:33,-0.87,0.42,0.07
17:21:34,-0.87,0.43,0.07
17:21:34,-0.87,0.43,0.06
17:21:34,-0.87,0.43,0.07
17:21:34,-0.86,0.43,0.06
17:21:34,-0.86,0.42,0.06
17:21:34,-0.87,0.42,0.05
17:21:34,-0.86,0.43,0.07
17:21:34,-0.86,0.43,0.06
17:41:10,-0.87,-0.08,-0.46
17:41:10,-0.86,-0.13,-0.44
17:41:10,-0.87,-0.14,-0.46
17:41:10,-0.87,-0.12,-0.47
17:41:11,-0.87,-0.11,-0.48
17:41:11,-0.87,-0.11,-0.47
17:41:11,-0.84,-0.07,-0.47
17:41:11,-0.86,-0.10,-0.49
17:41:11,-0.86,-0.10,-0.49
17:41:11,-0.87,-0.09,-0.50
17:41:11,-0.86,-0.09,-0.48
17:41:11,-0.87,-0.08,-0.48
17:41:11,-0.87,-0.11,-0.47
17:41:11,-0.87,-0.10,-0.50
17:41:12,-0.86,-0.11,-0.48
17:41:12,-0.85,-0.10,-0.48
17:41:12,-0.86,-0.10,-0.48
17:41:12,-0.86,-0.12,-0.47
17:41:12,-0.86,-0.13,-0.47
17:41:21,-0.78,-0.64,-0.15
17:41:21,-0.83,-0.62,-0.18
17:41:21,-0.88,-0.43,-0.17
17:41:21,-0.77,-0.60,-0.23
17:41:22,-0.78,-0.60,-0.18
17:41:22,-0.78,-0.63,-0.16
17:41:22,-0.78,-0.63,-0.18
17:41:22,-0.77,-0.62,-0.19
17:41:22,-0.77,-0.63,-0.17
17:41:22,-0.76,-0.65,-0.18
17:41:22,-0.76,-0.65,-0.17
17:41:22,-0.76,-0.65,-0.17
17:41:22,-0.71,-0.68,-0.15
17:41:22,-0.73,-0.68,-0.17
17:41:23,-0.74,-0.62,-0.22
17:41:23,-0.74,-0.60,-0.25
17:41:23,-0.80,-0.55,-0.18
17:41:23,-0.76,-0.67,-0.21
17:41:23,-0.75,-0.63,-0.20
17:41:28,-0.05,-0.85,-0.61
17:41:28,-0.04,-0.83,-0.59
17:41:28,-0.02,-0.84,-0.57
17:41:28,-0.01,-0.79,-0.60
17:41:28,0.00,-0.84,-0.62
17:41:28,0.01,-0.79,-0.60
17:41:28,0.05,-0.84,-0.60
17:41:28,-0.05,-0.72,-0.68
17:41:29,-0.09,-0.78,-0.66
17:41:29,-0.09,-0.77,-0.63
17:41:29,-0.11,-0.76,-0.65
17:41:29,-0.06,-0.77,-0.62
17:41:29,-0.21,-0.59,-0.86
17:41:29,-0.08,-0.71,-0.70
17:41:29,-0.13,-0.77,-0.57
17:41:29,-0.23,-1.14,-0.30
17:41:29,0.15,-1.13,-0.35
17:41:29,0.40,-0.88,-0.54
17:41:30,0.42,-0.82,-0.50
17:41:30,0.46,-0.82,-0.48
17:41:30,0.44,-0.82,-0.38
17:41:30,0.51,-0.74,-0.50
17:41:30,0.48,-0.73,-0.50
17:41:30,0.51,-0.77,-0.47
17:41:30,0.44,-0.78,-0.49
17:41:30,0.45,-0.78,-0.55
17:41:30,0.42,-0.74,-0.57
17:41:30,0.45,-0.77,-0.57
17:41:31,0.44,-0.76,-0.56
17:41:31,0.44,-0.76,-0.54
17:41:31,0.45,-0.76,-0.56
17:41:31,0.43,-0.75,-0.51
17:41:31,0.44,-0.76,-0.53
17:41:31,0.42,-0.77,-0.48
17:41:31,0.45,-0.78,-0.49
17:41:31,0.48,-0.77,-0.49
17:41:31,0.50,-0.78,-0.49
17:41:36,0.51,-0.76,-0.40
17:41:36,0.50,-0.94,-0.07
17:41:36,0.12,-1.14,-0.36
17:41:36,0.03,-0.52,0.30
17:41:36,0.58,-0.48,0.12
17:41:36,0.43,-0.97,0.12
17:41:36,0.51,-0.93,0.30
17:41:36,-1.27,-1.07,-0.52
17:41:36,0.26,-0.93,-0.06
17:41:37,0.15,-0.60,0.35
17:41:37,0.30,-0.91,0.22
17:41:37,0.14,-0.89,0.05
17:41:37,-0.86,-1.15,-0.22
17:41:37,-0.23,-0.98,-0.10
17:41:37,-0.22,-0.95,0.03
17:41:37,-0.64,-0.39,0.60
17:41:37,-0.40,-1.05,-0.06
17:41:37,-0.23,-1.05,-0.04
17:41:37,-0.81,-0.74,-0.09
17:41:38,-0.41,-0.98,-0.08
17:41:38,-0.26,-0.96,0.02
17:41:38,-0.90,-0.79,-0.10
17:41:38,-0.42,-1.09,0.01
17:41:38,-0.22,-0.93,-0.05
17:41:38,-0.28,-1.06,0.12
17:41:38,-0.41,-0.79,0.12
17:41:38,-0.33,-0.91,-0.12
17:41:38,-0.30,-0.99,-0.04
17:41:38,-0.51,-1.13,-0.07
17:41:39,-0.38,-0.95,-0.02
17:41:39,-0.42,-0.96,-0.12
17:41:39,-0.22,-0.94,-0.04
17:41:39,-0.49,-0.90,-0.14
17:41:39,-0.39,-1.06,-0.06
17:41:39,-0.28,-1.01,0.02
17:41:39,-0.18,-1.00,-0.15
17:41:39,-0.29,-0.97,-0.12
17:41:39,-0.04,-1.26,-0.24
17:41:39,-0.35,-0.94,-0.06
17:41:40,-0.28,-1.00,-0.13
18:5:52,0.58,-0.86,-0.53
18:5:52,0.40,-0.79,-0.52
18:5:52,0.42,-0.80,-0.57
18:5:52,0.24,-0.97,-0.39
18:5:52,0.29,-0.71,-0.53
18:5:53,0.25,-0.96,-0.09
18:5:53,-0.44,-1.06,0.01
18:5:53,-0.10,-1.03,0.14
18:5:53,-0.06,-1.00,0.15
18:5:53,-0.11,-1.05,0.16
18:5:53,-0.09,-1.02,0.11
18:5:53,-0.07,-1.03,0.13
18:5:53,-0.01,-1.02,0.12
18:5:53,-0.07,-1.02,0.13
18:5:53,-0.06,-1.02,0.12
18:5:54,-0.07,-1.02,0.12
18:5:54,-0.07,-1.04,0.07
18:5:54,0.13,-0.63,0.00
18:5:54,0.27,-0.65,-0.12
18:5:54,0.15,-0.94,-0.21
18:5:54,0.07,-0.96,-0.46
18:5:54,0.19,-0.98,-0.11
18:5:54,0.26,-0.81,-0.21
18:5:54,0.23,-0.96,0.15
18:5:54,-0.08,-1.12,-0.01
18:5:55,-0.85,-0.67,-0.06
18:5:56,-0.92,-0.30,-0.14
18:5:56,-0.92,-0.31,-0.15
18:5:56,-0.94,-0.27,-0.14
18:5:56,-0.94,-0.27,-0.13
18:5:56,-0.94,-0.27,-0.13
18:5:56,-0.94,-0.27,-0.13
18:5:57,-0.94,-0.27,-0.13
18:5:57,-0.94,-0.27,-0.14
18:5:57,-0.94,-0.27,-0.13
18:5:57,-0.94,-0.27,-0.13
18:5:57,-0.94,-0.26,-0.13
18:5:57,-0.93,-0.28,-0.14
18:5:57,-0.94,-0.26,-0.14
18:5:57,-0.95,-0.27,-0.14
18:5:57,-0.93,-0.28,-0.13
18:5:57,-0.94,-0.27,-0.13
18:5:58,-0.93,-0.27,-0.13
18:5:58,-0.93,-0.27,-0.15
18:5:58,-0.94,-0.28,-0.13
18:5:58,-0.94,-0.28,-0.14
18:5:58,-0.94,-0.27,-0.14
18:6:6,-1.10,-0.21,0.08
18:6:6,-0.97,-0.06,-0.06
18:6:6,-0.98,-0.04,-0.01
18:6:6,-0.98,-0.05,-0.02
18:6:6,-0.97,-0.05,-0.01
18:6:7,-0.98,-0.03,-0.03
18:6:7,-0.96,-0.02,0.00
18:6:7,-1.03,-0.03,-0.12
18:6:7,-1.08,0.02,0.05
18:6:7,-0.71,0.32,0.42
18:6:7,-2.00,-0.34,0.37
18:6:7,-0.81,0.31,0.33
18:6:7,-0.85,0.31,0.36
18:6:7,-0.85,0.30,0.35
18:6:7,-0.86,0.35,0.42
18:6:8,-0.93,0.33,0.41
18:6:8,-0.89,0.30,0.33
18:6:8,-0.86,0.27,0.34
18:6:8,-0.84,0.20,0.27
18:6:8,-0.90,0.19,0.34
18:6:8,-0.86,0.03,0.39
18:6:8,-0.50,0.53,0.48
18:6:8,-0.72,-0.38,1.15
18:6:8,-0.47,0.43,0.66
18:6:8,-0.51,0.52,0.73
18:6:9,-0.48,0.52,0.68
18:6:9,-0.48,0.52,0.61
18:6:9,-0.55,0.45,0.63
18:6:9,-0.56,0.52,0.60
18:6:9,-0.57,0.53,0.65
18:6:9,-0.26,0.31,0.85
18:6:9,-0.61,0.41,0.62
18:6:9,-0.60,0.49,0.60
18:6:9,-0.38,0.49,0.60
18:6:9,-0.58,0.30,0.64
18:6:10,-0.71,0.52,0.61
18:6:10,-0.48,0.67,0.64
18:6:10,-0.37,0.40,0.58
18:6:10,-0.55,0.60,0.66
18:6:10,-0.42,0.54,0.67
18:6:10,-0.58,0.48,0.65
18:6:10,-0.59,0.47,0.52
18:6:10,-0.56,0.56,0.63
18:42:20,-0.77,0.57,0.29
18:42:21,-0.81,0.54,0.36
18:42:21,-0.79,0.48,0.35
18:42:21,-0.74,0.57,0.28
18:42:21,-0.77,0.48,0.26
18:42:21,-0.81,0.49,0.24
18:42:21,-0.88,0.43,0.24
18:42:21,-0.90,0.46,0.20
18:42:21,-0.72,0.38,0.16
18:42:21,-1.13,0.49,0.51
18:42:21,-0.96,1.07,-0.08
18:42:22,-0.51,0.62,0.50
18:42:22,-0.59,0.49,0.52
18:42:22,-0.70,0.39,0.36
18:42:22,-0.82,0.40,0.34
18:42:22,-0.80,0.47,0.27
18:42:22,-0.87,0.71,0.05
18:42:22,-0.64,0.73,-0.05
18:42:22,-0.61,0.73,-0.12
18:42:22,-0.60,0.73,-0.19
18:42:22,-0.51,0.66,-0.19
18:42:23,-0.55,0.74,-0.18
18:42:23,-0.57,0.64,-0.17
18:42:23,-0.42,0.78,-0.29
18:42:23,-0.44,0.76,-0.26
18:42:23,-0.61,0.74,-0.20
18:42:23,-0.52,0.70,-0.26
18:42:23,-0.60,0.72,-0.23
18:42:23,-0.59,0.72,-0.22
18:42:23,-0.59,0.74,-0.20
18:42:23,-0.50,0.76,-0.17
18:42:24,-0.59,0.72,-0.15
18:42:24,-0.58,0.76,-0.19
18:42:24,-0.60,0.74,-0.14
18:42:24,-0.79,0.85,-0.15
18:42:24,-0.61,0.32,-0.54
18:42:24,-0.76,0.46,-0.24
18:42:24,-0.78,0.55,-0.28
18:42:26,-0.19,0.60,-0.72
18:42:26,-0.08,0.23,-0.84
18:42:26,-0.47,0.69,-0.57
18:42:26,-0.16,0.89,-0.09
18:42:26,-0.19,0.67,-0.47
18:42:26,-0.07,0.78,-0.78
18:42:26,-0.25,0.55,-0.74
18:42:27,-0.15,0.53,-0.77
18:42:27,-0.35,0.56,-0.70
18:42:27,-0.25,0.53,-0.75
18:42:27,-0.04,0.48,-0.90
18:42:27,-0.11,0.44,-0.92
18:42:27,-0.17,0.50,-0.81
18:42:27,-0.17,0.51,-0.81
18:42:27,-0.17,0.51,-0.81
18:42:27,-0.16,0.50,-0.81
18:42:27,-0.16,0.49,-0.80
18:42:28,-0.15,0.50,-0.81
18:42:28,-0.16,0.50,-0.81
18:42:28,-0.16,0.51,-0.81
18:42:28,-0.16,0.50,-0.81
18:42:46,0.68,0.38,-0.62
18:42:46,0.69,0.39,-0.62
18:42:47,0.74,0.32,-0.65
18:42:47,0.71,0.35,-0.61
18:42:47,0.75,0.28,-0.61
18:42:47,0.78,0.23,-0.61
18:42:47,0.81,0.14,-0.58
18:42:47,0.81,0.06,-0.57
18:42:47,0.92,-0.11,-0.58
18:42:47,0.96,-0.06,-0.50
18:42:47,0.87,-0.35,-0.41
18:42:47,0.85,-0.32,-0.48
18:42:48,0.81,-0.31,-0.49
18:42:48,0.82,-0.28,-0.52
18:42:48,0.84,-0.23,-0.57
18:42:48,0.83,-0.21,-0.32
18:42:48,0.82,-0.22,-0.58
18:42:48,0.80,-0.12,-0.64
18:42:48,0.87,-0.06,-0.50
18:42:48,0.83,-0.21,-0.58
18:42:48,0.84,-0.21,-0.56
18:42:48,0.84,-0.24,-0.56
18:42:49,0.83,-0.25,-0.53
18:42:49,0.82,-0.24,-0.57
18:42:49,0.83,-0.25,-0.56
18:42:49,0.82,-0.25,-0.55
18:42:49,0.82,-0.24,-0.57
18:42:49,0.82,-0.26,-0.57
18:42:49,0.83,-0.26,-0.55
19:11:10,0.25,-0.91,-0.45
19:11:10,0.37,-0.88,-0.44
19:11:10,0.33,-0.88,-0.44
19:11:10,0.23,-0.89,-0.40
19:11:11,0.25,-0.90,-0.43
19:11:11,0.27,-0.94,-0.41
19:11:11,0.33,-0.89,-0.43
19:11:11,0.31,-0.88,-0.40
19:11:11,0.33,-0.94,-0.41
19:11:11,0.29,-0.90,-0.43
19:11:11,0.28,-0.90,-0.43
19:11:11,0.30,-0.88,-0.44
19:11:11,0.30,-0.90,-0.41
19:11:11,0.29,-0.89,-0.41
19:11:12,0.30,-0.92,-0.43
19:11:12,0.31,-0.90,-0.43
19:11:12,0.30,-0.90,-0.42
19:11:12,0.30,-0.90,-0.41
19:11:12,0.30,-0.91,-0.43
19:57:31,-0.79,-0.55,-0.24
19:57:32,-0.81,-0.57,-0.21
19:57:32,-0.74,-0.66,-0.24
19:57:32,-0.76,-0.54,-0.16
19:57:32,-0.70,-0.72,-0.19
19:57:32,-0.64,-0.82,-0.22
19:57:32,-0.63,-0.85,-0.15
19:57:32,-0.68,-0.63,-0.09
19:57:32,-0.46,-0.95,-0.06
19:57:32,-0.46,-0.85,-0.18
19:57:32,-0.37,-0.91,-0.07
19:57:33,-0.35,-0.97,-0.06
19:57:33,-0.39,-0.89,-0.24
19:57:33,-0.29,-0.98,-0.07
19:57:33,-0.28,-0.95,-0.12
19:57:33,-0.17,-1.18,-0.06
19:57:33,-0.28,-1.08,-0.03
19:57:33,-0.37,-0.95,-0.10
19:57:33,-0.45,-0.90,-0.12
19:57:33,-0.46,-0.82,-0.26
19:57:33,-0.41,-0.98,-0.21
19:57:34,-0.39,-0.87,-0.40
19:57:34,-0.35,-0.85,-0.41
19:57:34,-0.20,-0.96,-0.42
19:57:34,0.36,-0.31,-2.00
19:57:34,0.07,-1.15,-0.10
19:57:34,0.23,-0.91,-0.31
19:57:34,0.16,-0.99,-0.25
19:57:34,0.17,-0.99,-0.23
19:57:34,0.16,-0.99,-0.25
19:57:34,0.17,-1.00,-0.26
19:57:35,0.17,-0.99,-0.25
19:57:35,0.17,-0.99,-0.25
19:57:35,0.16,-0.99,-0.26
19:57:35,0.17,-0.99,-0.27
19:57:35,0.15,-0.99,-0.28
19:57:35,0.12,-0.98,-0.37
19:57:35,0.10,-0.98,-0.35
19:57:35,0.08,-0.95,-0.41
19:57:35,0.09,-0.96,-0.40
19:57:35,0.09,-0.95,-0.40
19:57:36,0.09,-0.95,-0.39
19:57:36,0.09,-0.96,-0.38
19:57:36,0.09,-0.96,-0.39
19:57:36,0.09,-0.94,-0.39
20:59:21,0.12,-0.56,-0.84
20:59:21,0.06,-0.61,-0.79
20:59:21,0.09,-0.66,-0.75
20:59:21,0.11,-0.61,-0.72
20:59:21,0.16,-0.70,-0.72
20:59:21,0.06,-0.75,-0.68
20:59:21,0.10,-0.78,-0.71
20:59:21,0.09,-0.79,-0.69
20:59:21,0.10,-0.82,-0.64
20:59:22,0.08,-0.79,-0.68
20:59:22,0.07,-0.78,-0.65
20:59:22,0.08,-0.79,-0.66
20:59:22,0.08,-0.79,-0.67
20:59:22,0.08,-0.78,-0.66
20:59:22,0.08,-0.79,-0.67
20:59:22,0.08,-0.78,-0.66
20:59:22,0.07,-0.77,-0.67
20:59:22,0.08,-0.78,-0.67
20:59:22,0.08,-0.78,-0.66
21:0:21,0.55,-0.57,-0.75
21:0:21,0.95,-0.13,-0.88
21:0:21,0.67,-0.32,-0.71
21:0:21,0.78,-0.30,-0.64
21:0:21,0.40,-0.55,-0.68
21:0:22,0.59,-0.62,-0.61
21:0:22,0.70,-0.15,-0.53
21:0:22,0.67,-0.42,-0.71
21:0:22,0.53,-0.61,-0.73
21:0:22,0.47,-0.50,-0.74
21:0:22,0.71,-0.44,-0.73
21:0:22,0.70,-0.33,-0.64
21:0:22,0.74,-0.43,-0.62
21:0:22,0.29,-0.66,-0.65
21:0:22,0.39,-0.60,-0.76
21:0:23,0.76,-0.18,-0.56
21:0:23,0.67,-0.26,-0.72
21:0:23,0.69,-0.37,-0.79
21:0:23,0.53,-0.55,-0.70
23:15:56,0.80,-0.25,-0.53
23:15:56,1.05,-0.35,-0.58
23:15:56,0.83,-0.14,-0.59
23:15:56,0.80,-0.16,-0.61
23:15:56,0.77,-0.18,-0.63
23:15:56,0.79,-0.17,-0.64
23:15:56,0.79,-0.20,-0.63
23:15:56,0.77,-0.18,-0.64
23:15:56,0.77,-0.18,-0.65
23:15:57,0.77,-0.18,-0.64
23:15:57,0.77,-0.18,-0.64
23:15:57,0.77,-0.17,-0.64
23:15:57,0.80,-0.19,-0.64
23:15:57,0.77,-0.25,-0.64
23:15:57,0.75,-0.32,-0.61
23:15:57,0.75,-0.29,-0.63
23:15:57,0.73,-0.21,-0.71
23:15:57,0.72,-0.29,-0.67
23:15:57,0.76,-0.28,-0.65
23:16:20,0.60,0.02,-0.84
23:16:20,0.54,0.11,-0.84
23:16:20,0.41,0.44,-0.80
23:16:20,0.44,0.38,-0.89
23:16:20,0.55,0.05,-0.87
23:16:20,0.68,0.11,-0.86
23:16:21,0.28,0.50,-0.80
23:16:21,0.35,0.58,-0.81
23:16:21,0.52,-0.03,-0.79
23:16:21,0.50,0.16,-0.87
23:16:21,0.32,0.65,-0.68
23:16:21,0.37,0.44,-0.87
23:16:21,0.44,0.04,-1.22
23:16:21,0.50,0.18,-0.89
23:16:21,0.67,0.15,-0.78
23:16:21,0.21,0.58,-0.78
23:16:22,0.32,0.45,-0.92
23:16:22,0.57,0.11,-0.82
23:16:22,0.42,0.24,-0.84
23:16:22,0.23,0.63,-0.66
23:16:22,0.22,0.51,-0.79
23:16:22,0.31,0.46,-0.83
23:16:22,0.31,0.45,-0.82
23:16:22,0.31,0.46,-0.82
23:16:22,0.33,0.46,-0.81
23:16:22,0.32,0.45,-0.81
23:16:23,0.32,0.46,-0.80
23:16:23,0.32,0.46,-0.81
23:57:58,0.13,0.66,-0.73
23:57:58,0.13,0.64,-0.72
23:57:58,0.12,0.64,-0.74
23:57:58,0.12,0.64,-0.73
23:57:58,0.12,0.64,-0.73
23:57:59,0.12,0.64,-0.74
23:57:59,0.12,0.64,-0.73
23:57:59,0.13,0.65,-0.73
23:57:59,0.12,0.63,-0.73
23:57:59,0.12,0.63,-0.73
23:57:59,0.11,0.63,-0.72
23:57:59,0.11,0.64,-0.72
23:57:59,0.12,0.64,-0.72
23:57:59,0.11,0.65,-0.74
23:57:59,0.12,0.65,-0.73
23:58:0,0.13,0.64,-0.72
23:58:0,0.12,0.64,-0.73
23:58:0,0.11,0.65,-0.73
23:58:0,0.15,0.64,-0.73
23:58:3,0.13,0.66,-0.71
23:58:3,0.15,0.66,-0.74
23:58:3,0.13,0.65,-0.73
23:58:3,0.13,0.65,-0.73
23:58:3,0.14,0.66,-0.72
23:58:3,0.15,0.64,-0.72
23:58:3,0.14,0.65,-0.72
23:58:4,0.15,0.64,-0.72
23:58:4,0.13,0.64,-0.72
23:58:4,0.14,0.65,-0.72
23:58:4,0.15,0.65,-0.71
23:58:4,0.15,0.65,-0.71
23:58:4,0.13,0.64,-0.72
23:58:4,0.14,0.65,-0.72
23:58:4,0.15,0.65,-0.71
23:58:4,0.14,0.66,-0.72
23:58:4,0.14,0.66,-0.72
23:58:5,0.15,0.65,-0.72
23:58:5,0.14,0.63,-0.73
23:58:28,-0.35,0.57,-0.73
23:58:28,-0.30,0.58,-0.75
23:58:28,-0.28,0.57,-0.73
23:58:28,-0.28,0.55,-0.73
23:58:28,-0.35,0.57,-0.77
23:58:28,-0.29,0.58,-0.78
23:58:28,-0.22,0.53,-0.77
23:58:29,-0.22,0.56,-0.75
23:58:29,-0.26,0.54,-0.78
23:58:29,-0.23,0.57,-0.77
23:58:29,-0.38,0.53,-0.74
23:58:29,-0.27,0.57,-0.74
23:58:29,-0.32,0.57,-0.75
23:58:29,-0.22,0.54,-0.77
23:58:29,-0.24,0.53,-0.77
23:58:29,-0.21,0.52,-0.79
23:58:29,-0.31,0.53,-0.77
23:58:30,-0.25,0.54,-0.78
23:58:30,-0.36,0.53,-0.75
