1:19:35,-0.79,-0.36,0.48
1:19:35,-0.85,-0.35,0.48
1:19:35,-0.83,-0.29,0.45
1:19:35,-0.79,-0.34,0.51
1:19:35,-0.78,-0.38,0.55
1:19:35,-0.74,-0.33,0.54
1:19:35,-0.81,-0.31,0.54
1:19:35,-0.78,-0.32,0.51
1:19:36,-0.79,-0.31,0.50
1:19:36,-0.69,-0.32,0.57
1:19:36,-0.76,-0.30,0.55
1:19:36,-0.74,-0.29,0.63
1:19:36,-0.75,-0.28,0.59
1:19:36,-0.76,-0.26,0.62
1:19:36,-0.74,-0.25,0.62
1:19:36,-0.65,-0.23,0.62
1:19:36,-0.72,-0.25,0.61
1:19:36,-0.74,-0.24,0.65
1:19:37,-0.66,-0.23,0.68
1:19:43,-0.58,-0.93,0.28
1:19:43,-0.27,-0.82,0.27
1:19:43,-0.34,-0.90,0.49
1:19:43,-0.40,-0.88,0.32
1:19:44,-0.40,-0.94,0.52
1:19:44,-0.53,-0.78,0.28
1:19:44,-0.48,-0.84,0.35
1:19:44,-0.47,-0.84,0.34
1:19:44,-0.48,-0.83,0.34
1:19:44,-0.47,-0.83,0.32
1:19:44,-0.47,-0.83,0.32
1:19:44,-0.48,-0.85,0.36
1:19:44,-0.48,-0.85,0.34
1:19:44,-0.46,-0.84,0.34
1:19:45,-0.46,-0.83,0.33
1:19:45,-0.45,-0.84,0.29
1:19:45,-0.46,-0.87,0.27
1:19:45,-0.46,-0.87,0.26
1:19:45,-0.46,-0.87,0.26
2:37:1,-0.39,-0.73,-0.59
2:37:1,-0.42,-0.72,-0.56
2:37:1,-0.41,-0.72,-0.58
2:37:1,-0.46,-0.71,-0.58
2:37:1,-0.40,-0.72,-0.57
2:37:1,-0.42,-0.73,-0.57
2:37:1,-0.40,-0.72,-0.58
2:37:2,-0.40,-0.78,-0.60
2:37:2,-0.44,-0.74,-0.58
2:37:2,-0.38,-0.73,-0.59
2:37:2,-0.37,-0.77,-0.63
2:37:2,-0.25,-0.70,-0.68
2:37:2,-0.41,-0.73,-0.61
2:37:2,-0.40,-0.70,-0.57
2:37:2,-0.44,-0.70,-0.61
2:37:2,-0.36,-0.65,-0.67
2:37:2,-0.44,-0.69,-0.61
2:37:3,-0.43,-0.71,-0.59
2:37:3,-0.45,-0.67,-0.60
2:37:15,0.34,-0.48,-0.80
2:37:15,0.32,-0.54,-0.80
2:37:15,0.30,-0.57,-0.80
2:37:15,0.28,-0.48,-0.74
2:37:15,-0.20,-0.78,-0.46
2:37:15,-0.65,-0.91,-0.07
2:37:15,-0.41,-0.97,-0.18
2:37:16,-0.22,-0.98,-0.24
2:37:16,-0.27,-0.98,-0.20
2:37:16,-0.26,-0.97,-0.21
2:37:16,-0.26,-0.97,-0.21
2:37:16,-0.26,-0.98,-0.20
2:37:16,-0.27,-0.98,-0.21
2:37:16,-0.26,-0.97,-0.21
2:37:16,-0.27,-0.98,-0.21
2:37:16,-0.26,-0.97,-0.21
2:37:16,-0.27,-0.95,-0.22
2:37:17,-0.26,-1.01,-0.10
2:37:17,-0.23,-1.01,-0.16
2:37:17,-0.23,-0.98,-0.15
2:37:17,-0.25,-0.99,-0.16
2:37:17,-0.23,-1.00,-0.16
2:37:17,-0.27,-0.96,-0.14
2:37:17,-0.29,-1.00,-0.17
2:37:17,-0.36,-1.02,-0.18
2:37:20,-0.56,-0.84,-0.11
2:37:20,-0.54,-0.85,-0.11
2:37:20,-0.57,-0.85,-0.11
2:37:20,-0.56,-0.84,-0.11
2:37:20,-0.56,-0.84,-0.09
2:37:20,-0.55,-0.84,-0.10
2:37:21,-0.56,-0.84,-0.10
2:37:21,-0.55,-0.86,-0.11
2:37:21,-0.55,-0.84,-0.10
2:37:21,-0.57,-0.84,-0.10
2:37:21,-0.57,-0.84,-0.11
2:37:21,-0.57,-0.84,-0.09
2:37:21,-0.58,-0.84,-0.07
2:37:21,-0.57,-0.83,-0.09
2:37:21,-0.58,-0.83,-0.10
2:37:21,-0.59,-0.83,-0.09
2:37:22,-0.58,-0.84,-0.09
2:37:22,-0.59,-0.84,-0.10
2:37:22,-0.58,-0.83,-0.08
2:37:26,-0.96,-0.23,-0.06
2:37:26,-0.93,-0.24,-0.02
2:37:27,-0.98,-0.23,-0.03
2:37:27,-0.98,-0.21,0.02
2:37:27,-1.01,-0.23,-0.03
2:37:27,-0.96,-0.23,-0.04
2:37:27,-0.90,-0.36,0.06
2:37:27,-1.04,-0.07,-0.00
2:37:27,-0.96,-0.15,-0.04
2:37:27,-0.94,-0.13,-0.01
2:37:27,-0.92,-0.19,-0.05
2:37:27,-0.96,-0.22,0.01
2:37:28,-0.95,-0.22,0.00
2:37:28,-0.96,-0.20,0.02
2:37:28,-0.97,-0.18,0.00
2:37:28,-0.98,-0.19,0.03
2:37:28,-0.99,-0.22,-0.01
2:37:28,-0.97,-0.21,0.03
2:37:28,-0.97,-0.18,0.07
3:2:31,-0.07,-0.99,-0.06
3:2:31,-0.12,-0.67,-0.02
3:2:31,-0.84,-1.01,0.34
3:2:31,-0.57,-0.84,0.00
3:2:31,-0.63,-0.83,0.07
3:2:31,-0.62,-0.82,0.05
3:2:31,-0.69,-0.80,0.02
3:2:32,-0.66,-0.75,0.10
3:2:32,-0.67,-0.75,0.08
3:2:32,-0.65,-0.73,0.08
3:2:32,-0.67,-0.76,0.10
3:2:32,-0.67,-0.74,0.13
3:2:32,-0.67,-0.75,0.09
3:2:32,-0.66,-0.76,0.09
3:2:32,-0.66,-0.75,0.09
3:2:32,-0.67,-0.76,0.10
3:2:32,-0.67,-0.76,0.10
3:2:33,-0.67,-0.75,0.10
3:2:33,-0.68,-0.75,0.11
3:2:33,-0.67,-0.76,0.12
3:2:33,-0.65,-0.78,0.10
3:2:33,-0.75,-0.64,0.10
3:2:33,-0.74,-0.82,0.14
3:2:33,-0.50,-1.00,-0.06
3:2:33,-0.73,-1.02,-0.16
3:2:33,-0.34,-0.92,-0.17
3:2:33,-0.19,-0.81,-0.18
3:2:34,-0.48,-0.94,-0.09
3:2:34,-0.46,-0.85,-0.05
3:2:34,-0.59,-0.89,-0.01
3:2:34,-0.57,-0.82,-0.02
3:2:34,-0.65,-0.85,0.02
3:2:34,-0.53,-0.87,-0.00
3:2:34,-0.52,-0.86,-0.02
3:2:34,-0.56,-0.84,-0.01
3:2:34,-0.56,-0.85,0.01
3:2:34,-0.57,-0.84,-0.02
3:2:35,-0.56,-0.85,0.03
3:2:35,-0.56,-0.85,0.04
3:2:35,-0.56,-0.86,0.03
3:2:35,-0.56,-0.85,0.02
3:2:35,-0.55,-0.86,0.02
3:2:35,-0.56,-0.86,0.03
3:39:42,-0.40,0.43,-0.80
3:39:42,-0.38,0.40,-0.80
3:39:42,-0.39,0.41,-0.79
3:39:42,-0.39,0.41,-0.79
3:39:42,-0.39,0.40,-0.78
3:39:42,-0.39,0.42,-0.78
3:39:42,-0.40,0.42,-0.79
3:39:43,-0.41,0.42,-0.78
3:39:43,-0.40,0.42,-0.78
3:39:43,-0.40,0.41,-0.79
3:39:43,-0.41,0.42,-0.79
3:39:43,-0.40,0.41,-0.79
3:39:43,-0.39,0.43,-0.80
3:39:43,-0.41,0.43,-0.78
3:39:43,-0.39,0.41,-0.77
3:39:43,-0.40,0.42,-0.78
3:39:43,-0.40,0.42,-0.78
3:39:44,-0.40,0.42,-0.79
3:39:44,-0.39,0.44,-0.79
3:39:48,0.01,0.47,-0.87
3:39:48,0.04,0.49,-0.85
3:39:48,0.01,0.46,-0.86
3:39:48,0.03,0.45,-0.87
3:39:48,0.02,0.45,-0.87
3:39:49,0.02,0.42,-0.89
3:39:49,0.01,0.44,-0.87
3:39:49,0.00,0.44,-0.90
3:39:49,0.03,0.47,-0.88
3:39:49,0.03,0.45,-0.87
3:39:49,0.02,0.46,-0.88
3:39:49,0.02,0.46,-0.87
3:39:49,0.03,0.45,-0.86
3:39:49,0.02,0.46,-0.86
3:39:49,0.02,0.45,-0.86
3:39:50,0.04,0.45,-0.87
3:39:50,0.03,0.47,-0.87
3:39:50,-0.04,0.43,-0.88
3:39:50,-0.10,0.39,-0.88
3:39:53,-0.30,0.13,-0.96
3:39:53,-0.34,0.14,-0.92
3:39:53,-0.39,0.15,-0.94
3:39:53,-0.37,0.09,-0.86
3:39:53,-0.38,0.18,-0.91
3:39:53,-0.41,0.10,-0.86
3:39:53,-0.44,0.16,-0.82
3:39:53,-0.79,0.04,-0.86
3:39:53,-0.50,0.07,-0.82
3:39:54,-0.46,0.10,-0.86
3:39:54,-0.41,0.08,-0.88
3:39:54,-0.09,0.18,-0.95
3:39:54,-0.58,0.04,-0.77
3:39:54,-0.34,-0.07,-0.66
3:39:54,-0.71,-0.02,-1.00
3:39:54,-0.58,0.08,-0.78
3:39:54,-0.43,0.05,-0.83
3:39:54,-0.57,-0.22,-0.83
3:39:54,-0.65,0.03,-0.69
3:51:2,-0.50,0.32,-0.76
3:51:2,-0.50,0.31,-0.76
3:51:2,-0.51,0.32,-0.77
3:51:3,-0.49,0.31,-0.76
3:51:3,-0.50,0.32,-0.77
3:51:3,-0.50,0.31,-0.76
3:51:3,-0.50,0.32,-0.77
3:51:3,-0.49,0.31,-0.77
3:51:3,-0.50,0.31,-0.78
3:51:3,-0.50,0.31,-0.78
3:51:3,-0.51,0.30,-0.77
3:51:3,-0.50,0.31,-0.77
3:51:3,-0.50,0.31,-0.79
3:51:4,-0.49,0.32,-0.77
3:51:4,-0.49,0.31,-0.77
3:51:4,-0.50,0.31,-0.77
3:51:4,-0.49,0.31,-0.77
3:51:4,-0.52,0.31,-0.77
3:51:4,-0.48,0.33,-0.80
3:51:9,-0.21,1.04,-0.66
3:51:10,-0.11,0.89,-0.32
3:51:10,-0.03,0.90,-0.26
3:51:10,0.01,0.95,-0.22
3:51:10,-0.07,0.92,-0.25
3:51:10,-0.06,0.96,-0.36
3:51:10,0.03,1.25,-0.15
3:51:10,0.02,0.92,-0.20
3:51:10,0.08,0.99,-0.14
3:51:10,-0.76,0.58,-0.37
3:51:10,-0.06,0.96,-0.14
3:51:11,-0.06,0.99,-0.10
3:51:11,-0.06,0.98,-0.08
3:51:11,-0.16,0.98,-0.22
3:51:11,-0.10,0.95,-0.13
3:51:11,-0.05,0.98,-0.06
3:51:11,-0.08,0.95,-0.09
3:51:11,-0.04,0.98,-0.06
3:51:11,-0.05,0.96,-0.06
3:59:43,-0.83,-0.11,-0.47
3:59:43,-0.89,-0.17,-0.37
3:59:43,-0.91,-0.17,-0.40
3:59:43,-0.99,-0.20,-0.34
3:59:43,-1.11,-0.08,-0.30
3:59:44,-1.08,-0.18,-0.39
3:59:44,-0.83,-0.20,-0.54
3:59:44,-0.78,-0.21,-0.55
3:59:44,-0.87,-0.33,-0.45
3:59:44,-0.46,-0.39,-0.77
3:59:44,-0.68,-0.24,-0.65
3:59:44,-0.53,-0.31,-0.66
3:59:44,-0.72,-0.17,-0.62
3:59:44,-0.69,-0.16,-0.69
3:59:44,-0.64,-0.19,-0.75
3:59:45,-0.57,-0.32,-0.72
3:59:45,-0.68,-0.20,-0.68
3:59:45,-0.72,-0.77,-0.10
3:59:45,-0.67,-0.18,-0.73
3:59:45,-0.69,-0.05,-0.79
3:59:45,-0.74,0.02,-0.76
3:59:45,-0.43,-0.27,-0.82
3:59:45,-0.32,-0.43,-0.66
3:59:45,-0.52,-0.24,-0.78
3:59:45,-0.39,-0.38,-0.74
3:59:46,-0.58,-0.23,-0.79
3:59:54,-0.43,-0.28,-0.86
3:59:54,-0.43,-0.28,-0.85
3:59:54,-0.43,-0.27,-0.86
3:59:54,-0.42,-0.25,-0.86
3:59:54,-0.43,-0.25,-0.86
3:59:54,-0.43,-0.24,-0.87
3:59:54,-0.45,-0.25,-0.85
3:59:54,-0.43,-0.24,-0.84
3:59:54,-0.43,-0.24,-0.85
3:59:55,-0.44,-0.25,-0.86
3:59:55,-0.44,-0.21,-0.85
3:59:55,-0.44,-0.23,-0.86
3:59:55,-0.44,-0.24,-0.87
3:59:55,-0.45,-0.24,-0.86
3:59:55,-0.45,-0.24,-0.85
3:59:55,-0.45,-0.24,-0.87
3:59:55,-0.44,-0.23,-0.84
3:59:55,-0.45,-0.25,-0.87
3:59:55,-0.45,-0.24,-0.85
4:0:0,-0.56,-0.71,-0.42
4:0:0,-0.60,-0.65,-0.44
4:0:0,-0.67,-0.66,-0.41
4:0:0,-0.67,-0.61,-0.45
4:0:0,-0.71,-0.60,-0.39
4:0:0,-0.69,-0.61,-0.42
4:0:0,-0.72,-0.58,-0.42
4:0:0,-0.69,-0.63,-0.41
4:0:1,-0.70,-0.60,-0.05
4:0:1,-0.66,-0.75,-0.25
4:0:1,-0.67,-0.73,-0.20
4:0:1,-0.66,-0.78,-0.27
4:0:1,-0.70,-0.73,-0.30
4:0:1,-0.70,-1.04,-0.23
4:0:1,-0.53,-0.85,-0.32
4:0:1,-0.72,-0.68,-0.30
4:0:1,-0.65,-0.67,-0.38
4:0:1,-0.90,-0.56,-0.32
4:0:2,-0.75,-0.70,-0.26
4:0:2,-0.81,-0.68,-0.34
4:0:2,-0.69,-0.64,-0.30
4:0:2,-0.72,-0.67,-0.30
4:0:2,-0.68,-0.60,-0.30
4:0:2,-0.32,-1.24,-0.59
4:0:2,-0.71,-0.73,-0.27
4:0:2,-0.75,-0.66,-0.29
4:0:2,-0.73,-0.63,-0.37
4:0:2,-0.75,-0.67,-0.35
4:0:3,-0.67,-0.71,-0.12
4:0:3,-0.74,-0.66,-0.28
4:0:3,-0.73,-0.64,-0.27
4:0:3,-0.72,-0.62,-0.29
4:0:3,-0.73,-0.65,-0.25
4:0:3,-0.74,-0.64,-0.25
4:0:3,-0.74,-0.64,-0.24
4:10:46,0.07,-1.09,-0.16
4:10:46,0.39,-0.98,-0.13
4:10:47,0.08,-1.14,0.03
4:10:47,0.28,-0.93,-0.18
4:10:47,0.14,-1.03,-0.15
4:10:47,0.24,-1.00,-0.15
4:10:47,0.15,-1.03,-0.10
4:10:47,0.13,-1.00,-0.01
4:10:47,0.13,-1.07,-0.04
4:10:47,0.11,-1.03,-0.04
4:10:47,0.14,-1.02,-0.03
4:10:47,0.11,-1.03,-0.03
4:10:48,0.12,-1.04,-0.05
4:10:48,0.09,-1.04,-0.06
4:10:48,0.12,-1.02,-0.03
4:10:48,0.13,-1.03,-0.00
4:10:48,0.17,-1.05,-0.03
4:10:48,0.15,-1.03,-0.02
4:10:48,0.10,-1.05,-0.02
4:10:48,-0.04,-1.11,-0.04
4:10:48,0.02,-1.07,-0.02
4:10:48,-0.14,-1.05,-0.06
4:10:50,-0.43,-0.95,0.07
4:10:50,-0.41,-0.93,0.06
4:10:50,-0.42,-0.92,0.06
4:10:50,-0.45,-0.91,0.06
4:10:50,-0.44,-0.91,0.05
4:10:51,-0.45,-0.93,0.05
4:10:51,-0.45,-0.90,0.05
4:10:51,-0.43,-0.90,0.06
4:10:51,-0.43,-0.93,0.06
4:10:51,-0.44,-0.90,0.05
4:10:51,-0.42,-0.93,0.05
4:10:51,-0.46,-0.90,0.05
4:10:51,-0.46,-0.90,0.04
4:10:51,-0.43,-0.96,0.01
4:10:51,-0.45,-0.90,0.04
4:10:52,-0.52,-0.88,0.04
4:10:52,-0.51,-0.89,-0.00
4:10:52,-0.44,-0.90,-0.02
4:10:52,-0.52,-0.88,-0.10
4:10:53,-0.10,-0.93,-0.46
4:10:54,-0.12,-0.91,-0.46
4:10:54,-0.13,-0.90,-0.51
4:10:54,-0.14,-0.92,-0.46
4:10:54,-0.14,-0.91,-0.43
4:10:54,-0.16,-0.91,-0.45
4:10:54,-0.15,-0.91,-0.44
4:10:54,-0.16,-0.92,-0.45
4:10:54,-0.15,-0.91,-0.45
4:10:54,-0.15,-0.91,-0.45
4:10:54,-0.14,-0.90,-0.46
4:10:55,-0.16,-0.90,-0.45
4:10:55,-0.17,-0.93,-0.49
4:10:55,-0.20,-0.89,-0.42
4:10:55,-0.19,-0.91,-0.43
4:10:55,-0.19,-0.91,-0.41
4:10:55,-0.22,-0.93,-0.42
4:10:55,-0.25,-0.90,-0.41
4:10:55,-0.21,-0.91,-0.40
4:11:8,-0.21,-0.92,-0.35
4:11:8,-0.23,-0.91,-0.35
4:11:8,-0.20,-0.94,-0.35
4:11:8,-0.20,-0.95,-0.33
4:11:8,-0.17,-0.98,-0.31
4:11:8,-0.18,-0.97,-0.32
4:11:8,-0.19,-0.97,-0.36
4:11:8,-0.14,-1.01,-0.33
4:11:8,-0.24,-0.96,-0.37
4:11:9,-0.20,-0.99,-0.49
4:11:9,0.02,-0.94,-0.32
4:11:9,-0.03,-0.94,-0.37
4:11:9,-0.21,-0.98,-0.18
4:11:9,-0.15,-0.97,-0.29
4:11:9,-0.18,-0.94,-0.27
4:11:9,0.04,-1.02,-0.43
4:11:9,-0.26,-1.01,-0.15
4:11:9,-0.19,-0.94,-0.28
4:11:9,-0.12,-0.96,-0.39
4:22:29,-0.20,-0.43,-0.02
4:22:29,-0.82,-0.55,-0.06
4:22:29,-0.69,-0.74,-0.07
4:22:29,-0.74,-0.66,-0.06
4:22:29,-0.75,-0.66,-0.06
4:22:29,-0.75,-0.66,-0.07
4:22:30,-0.77,-0.66,-0.07
4:22:30,-0.76,-0.66,-0.06
4:22:30,-0.76,-0.66,-0.06
4:22:30,-0.75,-0.66,-0.07
4:22:30,-0.76,-0.66,-0.07
4:22:30,-0.76,-0.65,-0.06
4:22:30,-0.76,-0.66,-0.06
4:22:30,-0.77,-0.66,-0.08
4:22:30,-0.77,-0.67,-0.05
4:22:30,-0.76,-0.66,-0.05
4:22:31,-0.77,-0.67,-0.08
4:22:31,-0.76,-0.64,-0.08
4:22:31,-0.76,-0.66,-0.07
4:22:41,-0.83,-0.54,-0.06
4:22:41,-0.84,-0.55,-0.06
4:22:41,-0.84,-0.55,-0.06
4:22:41,-0.84,-0.54,-0.07
4:22:41,-0.84,-0.55,-0.08
4:22:41,-0.84,-0.53,-0.07
4:22:41,-0.84,-0.55,-0.08
4:22:42,-0.85,-0.55,-0.06
4:22:42,-0.84,-0.54,-0.06
4:22:42,-0.84,-0.55,-0.08
4:22:42,-0.84,-0.54,-0.07
4:22:42,-0.84,-0.54,-0.08
4:22:42,-0.83,-0.55,-0.08
4:22:42,-0.84,-0.54,-0.07
4:22:42,-0.83,-0.54,-0.07
4:22:42,-0.84,-0.54,-0.06
4:22:42,-0.84,-0.55,-0.07
4:22:43,-0.84,-0.54,-0.08
4:22:43,-0.84,-0.54,-0.07
5:25:22,0.12,-1.03,-0.02
5:25:22,0.12,-1.04,-0.02
5:25:22,0.11,-1.02,-0.03
5:25:22,0.10,-1.03,-0.02
5:25:22,0.11,-1.03,-0.01
5:25:22,0.10,-1.03,-0.02
5:25:22,0.13,-1.03,-0.02
5:25:22,0.12,-1.04,-0.03
5:25:22,0.11,-1.02,-0.01
5:25:23,0.11,-1.02,-0.02
5:25:23,0.13,-1.03,-0.02
5:25:23,0.11,-1.03,-0.02
5:25:23,0.11,-1.03,-0.03
5:25:23,0.10,-1.03,-0.02
5:25:23,0.12,-1.03,-0.03
5:25:23,0.11,-1.04,-0.02
5:25:23,0.12,-1.03,-0.01
5:25:23,0.12,-1.03,-0.02
5:25:23,0.11,-1.02,-0.03
5:25:31,0.61,-0.74,0.50
5:25:31,0.65,-0.65,0.43
5:25:31,0.64,-0.68,0.44
5:25:31,0.64,-0.74,0.42
5:25:32,0.63,-0.69,0.43
5:25:32,0.63,-0.70,0.44
5:25:32,0.64,-0.69,0.42
5:25:32,0.62,-0.70,0.44
5:25:32,0.62,-0.70,0.43
5:25:32,0.62,-0.71,0.44
5:25:32,0.61,-0.69,0.43
5:25:32,0.62,-0.72,0.43
5:25:32,0.62,-0.71,0.45
5:25:32,0.63,-0.70,0.44
5:25:33,0.62,-0.70,0.43
5:25:33,0.63,-0.71,0.42
5:25:33,0.65,-0.70,0.44
5:25:33,0.59,-1.04,0.08
5:25:33,0.89,-0.30,0.42
5:25:34,0.80,0.02,0.63
5:25:35,0.79,0.01,0.62
5:25:35,0.80,0.03,0.61
5:25:35,0.79,0.02,0.62
5:25:35,0.79,0.02,0.63
5:25:35,0.80,0.02,0.63
5:25:35,0.80,0.02,0.62
5:25:35,0.79,0.02,0.61
5:25:35,0.80,0.01,0.62
5:25:35,0.79,0.02,0.62
5:25:35,0.80,0.02,0.62
5:25:36,0.80,0.02,0.64
5:25:36,0.79,0.01,0.63
5:25:36,0.79,0.01,0.61
5:25:36,0.80,0.01,0.62
5:25:36,0.80,0.01,0.63
5:25:36,0.80,0.00,0.63
5:25:36,0.81,0.01,0.63
5:25:36,0.80,0.01,0.61
6:19:26,0.90,0.00,0.45
6:19:26,0.90,0.03,0.46
6:19:26,0.91,0.03,0.45
6:19:26,0.91,0.02,0.44
6:19:26,0.90,0.03,0.45
6:19:26,0.91,0.03,0.44
6:19:26,0.90,0.03,0.47
6:19:26,0.91,0.02,0.46
6:19:27,0.91,0.03,0.44
6:19:27,0.90,0.03,0.45
6:19:27,0.90,0.03,0.44
6:19:27,0.91,0.03,0.45
6:19:27,0.90,0.04,0.45
6:19:27,0.90,0.03,0.44
6:19:27,0.91,0.03,0.45
6:19:27,0.91,0.03,0.44
6:19:27,0.96,0.02,0.45
6:19:27,0.92,0.05,0.41
6:19:28,0.96,-0.14,0.53
6:19:34,0.98,-0.13,0.25
6:19:34,0.98,-0.14,0.26
6:19:34,1.00,-0.15,0.28
6:19:34,0.84,-0.61,0.77
6:19:34,0.45,-0.84,0.50
6:19:34,0.54,-0.53,0.46
6:19:34,0.26,-0.83,0.55
6:19:34,0.25,-0.83,0.54
6:19:34,0.25,-0.85,0.56
6:19:35,0.31,-0.85,0.57
6:19:35,0.26,-0.82,0.56
6:19:35,0.25,-0.83,0.56
6:19:35,0.26,-0.82,0.55
6:19:35,0.27,-0.82,0.56
6:19:35,0.27,-0.83,0.55
6:19:35,0.26,-0.82,0.55
6:19:35,0.26,-0.84,0.56
6:19:35,0.26,-0.83,0.55
6:19:35,0.27,-0.83,0.56
6:19:36,0.27,-0.83,0.54
6:19:36,0.27,-0.83,0.55
6:19:36,0.26,-0.82,0.55
6:19:36,0.27,-0.82,0.56
6:19:36,0.27,-0.83,0.55
6:19:36,0.28,-0.83,0.56
6:19:43,0.21,-0.79,0.47
6:19:43,-0.20,-0.77,0.52
6:19:43,-0.32,-0.83,0.57
6:19:43,-0.17,-0.82,0.54
6:19:43,-0.22,-0.82,0.55
6:19:43,-0.15,-0.81,0.61
6:19:43,-0.17,-0.81,0.61
6:19:43,-0.12,-0.77,0.56
6:19:43,-0.16,-0.79,0.61
6:19:44,-0.24,-0.79,0.57
6:19:44,-0.00,-0.83,0.53
6:19:44,0.11,-0.78,0.63
6:19:44,0.07,-0.75,0.65
6:19:44,0.01,-0.76,0.63
6:19:44,0.00,-0.75,0.66
6:19:44,-0.10,-0.78,0.64
6:19:44,-0.12,-0.80,0.66
6:19:44,-0.06,-0.81,0.65
6:19:44,-0.06,-0.79,0.64
7:50:10,-0.76,0.36,-0.53
7:50:10,-0.72,0.39,-0.49
7:50:11,-0.70,0.48,-0.39
7:50:11,-0.71,0.55,-0.20
7:50:11,-0.69,0.42,-0.60
7:50:11,-0.76,0.55,-0.26
7:50:11,-0.93,0.34,-0.61
7:50:11,-0.89,0.43,-0.38
7:50:11,-0.61,0.45,-0.31
7:50:11,-0.80,0.38,-0.52
7:50:11,-0.52,0.48,-0.41
7:50:11,-0.98,0.25,-0.66
7:50:12,-0.27,0.71,-0.35
7:50:12,-0.62,0.83,-0.15
7:50:12,-0.29,0.87,-0.27
7:50:12,-0.39,0.88,-0.25
7:50:12,-0.22,0.81,-0.50
7:50:12,1.84,0.67,-1.08
7:50:12,0.04,0.59,-0.67
7:50:12,0.37,0.66,-0.61
7:50:12,2.00,0.76,-0.28
7:50:12,0.86,0.23,-0.57
7:50:13,0.84,0.23,-0.54
7:50:13,0.85,0.21,-0.55
7:50:13,0.85,0.21,-0.52
7:50:13,0.84,0.21,-0.53
7:50:13,0.85,0.19,-0.53
7:50:13,0.85,0.20,-0.52
7:50:13,0.85,0.20,-0.51
7:50:13,0.85,0.19,-0.51
7:50:13,0.85,0.18,-0.52
7:50:13,0.85,0.19,-0.51
7:50:16,0.95,-0.05,-0.38
7:50:16,0.96,-0.05,-0.36
7:50:16,0.95,-0.04,-0.38
7:50:16,0.95,-0.05,-0.38
7:50:16,0.95,-0.05,-0.37
7:50:17,0.95,-0.06,-0.37
7:50:17,0.95,-0.05,-0.37
7:50:17,0.95,-0.06,-0.37
7:50:17,0.96,-0.06,-0.36
7:50:17,0.95,-0.05,-0.37
7:50:17,0.96,-0.04,-0.37
7:50:17,0.95,-0.04,-0.37
7:50:17,0.95,-0.05,-0.37
7:50:17,0.95,-0.05,-0.37
7:50:17,0.95,-0.04,-0.36
7:50:18,0.95,-0.04,-0.37
7:50:18,0.95,-0.04,-0.37
7:50:18,0.97,-0.05,-0.37
7:50:18,0.94,-0.05,-0.37
7:50:23,0.97,-0.16,-0.26
7:50:23,1.00,-0.15,-0.27
7:50:23,0.97,-0.16,-0.26
7:50:23,0.98,-0.16,-0.25
7:50:23,0.99,-0.17,-0.25
7:50:23,0.99,-0.15,-0.25
7:50:23,0.98,-0.16,-0.24
7:50:23,0.98,-0.15,-0.25
7:50:23,0.98,-0.15,-0.25
7:50:24,0.98,-0.17,-0.26
7:50:24,0.99,-0.15,-0.23
7:50:24,0.99,-0.14,-0.25
7:50:24,0.99,-0.15,-0.26
7:50:24,1.00,-0.13,-0.27
7:50:24,0.98,-0.15,-0.26
7:50:24,1.00,-0.15,-0.24
7:50:24,0.98,-0.15,-0.25
7:50:24,0.98,-0.13,-0.25
7:50:24,0.99,-0.15,-0.26
8:56:3,0.89,0.40,-0.26
8:56:3,0.90,0.38,-0.28
8:56:3,0.91,0.39,-0.28
8:56:3,0.86,0.40,-0.26
8:56:3,0.89,0.41,-0.25
8:56:3,0.88,0.37,-0.27
8:56:3,0.91,0.37,-0.31
8:56:3,0.90,0.47,-0.28
8:56:4,0.87,0.36,-0.26
8:56:4,0.90,0.36,-0.25
8:56:4,0.93,0.37,-0.26
8:56:4,0.88,0.38,-0.28
8:56:4,0.93,0.31,-0.29
8:56:4,0.90,-0.08,-0.43
8:56:4,0.88,0.21,-0.38
8:56:4,0.76,-0.16,-0.30
8:56:4,0.97,0.02,-0.34
8:56:4,0.93,-0.15,-0.38
8:56:5,0.95,0.03,-0.31
8:56:5,0.90,-0.10,-0.27
8:56:5,1.06,0.00,-0.38
8:56:5,0.98,-0.04,-0.29
8:56:5,0.99,0.10,-0.35
8:56:5,1.06,-0.05,-0.40
8:56:5,1.00,0.03,-0.39
8:56:5,0.98,0.01,-0.33
8:56:5,0.94,0.02,-0.35
8:56:5,0.96,-0.00,-0.36
8:56:6,0.94,0.04,-0.37
8:56:6,0.95,0.02,-0.34
8:56:6,0.95,0.02,-0.36
8:56:6,0.96,0.08,-0.35
8:56:6,0.96,0.03,-0.36
8:56:6,0.95,0.03,-0.35
8:56:19,0.97,0.23,-0.18
8:56:19,0.97,0.22,-0.17
8:56:20,0.96,0.22,-0.17
8:56:20,0.97,0.22,-0.17
8:56:20,0.97,0.22,-0.18
8:56:20,0.97,0.23,-0.18
8:56:20,0.98,0.22,-0.19
8:56:20,0.98,0.23,-0.17
8:56:20,0.97,0.21,-0.20
8:56:20,0.93,0.24,-0.15
8:56:20,1.03,0.10,-0.24
8:56:20,0.87,0.18,-0.22
8:56:21,0.97,-0.10,-0.08
8:56:21,0.78,-0.23,-0.16
8:56:21,0.93,-0.41,0.01
8:56:21,0.75,-0.27,0.53
8:56:21,0.80,-0.56,0.28
8:56:21,0.78,-0.58,0.28
8:56:21,0.79,-0.60,0.28
8:56:21,0.77,-0.70,0.25
8:56:21,0.64,-0.96,-0.42
8:56:21,0.54,-0.82,-0.36
8:56:22,0.53,-0.80,-0.40
8:56:22,0.53,-0.79,-0.39
8:56:22,0.53,-0.81,-0.40
8:56:22,0.55,-0.80,-0.39
8:56:22,0.54,-0.81,-0.40
8:56:22,0.53,-0.80,-0.40
8:56:22,0.53,-0.80,-0.39
8:56:22,0.53,-0.80,-0.39
8:56:22,0.54,-0.80,-0.39
8:56:22,0.53,-0.79,-0.39
8:56:23,0.53,-0.79,-0.39
9:45:57,0.14,0.40,-0.90
9:45:57,0.15,0.41,-0.88
9:45:57,0.14,0.41,-0.88
9:45:58,0.14,0.41,-0.90
9:45:58,0.14,0.41,-0.89
9:45:58,0.13,0.41,-0.90
9:45:58,0.14,0.40,-0.92
9:45:58,0.06,0.54,-0.84
9:45:58,-0.02,0.55,-0.72
9:45:58,0.05,0.67,-0.77
9:45:58,0.05,0.65,-0.76
9:45:58,0.37,0.59,-0.63
9:45:58,-0.20,0.61,-0.77
9:45:59,0.00,0.58,-0.81
9:45:59,0.00,0.51,-0.74
9:45:59,-0.53,0.61,-0.54
9:45:59,-0.02,0.61,-0.73
9:45:59,-0.21,0.79,-0.80
9:45:59,-0.11,0.50,-0.70
9:45:59,0.10,0.56,-0.85
9:45:59,0.27,0.40,-0.59
9:45:59,-0.16,0.48,-0.85
9:45:59,-0.10,0.58,-0.80
9:46:0,0.06,0.56,-0.78
9:46:0,0.13,0.57,-0.74
9:46:0,0.07,0.64,-0.79
9:46:0,0.52,0.54,-0.77
9:46:0,0.22,0.74,-0.66
9:46:0,1.13,-0.04,-0.50
9:46:0,0.95,0.08,-0.44
9:46:0,0.93,0.06,-0.46
9:46:0,0.85,0.05,-0.53
9:46:0,0.93,0.10,-0.49
9:46:1,0.86,0.08,-0.50
9:46:1,0.87,0.08,-0.53
9:46:1,0.85,0.05,-0.54
9:46:1,0.86,0.07,-0.54
9:46:1,0.86,0.08,-0.55
9:46:1,0.85,0.07,-0.54
9:46:1,0.86,0.08,-0.55
9:46:1,0.85,0.07,-0.54
9:46:1,0.86,0.07,-0.55
9:46:1,0.84,0.07,-0.53
9:46:2,0.86,0.08,-0.55
9:46:2,0.85,0.07,-0.55
9:46:2,0.85,0.07,-0.55
9:46:2,0.85,0.08,-0.56
9:46:2,0.85,0.07,-0.56
9:46:2,0.80,0.13,-0.55
9:46:4,0.90,-0.05,-0.49
9:46:4,0.87,-0.07,-0.53
9:46:4,0.87,-0.07,-0.53
9:46:4,0.86,-0.06,-0.53
9:46:4,0.87,-0.08,-0.54
9:46:4,0.86,-0.09,-0.52
9:46:5,0.88,-0.06,-0.52
9:46:5,0.88,-0.07,-0.53
9:46:5,0.75,0.02,-0.54
9:46:5,1.08,-0.18,-0.76
9:46:5,0.21,0.26,-0.87
9:46:5,0.71,0.18,-0.58
9:46:5,0.70,0.24,-0.68
9:46:5,0.52,0.36,-0.75
9:46:5,0.50,0.45,-0.69
9:46:5,0.58,0.33,-0.73
9:46:6,0.59,0.36,-0.71
9:46:6,0.63,0.31,-0.69
9:46:6,0.66,0.23,-0.69
9:46:6,0.76,0.20,-0.65
9:46:6,0.77,0.14,-0.63
9:46:6,0.78,0.13,-0.60
9:46:6,1.07,-0.17,-0.39
9:46:6,0.93,-0.09,-0.41
9:46:6,0.95,-0.10,-0.37
9:46:6,0.94,-0.10,-0.41
9:46:7,0.95,-0.10,-0.39
9:46:7,0.94,-0.10,-0.40
9:46:7,0.94,-0.10,-0.39
9:46:7,0.94,-0.10,-0.38
9:46:7,0.94,-0.10,-0.40
9:46:7,0.94,-0.10,-0.38
9:46:7,0.93,-0.10,-0.39
10:8:52,0.79,-0.67,-0.03
10:8:52,0.79,-0.67,-0.04
10:8:52,0.79,-0.68,-0.04
10:8:52,0.79,-0.67,-0.03
10:8:52,0.79,-0.67,-0.04
10:8:52,0.80,-0.67,-0.04
10:8:52,0.79,-0.68,-0.03
10:8:53,0.79,-0.67,-0.04
10:8:53,0.43,-0.69,-0.16
10:8:53,0.78,-1.25,-0.27
10:8:53,0.41,-0.98,-0.21
10:8:53,0.30,-1.13,-0.26
10:8:53,0.69,-0.65,-0.21
10:8:53,0.42,-0.92,-0.16
10:8:53,0.29,-1.02,-0.16
10:8:53,0.31,-0.94,-0.27
10:8:53,0.32,-0.95,-0.25
10:8:54,0.31,-0.96,-0.26
10:8:54,0.32,-0.95,-0.26
10:59:22,1.01,-0.44,-0.14
10:59:23,0.92,-0.44,-0.17
10:59:23,0.91,-0.43,-0.16
10:59:23,0.92,-0.45,-0.18
10:59:23,0.92,-0.42,-0.17
10:59:23,0.92,-0.45,-0.16
10:59:23,0.90,-0.48,-0.17
10:59:23,0.92,-0.45,-0.14
10:59:23,0.91,-0.46,-0.17
10:59:23,0.91,-0.46,-0.16
10:59:23,0.91,-0.46,-0.16
10:59:24,0.93,-0.46,-0.18
10:59:24,0.92,-0.44,-0.16
10:59:24,0.92,-0.44,-0.17
10:59:24,0.91,-0.46,-0.16
10:59:24,0.93,-0.44,-0.18
10:59:24,0.92,-0.46,-0.17
10:59:24,0.94,-0.44,-0.20
10:59:24,0.92,-0.43,-0.18
12:35:45,0.38,-0.68,-0.68
12:35:46,0.38,-0.72,-0.68
12:35:46,0.34,-0.64,-0.66
12:35:46,0.65,-0.69,-0.48
12:35:46,0.53,-0.63,-0.65
12:35:46,0.53,-0.61,-0.67
12:35:46,0.51,-0.60,-0.66
12:35:46,0.52,-0.61,-0.65
12:35:46,0.51,-0.61,-0.68
12:35:46,0.51,-0.60,-0.67
12:35:46,0.50,-0.60,-0.66
12:35:47,0.51,-0.61,-0.65
12:35:47,0.52,-0.73,-0.66
12:35:47,0.54,-0.64,-0.66
12:35:47,0.53,-0.58,-0.65
12:35:47,0.52,-0.61,-0.64
12:35:47,0.51,-0.60,-0.65
12:35:47,0.50,-0.64,-0.66
12:35:47,0.51,-0.62,-0.65
12:36:1,0.87,0.31,-0.46
12:36:1,0.85,0.30,-0.48
12:36:2,0.84,0.30,-0.47
12:36:2,0.85,0.35,-0.48
12:36:2,0.84,0.29,-0.48
12:36:2,0.85,0.29,-0.47
12:36:2,0.83,0.30,-0.50
12:36:2,0.84,0.29,-0.45
12:36:2,0.90,0.27,-0.41
12:36:2,0.75,0.33,-0.59
12:36:2,0.83,0.26,-0.52
12:36:2,1.07,0.15,-0.57
12:36:3,0.70,0.45,-0.32
12:36:3,0.94,0.53,-0.07
12:36:3,0.75,0.34,-0.11
12:36:3,0.80,0.50,-0.29
12:36:3,0.82,0.48,-0.31
12:36:3,0.81,0.49,-0.29
12:36:3,0.80,0.50,-0.33
12:57:4,0.72,0.62,-0.25
12:57:4,0.73,0.64,-0.27
12:57:4,0.73,0.63,-0.26
12:57:4,0.76,0.65,-0.29
12:57:4,0.76,0.61,-0.20
12:57:4,0.72,0.63,-0.24
12:57:4,0.73,0.66,-0.23
12:57:4,0.72,0.65,-0.25
12:57:5,0.72,0.65,-0.24
12:57:5,0.72,0.65,-0.24
12:57:5,0.69,0.70,-0.23
12:57:5,0.70,0.63,-0.25
12:57:5,0.72,0.68,-0.25
12:57:5,0.69,0.70,-0.23
12:57:5,0.63,0.46,-0.17
12:57:5,0.72,0.67,-0.28
12:57:5,0.70,0.66,-0.22
12:57:5,0.71,0.65,-0.22
12:57:6,0.71,0.67,-0.20
12:57:11,0.06,0.72,-0.64
12:57:11,0.06,0.72,-0.67
12:57:11,0.08,0.71,-0.66
12:57:11,0.08,0.72,-0.66
12:57:11,0.08,0.73,-0.64
12:57:12,0.09,0.72,-0.64
12:57:12,0.08,0.72,-0.65
12:57:12,0.09,0.72,-0.66
12:57:12,0.08,0.73,-0.65
12:57:12,0.09,0.72,-0.65
12:57:12,0.09,0.72,-0.63
12:57:12,0.14,0.76,-0.61
12:57:12,-0.05,0.65,-0.63
12:57:12,0.13,0.79,-0.63
12:57:12,-0.19,0.38,-0.76
12:57:13,0.06,0.76,-0.64
12:57:13,0.02,0.75,-0.62
12:57:13,-0.07,0.83,-0.52
12:57:13,-0.01,0.77,-0.67
12:57:23,0.90,0.25,-0.36
12:57:23,0.88,0.25,-0.30
12:57:23,1.04,0.19,-0.35
12:57:23,0.92,0.28,-0.26
12:57:23,0.84,0.37,-0.28
12:57:23,0.90,0.34,-0.30
12:57:24,0.91,0.32,-0.32
12:57:24,0.86,0.33,-0.31
12:57:24,0.90,0.41,-0.36
12:57:24,0.90,0.31,-0.31
12:57:24,0.81,0.39,-0.41
12:57:24,0.93,0.36,-0.32
12:57:24,0.86,0.33,-0.29
12:57:24,0.95,0.37,-0.28
12:57:24,0.94,0.31,-0.27
12:57:24,0.92,0.37,-0.25
12:57:25,0.95,0.28,-0.24
12:57:25,0.91,0.34,-0.24
12:57:25,0.93,0.28,-0.20
14:10:18,0.79,0.09,-0.64
14:10:18,0.75,0.15,-0.63
14:10:18,0.77,0.12,-0.66
14:10:18,0.77,0.12,-0.65
14:10:18,0.77,0.10,-0.65
14:10:18,0.76,0.10,-0.65
14:10:19,0.78,0.11,-0.63
14:10:19,0.76,0.12,-0.65
14:10:19,0.78,0.11,-0.65
14:10:19,0.77,0.11,-0.66
14:10:19,0.77,0.11,-0.63
14:10:19,0.78,0.11,-0.66
14:10:19,0.77,0.11,-0.65
14:10:19,0.77,0.11,-0.64
14:10:19,0.77,0.11,-0.65
14:10:19,0.78,0.11,-0.66
14:10:20,0.77,0.11,-0.64
14:10:20,0.77,0.11,-0.65
14:10:20,0.78,0.11,-0.64
14:10:46,0.79,0.07,-0.62
14:10:46,0.81,0.07,-0.64
14:10:46,0.80,0.08,-0.62
14:10:46,0.81,0.08,-0.62
14:10:46,0.81,0.08,-0.63
14:10:46,0.77,0.06,-0.64
14:10:46,0.81,0.10,-0.61
14:10:46,0.80,0.08,-0.61
14:10:47,0.81,0.07,-0.60
14:10:47,0.81,0.08,-0.61
14:10:47,0.80,0.08,-0.60
14:10:47,0.81,0.07,-0.61
14:10:47,0.81,0.06,-0.61
14:10:47,0.81,0.07,-0.61
14:10:47,0.81,0.07,-0.60
14:10:47,0.81,0.08,-0.61
14:10:47,0.81,0.08,-0.60
14:10:47,0.82,0.08,-0.60
14:10:48,0.81,0.08,-0.60
14:12:32,0.92,-0.42,-0.39
14:12:32,0.68,-0.53,-0.58
14:12:32,0.68,-0.51,-0.60
14:12:32,0.64,-0.50,-0.59
14:12:33,0.66,-0.53,-0.60
14:12:33,0.67,-0.54,-0.58
14:12:33,0.77,-0.54,-0.59
14:12:33,0.67,-0.54,-0.61
14:12:33,0.72,-0.43,-0.44
14:12:33,0.69,-0.51,-0.57
14:12:33,0.68,-0.55,-0.56
14:12:33,0.73,-0.51,-0.53
14:12:33,0.70,-0.55,-0.59
14:12:33,0.67,-0.56,-0.56
14:12:34,0.66,-0.57,-0.58
14:12:34,0.66,-0.57,-0.57
14:12:34,0.69,-0.59,-0.57
14:12:34,0.65,-0.57,-0.57
14:12:34,0.66,-0.58,-0.56
14:12:41,-0.35,-0.88,-0.66
14:12:41,-0.73,-0.68,-0.54
14:12:41,-0.53,-0.65,-0.60
14:12:41,-0.87,-0.64,-0.66
14:12:41,-0.57,-0.71,-0.55
14:12:41,-0.59,-0.65,-0.49
14:12:41,-0.42,-0.77,-0.52
14:12:42,-0.56,-0.72,-0.51
14:12:42,-0.60,-0.60,-0.43
14:12:42,-0.53,-0.65,-0.57
14:12:42,-0.54,-0.68,-0.55
14:12:42,-0.53,-0.70,-0.57
14:12:42,-0.36,-0.67,-0.70
14:12:42,-0.47,-0.70,-0.57
14:12:42,-0.46,-0.69,-0.56
14:12:42,-0.55,-0.66,-0.59
14:12:42,-0.58,-0.62,-0.63
14:12:43,-0.46,-0.77,-0.64
14:12:43,-0.49,-0.60,-0.56
14:12:43,-0.51,-0.64,-0.58
14:12:43,-0.50,-0.65,-0.59
14:34:37,-0.25,-0.49,-0.84
14:34:37,-0.50,-0.53,-0.46
14:34:37,-0.33,-0.45,-0.82
14:34:37,-0.33,-0.45,-0.78
14:34:37,-0.33,-0.43,-0.83
14:34:37,-0.28,-0.41,-0.84
14:34:38,-0.32,-0.40,-0.84
14:34:38,-0.31,-0.44,-0.82
14:34:38,-0.26,-0.50,-0.86
14:34:38,-0.32,-0.45,-0.84
14:34:38,-0.32,-0.45,-0.83
14:34:38,-0.31,-0.45,-0.84
14:34:38,-0.33,-0.45,-0.82
14:34:38,-0.31,-0.46,-0.82
14:34:38,-0.31,-0.45,-0.85
14:34:38,-0.31,-0.45,-0.83
14:34:39,-0.32,-0.44,-0.83
14:34:39,-0.32,-0.44,-0.83
14:34:39,-0.33,-0.46,-0.83
14:34:44,-0.35,0.85,-0.20
14:34:44,-0.36,0.87,-0.19
14:34:44,-0.37,0.87,-0.18
14:34:44,-0.43,0.87,-0.12
14:34:44,-0.41,0.87,-0.09
14:34:44,-0.41,0.87,-0.09
14:34:45,-0.42,0.88,-0.09
14:34:45,-0.41,0.86,-0.08
14:34:45,-0.39,0.88,-0.07
14:34:45,-0.41,0.87,-0.06
14:34:45,-0.39,0.86,-0.08
14:34:45,-0.40,0.88,-0.06
14:34:45,-0.41,0.87,-0.06
14:34:45,-0.40,0.87,-0.06
14:34:45,-0.40,0.87,-0.05
14:34:45,-0.39,0.86,-0.04
14:34:46,-0.40,0.88,-0.03
14:34:46,-0.47,0.86,-0.00
14:34:46,-0.36,1.27,0.14
14:35:6,-0.51,0.58,-0.59
14:35:6,-0.50,0.53,-0.60
14:35:6,-0.47,0.62,-0.60
14:35:6,-0.50,0.53,-0.51
14:35:6,-0.70,0.43,-0.56
14:35:6,-0.60,0.52,-0.60
14:35:6,-0.49,0.50,-0.59
14:35:6,-0.73,0.44,-0.57
14:35:6,-0.63,0.52,-0.62
14:35:6,-0.64,0.46,-0.50
14:35:7,-0.71,0.54,-0.58
14:35:7,-0.82,0.48,-0.52
14:35:7,-0.61,0.52,-0.47
14:35:7,-0.83,0.45,-0.44
14:35:7,-0.72,0.49,-0.46
14:35:7,-0.69,0.44,-0.44
14:35:7,-0.80,0.51,-0.68
14:35:7,-2.00,-1.06,0.53
14:35:7,-0.64,0.59,-0.44
14:46:36,-0.46,-0.20,-0.86
14:46:36,-0.45,-0.20,-0.85
14:46:36,-0.46,-0.20,-0.86
14:46:36,-0.46,-0.18,-0.85
14:46:36,-0.13,-0.02,-0.78
14:46:36,-0.45,-0.23,-0.78
14:46:36,-0.60,-0.44,-0.70
14:46:36,-0.18,-0.10,-0.96
14:46:36,-0.52,-0.46,-0.71
14:46:36,-0.48,-0.57,-0.81
14:46:37,-0.56,-0.48,-0.78
14:46:37,-2.00,-2.00,0.52
14:46:37,-0.46,-0.41,-0.71
14:46:37,-0.35,-0.70,-0.78
14:46:37,-0.44,-0.80,-0.94
14:46:37,-0.35,-0.89,-0.98
14:46:37,-0.70,-0.62,-1.05
14:46:37,-0.83,-0.95,-0.80
14:46:37,-0.42,-0.58,-0.59
14:46:37,-0.65,-0.88,-0.49
14:46:38,-0.29,-0.71,-0.59
14:46:38,-0.28,-0.75,-0.52
14:46:38,-0.44,-0.76,-0.50
14:46:38,-0.43,-0.77,-0.52
14:46:38,-0.44,-0.79,-0.48
14:46:38,-0.42,-0.78,-0.50
14:46:38,-0.42,-0.76,-0.47
14:46:38,-0.48,-0.83,-0.48
14:46:38,-0.45,-0.81,-0.47
14:46:38,-0.42,-0.78,-0.47
14:46:39,-0.44,-0.80,-0.47
14:46:39,-0.44,-0.79,-0.47
14:46:39,-0.44,-0.80,-0.45
14:46:39,-0.43,-0.79,-0.47
14:46:39,-0.43,-0.79,-0.46
14:46:39,-0.44,-0.77,-0.43
14:46:39,-0.44,-0.79,-0.46
14:46:39,-0.44,-0.80,-0.45
14:46:39,-0.45,-0.79,-0.46
14:46:39,-0.44,-0.80,-0.45
14:46:40,-0.44,-0.79,-0.45
14:46:43,-0.09,-0.75,-0.75
14:46:43,-0.12,-0.68,-0.67
14:46:43,0.02,-0.79,-0.70
14:46:43,-0.10,-0.74,-0.62
14:46:43,0.40,-0.84,-0.50
14:46:43,0.35,-0.82,-0.55
14:46:43,0.28,-0.83,-0.54
14:46:43,0.42,-0.77,-0.57
14:46:43,0.64,-0.78,-0.42
14:46:43,0.56,-0.77,-0.48
14:46:44,0.45,-0.82,-0.44
14:46:44,0.57,-0.77,-0.45
14:46:44,0.53,-0.75,-0.43
14:46:44,0.39,-0.69,-0.36
14:46:44,0.80,-0.69,-0.40
14:46:44,0.74,-0.67,-0.33
14:46:44,0.84,-0.69,-0.25
14:46:44,0.75,-0.69,-0.27
14:46:44,0.72,-0.66,-0.29
14:46:44,0.76,-0.67,-0.30
14:46:45,0.64,-0.60,-0.45
14:46:45,0.76,-0.55,-0.45
14:46:45,0.55,-0.74,-0.38
14:46:45,0.88,-0.26,-0.70
14:46:45,0.86,-0.32,-0.63
14:46:45,0.66,-0.38,-0.68
14:46:45,0.81,-0.47,-0.71
14:46:45,0.68,-0.46,-0.64
14:46:45,0.65,-0.44,-0.62
14:46:45,0.75,-0.37,-0.61
14:46:46,0.92,-0.30,-0.61
14:46:46,0.81,-0.28,-0.54
14:46:46,0.86,-0.22,-0.51
14:46:46,0.81,-0.26,-0.54
14:46:46,0.84,-0.14,-0.44
14:46:46,0.97,0.01,-0.36
14:46:46,0.91,0.20,-0.27
14:46:46,0.94,0.26,-0.26
14:46:46,0.94,0.25,-0.28
14:46:46,0.95,0.25,-0.26
14:46:47,0.94,0.25,-0.27
14:46:47,0.94,0.25,-0.27
14:46:47,0.95,0.26,-0.27
14:46:47,0.94,0.25,-0.27
14:46:47,0.95,0.26,-0.25
14:46:47,0.94,0.25,-0.26
14:46:47,0.94,0.25,-0.27
14:46:47,0.91,0.28,-0.28
14:46:47,0.97,0.24,-0.27
14:46:47,0.96,0.25,-0.19
14:46:48,1.00,0.22,-0.19
14:46:48,0.95,0.25,-0.25
14:46:48,0.95,0.24,-0.26
14:46:48,0.96,0.28,-0.28
14:46:48,0.92,0.27,-0.32
14:46:48,0.93,0.27,-0.27
14:47:3,0.80,0.43,-0.44
14:47:3,0.78,0.42,-0.44
14:47:3,0.77,0.44,-0.44
14:47:3,0.79,0.43,-0.45
14:47:3,0.79,0.43,-0.44
14:47:3,0.80,0.43,-0.44
14:47:3,0.79,0.44,-0.44
14:47:4,0.79,0.43,-0.42
14:47:4,0.80,0.42,-0.43
14:47:4,0.79,0.42,-0.42
14:47:4,0.81,0.44,-0.47
14:47:4,0.80,0.43,-0.43
14:47:4,0.80,0.44,-0.43
14:47:4,0.80,0.43,-0.41
14:47:4,0.79,0.45,-0.43
14:47:4,0.80,0.44,-0.43
14:47:4,0.79,0.44,-0.42
14:47:5,0.80,0.42,-0.41
14:47:5,0.80,0.44,-0.41
15:59:24,0.57,0.19,-0.77
15:59:24,0.58,0.23,-0.59
15:59:24,0.59,0.17,-0.81
15:59:25,0.56,0.18,-0.72
15:59:25,0.58,0.20,-0.82
15:59:25,0.53,0.14,-0.84
15:59:25,0.33,0.23,-0.94
15:59:25,0.59,0.10,-0.81
15:59:25,0.49,0.15,-0.88
15:59:25,0.58,0.11,-0.81
15:59:25,0.55,0.09,-0.82
15:59:25,0.57,0.16,-0.79
15:59:25,0.57,0.11,-0.83
15:59:26,0.58,0.12,-0.81
15:59:26,0.57,0.11,-0.82
15:59:26,0.59,0.12,-0.81
15:59:26,0.57,0.11,-0.82
15:59:26,0.58,0.11,-0.82
15:59:26,0.58,0.12,-0.82
15:59:32,0.55,0.17,-0.83
15:59:32,0.56,0.20,-0.81
15:59:32,0.56,0.19,-0.80
15:59:32,0.56,0.20,-0.82
15:59:32,0.56,0.19,-0.81
15:59:33,0.62,0.43,-0.74
15:59:33,0.58,0.15,-0.76
15:59:33,0.57,0.18,-0.81
15:59:33,0.56,0.20,-0.82
15:59:33,0.58,0.19,-0.82
15:59:33,0.59,0.18,-0.79
15:59:33,0.45,0.25,-0.82
15:59:33,0.62,0.14,-0.79
15:59:33,0.58,0.18,-0.82
15:59:33,0.57,0.19,-0.82
15:59:34,0.56,0.18,-0.81
15:59:34,0.57,0.18,-0.81
15:59:34,0.56,0.19,-0.81
15:59:34,0.58,0.18,-0.80
15:59:42,0.49,0.44,-0.75
15:59:42,0.49,0.43,-0.74
15:59:42,0.50,0.41,-0.75
15:59:42,0.48,0.42,-0.75
15:59:42,0.49,0.42,-0.76
15:59:42,0.51,0.42,-0.75
15:59:42,0.52,0.41,-0.76
15:59:42,0.48,0.42,-0.75
15:59:43,0.50,0.42,-0.75
15:59:43,0.48,0.42,-0.73
15:59:43,0.49,0.43,-0.74
15:59:43,0.49,0.45,-0.74
15:59:43,0.51,0.44,-0.76
15:59:43,0.49,0.44,-0.74
15:59:43,0.48,0.44,-0.75
15:59:43,0.49,0.43,-0.73
15:59:43,0.50,0.47,-0.71
15:59:43,0.49,0.42,-0.75
15:59:44,0.51,0.43,-0.75
15:59:45,0.67,-0.01,-0.63
15:59:45,0.83,0.08,-0.67
15:59:45,0.78,0.12,-0.63
15:59:46,0.85,0.19,-0.79
15:59:46,0.69,0.19,-0.76
15:59:46,0.87,0.22,-0.57
15:59:46,0.69,0.07,-0.62
15:59:46,0.71,0.07,-0.68
15:59:46,0.72,0.07,-0.65
15:59:46,0.75,0.06,-0.67
15:59:46,0.74,0.08,-0.69
15:59:46,0.75,0.07,-0.67
15:59:46,0.72,0.07,-0.67
15:59:47,0.73,0.06,-0.68
15:59:47,0.72,0.06,-0.69
15:59:47,0.75,0.05,-0.68
15:59:47,0.78,0.07,-0.65
15:59:47,0.79,0.04,-0.72
15:59:47,0.72,0.11,-0.81
15:59:50,0.72,-0.56,-0.57
15:59:50,0.62,-0.49,-0.56
15:59:50,0.67,-0.64,-0.50
15:59:50,0.62,-0.62,-0.50
15:59:51,0.65,-0.58,-0.54
15:59:51,0.64,-0.59,-0.63
15:59:51,0.58,-0.62,-0.62
15:59:51,0.57,-0.66,-0.61
15:59:51,0.53,-0.65,-0.51
15:59:51,0.56,-0.61,-0.58
15:59:51,0.63,-0.63,-0.54
15:59:51,0.59,-0.64,-0.59
15:59:51,0.57,-0.63,-0.58
15:59:51,0.66,-0.49,-0.52
15:59:52,0.61,-0.65,-0.60
15:59:52,0.61,-0.57,-0.58
15:59:52,0.61,-0.60,-0.56
15:59:52,0.66,-0.60,-0.55
15:59:52,0.61,-0.62,-0.58
16:0:44,-0.44,-0.80,-0.44
16:0:44,-0.44,-0.80,-0.45
16:0:44,-0.41,-0.80,-0.44
16:0:44,-0.45,-0.79,-0.46
16:0:44,-0.44,-0.80,-0.49
16:0:44,-0.44,-0.77,-0.47
16:0:45,-0.42,-0.70,-0.48
16:0:45,-0.47,-0.73,-0.52
16:0:45,-0.48,-0.74,-0.51
16:0:45,-0.50,-0.74,-0.56
16:0:45,-0.50,-0.75,-0.57
16:0:45,-0.50,-0.70,-0.54
16:0:45,-0.49,-0.65,-0.43
16:0:45,-0.50,-0.60,-0.50
16:0:45,-0.54,-0.63,-0.58
16:0:45,-0.59,-0.64,-0.57
16:0:46,-0.55,-0.52,-0.49
16:0:46,-0.64,-0.54,-0.61
16:0:46,-0.55,-0.53,-0.58
16:0:56,-0.98,0.01,0.18
16:0:57,-0.96,0.02,0.17
16:0:57,-0.97,0.02,0.17
16:0:57,-0.98,0.02,0.18
16:0:57,-0.98,0.02,0.18
16:0:57,-0.97,0.02,0.17
16:0:57,-0.96,0.03,0.16
16:0:57,-0.97,0.01,0.18
16:0:57,-0.96,0.02,0.17
16:0:57,-0.96,0.02,0.18
16:0:57,-0.97,0.02,0.18
16:0:58,-0.96,0.03,0.18
16:0:58,-0.96,0.02,0.19
16:0:58,-0.96,0.02,0.19
16:0:58,-0.96,0.02,0.19
16:0:58,-0.97,0.03,0.18
16:0:58,-0.95,0.03,0.17
16:0:58,-0.97,0.03,0.18
16:0:58,-0.95,0.04,0.18
16:1:3,-0.68,-0.07,0.73
16:1:3,-0.68,-0.08,0.72
16:1:3,-0.68,-0.06,0.70
16:1:3,-0.71,-0.05,0.69
16:1:3,-0.69,-0.02,0.67
16:1:3,-0.73,-0.05,0.67
16:1:3,-0.73,-0.04,0.66
16:1:4,-0.75,-0.04,0.66
16:1:4,-0.74,-0.04,0.66
16:1:4,-0.75,-0.04,0.65
16:1:4,-0.73,-0.03,0.66
16:1:4,-0.74,-0.04,0.66
16:1:4,-0.73,-0.04,0.67
16:1:4,-0.74,-0.04,0.66
16:1:4,-0.74,-0.03,0.66
16:1:4,-0.74,-0.03,0.66
16:1:4,-0.74,-0.02,0.65
16:1:5,-0.74,-0.02,0.65
16:1:5,-0.72,-0.06,0.66
16:1:8,-0.93,-0.10,0.32
16:1:9,-0.92,-0.11,0.34
16:1:9,-0.92,-0.11,0.33
16:1:9,-0.93,-0.10,0.32
16:1:9,-0.93,-0.10,0.33
16:1:9,-0.93,-0.11,0.32
16:1:9,-0.92,-0.11,0.33
16:1:9,-0.93,-0.11,0.30
16:1:9,-0.92,-0.12,0.33
16:1:9,-0.92,-0.11,0.33
16:1:9,-0.92,-0.11,0.33
16:1:10,-0.95,-0.08,0.33
16:1:10,-0.90,-0.14,0.33
16:1:10,-0.94,-0.09,0.32
16:1:10,-0.92,-0.09,0.34
16:1:10,-0.94,-0.09,0.31
16:1:10,-0.92,-0.04,0.31
16:1:10,-0.92,-0.08,0.31
16:1:10,-0.92,-0.08,0.31
16:1:15,-0.73,0.03,-0.58
16:1:16,-0.28,0.16,-1.36
16:1:16,-0.15,1.14,-0.25
16:1:16,-0.04,1.04,0.08
16:1:16,0.04,0.96,0.26
16:1:16,0.02,0.96,0.18
16:1:16,0.03,0.95,0.17
16:1:16,0.02,0.95,0.15
16:1:16,0.03,0.96,0.17
16:1:16,0.02,0.96,0.18
16:1:16,0.03,0.96,0.18
16:1:17,0.03,0.95,0.18
16:1:17,0.02,0.95,0.20
16:1:17,0.03,0.94,0.18
16:1:17,0.05,0.70,-0.11
16:1:17,-0.04,0.96,0.12
16:1:17,-0.09,1.04,0.20
16:1:17,-0.05,0.89,0.16
16:1:17,0.19,0.74,0.15
16:1:17,-0.00,0.67,-0.07
16:1:17,0.03,1.04,-0.02
16:1:18,-0.15,1.00,-0.11
16:1:18,0.06,0.88,-0.53
16:1:18,-0.20,0.85,-0.55
16:1:18,-0.24,0.61,-0.29
16:1:18,-0.02,0.58,-0.53
16:1:18,0.07,0.28,-0.80
16:1:18,-0.33,0.66,-0.64
16:1:18,-0.20,0.76,-0.48
16:1:18,-0.05,0.67,-0.60
16:1:18,-0.16,0.74,-0.60
16:1:19,-0.14,0.76,-0.55
16:1:19,0.00,0.72,-0.53
16:1:19,-0.18,0.74,-0.52
16:1:19,-0.17,0.82,-0.53
16:1:19,-0.16,0.80,-0.50
16:1:19,-0.16,0.79,-0.52
16:1:19,-0.17,0.79,-0.51
16:1:19,-0.21,0.88,-0.63
16:1:19,-0.15,0.80,-0.52
16:1:19,-0.21,0.80,-0.54
16:1:20,-0.16,0.80,-0.55
16:1:20,-0.19,0.84,-0.48
16:1:20,-0.16,0.85,-0.46
16:1:20,-0.24,0.74,-0.46
16:1:20,-0.16,0.82,-0.49
16:1:20,-0.13,0.79,-0.46
16:1:20,-0.17,0.82,-0.49
16:1:20,-0.19,0.80,-0.49
16:1:20,-0.15,0.82,-0.49
16:1:20,-0.18,0.75,-0.47
16:1:27,0.63,0.29,-0.71
16:1:27,0.63,0.30,-0.71
16:1:27,0.65,0.29,-0.71
16:1:27,0.65,0.29,-0.70
16:1:28,0.64,0.30,-0.71
16:1:28,0.65,0.30,-0.70
16:1:28,0.66,0.29,-0.72
16:1:28,0.64,0.30,-0.71
16:1:28,0.66,0.30,-0.71
16:1:28,0.65,0.29,-0.70
16:1:28,0.65,0.29,-0.71
16:1:28,0.65,0.28,-0.71
16:1:28,0.65,0.29,-0.70
16:1:28,0.65,0.28,-0.73
16:1:29,0.69,0.18,-0.78
16:1:29,0.67,0.33,-0.62
16:1:29,0.72,0.25,-0.95
16:1:29,0.56,0.29,-0.84
16:1:29,0.66,0.21,-0.69
16:1:29,0.62,0.26,-0.63
16:1:29,0.54,0.28,-0.79
16:1:29,0.39,0.23,-0.91
16:1:29,0.55,0.29,-0.79
16:1:29,0.51,0.27,-0.94
16:1:30,0.55,0.23,-0.78
16:1:30,0.55,0.26,-0.77
16:1:30,0.55,0.24,-0.80
16:1:30,0.58,0.23,-0.81
16:1:30,0.57,0.25,-0.78
16:1:30,0.49,0.30,-0.82
16:1:30,0.57,0.23,-0.80
16:1:30,0.60,0.24,-0.75
16:1:30,0.59,0.23,-0.79
16:1:30,0.57,0.22,-0.80
16:1:31,0.54,0.25,-0.79
16:1:31,0.58,0.22,-0.80
16:1:31,0.58,0.23,-0.79
16:1:31,0.59,0.23,-0.78
16:1:53,0.77,-0.19,-0.63
16:1:53,0.70,-0.08,-0.65
16:1:53,0.81,-0.09,-0.67
16:1:53,0.65,-0.13,-0.73
16:1:53,0.66,-0.11,-0.62
16:1:53,0.77,-0.13,-0.60
16:1:54,0.70,-0.19,-0.67
16:1:54,1.13,0.20,-1.00
16:1:54,0.73,-0.38,-0.81
16:1:54,0.75,-0.15,-0.96
16:1:54,0.56,-0.35,-0.86
16:1:54,0.58,-0.40,-0.73
16:1:54,0.49,-0.57,-0.77
16:1:54,0.45,-0.37,-0.84
16:1:54,0.45,-0.47,-0.79
16:1:54,0.47,-0.42,-0.76
16:1:55,0.57,-0.45,-0.77
16:1:55,0.47,-0.38,-0.96
16:1:55,0.55,-0.39,-0.74
16:1:57,0.74,-0.20,-0.65
16:1:57,1.75,-0.05,-0.99
16:1:57,0.18,-0.03,-0.72
16:1:57,0.54,0.01,-0.84
16:1:57,0.61,-0.07,-0.84
16:1:57,0.73,-0.01,-0.67
16:1:57,0.71,-0.11,-0.74
16:1:57,0.76,-0.07,-0.72
16:1:58,0.71,-0.08,-0.78
16:1:58,0.59,0.00,-0.73
16:1:58,0.73,-0.00,-0.70
16:1:58,0.51,0.00,-0.88
16:1:58,0.67,0.05,-0.71
16:1:58,0.75,-0.07,-0.67
16:1:58,0.50,-0.28,-0.90
16:1:58,1.05,-0.02,-0.96
16:1:58,0.67,-0.13,-0.82
16:1:58,0.55,-0.12,-0.84
16:1:59,0.59,-0.05,-0.86
16:34:20,-0.29,0.14,-0.95
16:34:20,-0.25,0.16,-0.90
16:34:20,-0.27,0.17,-0.94
16:34:20,-0.24,0.17,-0.92
16:34:21,-0.27,0.18,-0.92
16:34:21,-0.25,0.16,-0.93
16:34:21,-0.24,0.17,-0.92
16:34:21,-0.27,0.19,-0.93
16:34:21,-0.25,0.16,-0.92
16:34:21,-0.25,0.16,-0.92
16:34:21,-0.27,0.18,-0.94
16:34:21,-0.25,0.17,-0.93
16:34:21,-0.26,0.16,-0.95
16:34:21,-0.23,0.13,-0.94
16:34:22,-0.24,0.17,-0.93
16:34:22,-0.27,0.17,-0.93
16:34:22,-0.25,0.15,-0.92
16:34:22,-0.27,0.15,-0.92
16:34:22,-0.24,0.16,-0.92
16:34:28,0.06,-0.70,-0.71
16:34:28,0.07,-0.69,-0.61
16:34:28,0.13,-0.70,-0.69
16:34:29,0.14,-0.77,-0.66
16:34:29,0.13,-0.81,-0.64
16:34:29,0.14,-0.79,-0.62
16:34:29,0.30,-0.83,-0.64
16:34:29,0.36,-0.78,-0.54
16:34:29,0.35,-0.80,-0.62
16:34:29,0.36,-0.77,-0.61
16:34:29,0.35,-0.79,-0.56
16:34:29,0.36,-0.79,-0.59
16:34:29,0.33,-0.79,-0.56
16:34:30,0.36,-0.78,-0.57
16:34:30,0.34,-0.79,-0.57
16:34:30,0.33,-0.82,-0.54
16:34:30,0.33,-0.79,-0.56
16:34:30,0.33,-0.79,-0.55
16:34:30,0.36,-0.78,-0.56
16:34:30,0.36,-0.79,-0.57
16:34:30,0.37,-0.78,-0.58
16:34:30,0.37,-0.79,-0.57
16:34:30,0.35,-0.78,-0.56
16:34:31,0.37,-0.78,-0.56
16:34:31,0.37,-0.78,-0.57
16:34:31,0.36,-0.79,-0.57
16:34:31,0.41,-0.85,-0.57
16:34:31,0.73,-0.25,-0.56
16:34:33,0.67,-0.71,-0.34
16:34:33,0.68,-0.70,-0.35
16:34:33,0.68,-0.70,-0.35
16:34:33,0.69,-0.70,-0.35
16:34:33,0.68,-0.71,-0.34
16:34:33,0.67,-0.71,-0.36
16:34:33,0.66,-0.71,-0.33
16:34:34,0.68,-0.72,-0.33
16:34:34,0.67,-0.71,-0.36
16:34:34,0.68,-0.70,-0.34
16:34:34,0.67,-0.71,-0.33
16:34:34,0.68,-0.71,-0.36
16:34:34,0.67,-0.71,-0.35
16:34:34,0.68,-0.71,-0.35
16:34:34,0.68,-0.72,-0.34
16:34:34,0.67,-0.71,-0.35
16:34:34,0.68,-0.72,-0.34
16:34:35,0.67,-0.71,-0.35
16:34:35,0.68,-0.71,-0.33
16:34:53,0.10,-0.29,-0.77
16:34:53,0.33,-0.41,-0.81
16:34:54,0.31,-0.47,-0.77
16:34:54,0.35,-0.55,-0.77
16:34:54,0.30,-0.55,-0.76
16:34:54,0.37,-0.63,-0.73
16:34:54,0.36,-0.59,-0.77
16:34:54,0.39,-0.61,-0.77
16:34:54,0.49,-0.64,-0.71
16:34:54,0.37,-0.48,-0.83
16:34:54,0.45,-0.43,-0.77
16:34:54,0.52,-0.53,-0.79
16:34:55,0.47,-0.55,-0.74
16:34:55,0.44,-0.47,-0.74
16:34:55,0.43,-0.50,-0.77
16:34:55,0.41,-0.50,-0.80
16:34:55,0.31,-0.43,-0.67
16:34:55,0.35,-0.46,-0.92
16:34:55,0.37,-0.47,-0.90
16:34:55,0.42,-0.50,-0.82
16:34:55,0.32,-0.43,-0.83
16:48:50,0.93,-0.35,-0.29
16:48:50,0.91,-0.35,-0.30
16:48:50,0.92,-0.34,-0.29
16:48:50,0.92,-0.37,-0.27
16:48:50,0.97,-0.35,-0.29
16:48:50,0.92,-0.26,-0.33
16:48:50,0.93,-0.38,-0.35
16:48:50,0.89,-0.39,-0.33
16:48:50,0.89,-0.44,-0.34
16:48:50,0.88,-0.47,-0.35
16:48:51,0.87,-0.43,-0.33
16:48:51,0.89,-0.43,-0.34
16:48:51,0.88,-0.43,-0.32
16:48:51,0.87,-0.40,-0.35
16:48:51,0.92,-0.36,-0.33
16:48:51,0.86,-0.41,-0.38
16:48:51,0.89,-0.43,-0.35
16:48:51,0.85,-0.47,-0.35
16:48:51,0.87,-0.47,-0.33
16:48:58,0.83,-0.56,-0.41
16:48:58,0.85,-0.69,-0.14
16:48:58,0.76,-0.52,-0.51
16:48:58,0.78,-0.68,-0.24
16:48:58,2.00,0.08,0.36
16:48:59,0.09,-0.78,-0.18
16:48:59,0.24,-0.66,-0.05
16:48:59,0.84,-1.13,-0.68
16:48:59,0.35,-0.87,-0.17
16:48:59,0.80,-0.69,-0.03
16:48:59,0.65,-0.98,-0.14
16:48:59,0.53,-0.80,-0.15
16:48:59,0.58,-0.73,-0.09
16:48:59,0.75,-1.04,0.05
16:48:59,0.55,-0.76,-0.17
16:49:0,0.64,-0.93,-0.07
16:49:0,0.62,-0.81,-0.02
16:49:0,0.68,-0.84,-0.03
16:49:0,0.57,-0.82,-0.15
16:49:0,0.44,-0.54,-0.12
16:49:0,0.60,-0.82,-0.12
16:49:0,0.67,-0.83,-0.02
16:49:0,0.66,-0.81,-0.03
16:49:0,0.68,-0.76,-0.08
16:49:0,0.60,-0.83,-0.12
16:49:1,0.58,-0.80,-0.18
16:49:1,0.64,-0.83,0.02
16:49:1,0.65,-0.82,0.00
16:49:1,0.65,-0.81,-0.03
16:49:1,0.66,-0.84,-0.06
16:49:1,0.65,-0.81,-0.10
16:49:1,0.65,-0.80,-0.10
16:49:1,0.66,-0.81,-0.09
16:49:1,0.65,-0.80,-0.10
16:49:1,0.64,-0.71,-0.09
16:49:2,0.67,-0.79,-0.10
16:49:2,0.67,-0.79,-0.11
17:0:23,0.53,-0.89,-0.16
17:0:23,0.45,-0.85,-0.33
17:0:23,0.55,-0.91,-0.30
17:0:23,0.62,-0.83,-0.30
17:0:23,0.50,-0.88,-0.34
17:0:23,0.46,-1.63,0.03
17:0:23,0.60,-0.75,-0.28
17:0:23,0.92,-1.05,-0.06
17:0:23,0.10,-0.86,-0.42
17:0:24,0.91,-0.87,-0.15
17:0:24,0.75,-0.77,-0.36
17:0:24,0.47,-0.71,-0.31
17:0:24,0.64,-0.81,-0.01
17:0:24,0.86,-0.67,-0.50
17:0:24,0.48,-0.81,-0.33
17:0:24,0.66,-0.85,0.06
17:0:24,0.65,-0.90,-0.15
17:0:24,0.50,-0.90,-0.20
17:0:24,0.55,-0.85,-0.13
17:6:1,0.89,-0.51,-0.08
17:6:1,0.88,-0.51,-0.11
17:6:1,0.88,-0.53,-0.07
17:6:1,0.93,-0.48,-0.10
17:6:1,0.91,-0.43,-0.10
17:6:1,0.96,-0.36,-0.10
17:6:2,0.96,-0.33,-0.10
17:6:2,0.95,-0.38,-0.09
17:6:2,1.06,-0.30,-0.04
17:6:2,0.83,-0.52,-0.10
17:6:2,0.86,-0.54,-0.12
17:6:2,0.80,-0.59,-0.12
17:6:2,0.83,-0.63,-0.12
17:6:2,0.81,-0.63,-0.14
17:6:2,0.83,-0.65,-0.15
17:6:2,0.85,-0.60,-0.13
17:6:3,0.83,-0.62,-0.14
17:6:3,0.80,-0.61,-0.15
17:6:3,0.80,-0.63,-0.11
17:6:7,0.61,-0.81,0.09
17:6:8,0.64,-0.85,0.13
17:6:8,-0.16,-1.64,-0.95
17:6:8,0.06,-0.90,0.52
17:6:8,0.12,-0.92,0.52
17:6:8,-0.63,-0.86,-0.59
17:6:8,0.43,-0.85,-0.53
17:6:8,0.37,-0.90,-0.39
17:6:8,0.29,-0.83,-0.39
17:6:8,0.39,-0.88,-0.35
17:6:8,0.37,-0.93,-0.32
17:6:9,0.39,-0.72,-0.35
17:6:9,-1.34,-1.52,-0.32
17:6:9,0.34,-0.92,0.03
17:6:9,0.28,-1.01,-0.03
17:6:9,0.27,-1.02,0.06
17:6:9,0.07,-0.96,-0.05
17:6:9,0.36,-0.94,-0.08
17:6:9,0.25,-1.04,-0.06
17:6:9,0.27,-1.00,-0.01
17:6:9,0.23,-0.99,-0.02
17:6:10,0.30,-0.96,-0.19
17:6:10,0.33,-0.94,0.03
17:6:10,0.29,-1.04,-0.20
17:6:10,0.27,-0.93,-0.23
17:6:10,0.26,-1.06,-0.09
17:6:10,0.08,-1.02,-0.26
17:6:10,0.25,-0.80,-0.31
17:6:10,0.15,-0.97,-0.27
17:6:10,0.17,-0.96,-0.28
17:6:10,0.13,-1.00,-0.27
17:13:28,0.77,-0.69,-0.10
17:13:28,0.76,-0.68,-0.10
17:13:28,0.76,-0.70,-0.09
17:13:28,0.79,-0.71,-0.09
17:13:28,0.75,-0.70,-0.10
17:13:28,0.76,-0.70,-0.09
17:13:28,0.78,-0.70,-0.11
17:13:29,0.86,-0.69,-0.13
17:13:29,0.79,-0.67,-0.11
17:13:29,0.80,-0.65,-0.11
17:13:29,0.79,-0.67,-0.12
17:13:29,0.77,-0.68,-0.13
17:13:29,0.76,-0.69,-0.12
17:13:29,0.75,-0.69,-0.13
17:13:29,0.77,-0.68,-0.11
17:13:29,0.76,-0.70,-0.13
17:13:29,0.77,-0.69,-0.14
17:13:30,0.78,-0.69,-0.12
17:13:30,0.77,-0.68,-0.12
17:13:35,0.99,-0.01,-0.33
17:13:35,0.88,-0.11,-0.37
17:13:35,0.95,-0.10,-0.36
17:13:35,0.94,-0.09,-0.36
17:13:35,0.95,-0.09,-0.36
17:13:35,0.96,-0.09,-0.38
17:13:36,0.95,-0.07,-0.36
17:13:36,0.95,-0.09,-0.38
17:13:36,0.95,-0.07,-0.37
17:13:36,0.95,-0.06,-0.38
17:13:36,0.96,-0.09,-0.37
17:13:36,0.96,-0.08,-0.37
17:13:36,0.94,-0.08,-0.39
17:13:36,0.96,-0.08,-0.39
17:13:36,0.94,-0.07,-0.39
17:13:36,0.93,-0.07,-0.38
17:13:37,0.95,-0.06,-0.38
17:13:37,0.95,-0.08,-0.39
17:13:37,0.94,-0.07,-0.38
17:13:41,0.95,0.18,-0.13
17:13:41,1.03,-0.16,0.04
17:13:41,0.96,0.00,-0.02
17:13:41,1.05,-0.09,-0.15
17:13:41,1.04,-0.12,-0.04
17:13:42,1.00,-0.20,-0.04
17:13:42,1.03,-0.08,-0.07
17:13:42,1.03,-0.09,-0.06
17:13:42,1.03,-0.14,-0.01
17:13:42,1.04,-0.11,-0.06
17:13:42,1.03,-0.06,-0.07
17:13:42,1.04,-0.11,-0.04
17:13:42,1.05,-0.12,-0.06
17:13:42,1.04,-0.07,-0.13
17:13:42,1.02,-0.06,-0.07
17:13:43,1.02,-0.07,-0.07
17:13:43,1.02,-0.07,-0.08
17:13:43,1.03,-0.06,-0.06
17:13:43,1.02,-0.06,-0.07
17:19:24,0.88,0.47,-0.10
17:19:24,0.88,0.47,-0.11
17:19:25,0.87,0.48,-0.08
17:19:25,0.87,0.48,-0.08
17:19:25,0.88,0.47,-0.08
17:19:25,0.88,0.47,-0.10
17:19:25,0.89,0.48,-0.10
17:19:25,0.88,0.48,-0.11
17:19:25,0.88,0.47,-0.09
17:19:25,0.88,0.48,-0.10
17:19:25,0.88,0.48,-0.09
17:19:25,0.88,0.47,-0.10
17:19:25,0.88,0.48,-0.10
17:19:26,0.88,0.46,-0.12
17:19:26,0.87,0.47,-0.10
17:19:26,0.88,0.48,-0.11
17:19:26,0.88,0.47,-0.12
17:19:26,0.87,0.48,-0.12
17:19:26,0.87,0.49,-0.12
17:19:38,0.93,-0.25,-0.29
17:19:38,0.94,-0.28,-0.22
17:19:38,0.99,-0.26,-0.17
17:19:38,0.99,-0.21,-0.20
17:19:38,0.98,-0.15,-0.18
17:19:38,0.87,-0.23,-0.22
17:19:39,1.08,-0.16,-0.29
17:19:39,0.92,-0.14,-0.19
17:19:39,1.12,-0.21,0.17
17:19:39,1.02,-0.22,-0.04
17:19:39,1.01,-0.18,-0.19
17:19:39,0.99,-0.32,-0.14
17:19:39,1.04,-0.35,-0.14
17:19:39,0.98,-0.19,-0.15
17:19:39,0.98,-0.23,-0.12
17:19:39,1.00,-0.24,-0.16
17:19:40,1.00,-0.25,-0.16
17:19:40,0.99,-0.26,-0.15
17:19:40,0.99,-0.26,-0.16
17:24:20,1.00,0.20,-0.04
17:24:20,1.01,0.19,-0.04
17:24:21,1.01,0.19,-0.05
17:24:21,1.00,0.21,-0.06
17:24:21,0.99,0.19,-0.06
17:24:21,0.98,0.20,-0.06
17:24:21,1.02,0.18,-0.05
17:24:21,0.99,0.18,-0.09
17:24:21,1.00,0.18,-0.07
17:24:21,0.99,0.17,-0.09
17:24:21,1.00,0.18,-0.07
17:24:21,1.00,0.16,-0.11
17:24:22,1.00,0.18,-0.09
17:24:22,0.99,0.17,-0.10
17:24:22,0.99,0.15,-0.11
17:24:22,0.99,0.16,-0.11
17:24:22,1.00,0.18,-0.15
17:24:22,1.03,0.20,-0.12
17:24:22,1.00,0.14,-0.13
17:24:28,0.88,-0.32,0.43
17:24:28,0.88,-0.36,0.46
17:24:28,0.90,-0.29,0.37
17:24:28,1.01,-0.18,0.20
17:24:28,0.70,-0.14,0.59
17:24:28,0.66,-0.23,0.60
17:24:28,0.83,-0.31,0.59
17:24:28,0.90,-0.18,0.44
17:24:28,0.95,-0.18,0.34
17:24:28,0.99,-0.16,0.26
17:24:29,0.98,-0.09,0.22
17:24:29,1.10,-0.22,0.24
17:24:29,1.00,-0.13,0.23
17:24:29,1.01,-0.06,0.14
17:24:29,0.84,-0.44,0.29
17:24:29,1.18,0.03,0.06
17:24:29,1.03,0.01,0.20
17:24:29,1.00,0.04,0.20
17:24:29,1.02,0.05,0.17
17:24:29,0.97,0.08,0.15
17:24:30,1.00,0.04,0.17
17:24:30,0.99,0.04,0.20
17:24:30,1.03,0.03,0.14
17:24:30,0.99,0.02,0.09
17:24:30,1.01,0.08,0.13
17:24:30,1.01,0.12,0.12
17:25:33,1.00,0.10,0.03
17:25:33,0.95,0.10,0.08
17:25:33,0.60,0.08,0.71
17:25:33,0.62,0.10,0.84
17:25:33,0.75,0.06,0.69
17:25:33,0.78,0.06,0.62
17:25:33,0.79,0.06,0.63
17:25:33,0.77,0.08,0.62
17:25:33,0.84,0.14,0.52
17:25:34,0.87,0.17,0.45
17:25:34,0.83,0.08,0.71
17:25:34,0.93,0.19,0.33
17:25:34,0.98,0.22,0.22
17:25:34,0.96,0.24,0.21
17:25:34,0.95,0.28,0.16
17:25:34,0.93,0.28,0.10
17:25:34,0.97,0.38,-0.02
17:25:34,0.98,0.27,-0.02
17:25:34,0.92,0.30,-0.07
17:25:35,0.97,0.28,-0.29
17:25:35,0.93,0.33,-0.30
17:25:35,0.92,0.28,-0.32
17:25:35,0.92,0.30,-0.28
17:25:35,0.93,0.29,-0.31
17:25:35,0.91,0.29,-0.31
17:25:35,0.92,0.28,-0.29
17:25:35,0.93,0.29,-0.30
17:25:35,0.97,0.27,-0.15
17:25:35,0.95,0.30,-0.24
17:25:36,0.95,0.27,-0.25
17:25:36,0.81,0.38,-0.30
17:25:36,0.93,0.28,-0.29
17:25:36,0.93,0.26,-0.26
17:25:36,0.95,0.28,-0.11
17:25:36,0.93,0.29,-0.23
17:25:36,0.93,0.29,-0.28
17:25:36,0.91,0.29,-0.26
17:28:19,0.53,0.83,0.03
17:28:20,0.54,0.82,0.02
17:28:20,0.53,0.82,0.01
17:28:20,0.52,0.83,0.01
17:28:20,0.52,0.84,0.02
17:28:20,0.53,0.84,0.03
17:28:20,0.52,0.85,0.02
17:28:20,0.49,0.86,-0.00
17:28:20,0.40,0.67,-0.01
17:28:20,0.48,0.77,-0.01
17:28:20,0.52,0.84,0.00
17:28:21,0.42,0.80,-0.14
17:28:21,0.53,0.83,-0.06
17:28:21,0.54,0.80,-0.03
17:28:21,0.54,0.84,-0.04
17:28:21,0.53,0.83,-0.05
17:28:21,0.53,0.82,-0.04
17:28:21,0.54,0.83,-0.03
17:28:21,0.53,0.84,-0.03
17:28:29,0.96,-0.14,-0.32
17:28:29,0.97,-0.17,-0.33
17:28:29,0.97,-0.16,-0.32
17:28:29,0.97,-0.16,-0.31
17:28:30,0.97,-0.15,-0.34
17:28:30,0.95,-0.15,-0.35
17:28:30,0.96,-0.15,-0.33
17:28:30,0.95,-0.15,-0.34
17:28:30,0.96,-0.14,-0.33
17:28:30,0.94,-0.15,-0.35
17:28:30,0.90,-0.19,-0.38
17:28:30,0.94,-0.11,-0.38
17:28:30,0.95,-0.10,-0.37
17:28:30,0.95,-0.11,-0.38
17:28:31,0.94,-0.08,-0.34
17:28:31,0.94,-0.12,-0.39
17:28:31,0.91,-0.10,-0.35
17:28:31,0.94,-0.10,-0.41
17:28:31,1.09,0.17,-0.54
17:28:32,0.94,0.33,-0.12
17:28:32,0.93,0.34,-0.15
17:28:33,0.93,0.35,-0.11
17:28:33,0.94,0.33,-0.15
17:28:33,0.93,0.36,-0.15
17:28:33,0.92,0.31,-0.21
17:28:33,0.94,0.34,-0.17
17:28:33,0.95,0.41,-0.11
17:28:33,0.92,0.31,-0.19
17:28:33,0.95,0.34,-0.19
17:28:33,0.93,0.28,-0.18
17:28:33,0.66,-0.09,-0.27
17:28:34,1.11,-0.07,-0.03
17:28:34,0.99,-0.05,0.34
17:28:34,0.94,0.43,0.24
17:28:34,1.00,0.27,0.22
17:28:34,0.94,0.32,0.19
17:28:34,0.92,0.34,0.21
17:28:34,1.18,-0.25,0.23
17:28:34,0.08,0.67,-0.62
17:28:34,0.90,0.81,0.05
17:28:34,0.70,0.71,-0.15
17:28:35,0.71,0.70,-0.15
17:28:35,0.69,0.71,-0.15
17:28:35,0.69,0.69,-0.15
17:28:35,0.68,0.69,-0.16
17:28:35,0.68,0.71,-0.16
17:28:35,0.67,0.70,-0.16
17:28:35,0.67,0.71,-0.16
17:28:35,0.67,0.70,-0.15
17:28:35,0.66,0.73,-0.14
17:28:35,0.67,0.71,-0.15
17:28:36,0.67,0.71,-0.15
17:28:36,0.66,0.73,-0.15
17:28:36,0.66,0.71,-0.16
17:28:36,0.67,0.71,-0.15
17:28:36,0.67,0.71,-0.14
17:28:36,0.67,0.71,-0.14
17:28:36,0.67,0.71,-0.14
17:28:47,0.45,0.52,0.69
17:28:47,0.81,0.59,0.25
17:28:47,0.75,0.52,0.48
17:28:47,0.71,0.06,1.06
17:28:47,0.45,0.01,0.89
17:28:47,0.64,0.16,0.79
17:28:48,0.60,0.09,0.81
17:28:48,0.61,0.10,0.79
17:28:48,0.61,0.13,0.81
17:28:48,0.63,0.17,0.75
17:28:48,0.66,0.23,0.71
17:28:48,0.72,0.27,0.66
17:28:48,0.74,0.28,0.63
17:28:48,0.73,0.27,0.61
17:28:48,0.74,0.30,0.59
17:28:48,0.76,0.31,0.60
17:28:49,0.76,0.32,0.58
17:28:49,0.76,0.31,0.58
17:28:49,0.77,0.33,0.56
17:28:49,0.80,0.35,0.50
17:28:49,0.79,0.34,0.45
17:28:49,0.83,0.36,0.43
17:28:49,0.74,0.43,0.31
17:28:49,0.90,0.44,0.24
17:28:49,0.86,0.47,0.28
17:31:47,1.01,-0.03,-0.14
17:31:47,1.01,-0.03,-0.12
17:31:48,1.01,-0.03,-0.12
17:31:48,1.01,-0.03,-0.14
17:31:48,1.02,-0.03,-0.12
17:31:48,1.02,-0.03,-0.10
17:31:48,1.02,-0.02,-0.10
17:31:48,1.01,-0.03,-0.11
17:31:48,1.01,-0.01,-0.11
17:31:48,1.02,-0.03,-0.12
17:31:48,1.02,-0.02,-0.10
17:31:48,1.02,-0.01,-0.12
17:31:49,1.03,-0.01,-0.11
17:31:49,0.99,-0.05,-0.13
17:31:49,1.03,-0.02,-0.10
17:31:49,1.00,0.06,-0.14
17:31:49,1.01,0.04,-0.19
17:31:49,0.96,0.13,-0.26
17:31:49,0.91,0.20,-0.39
17:31:51,0.88,0.52,-0.23
17:31:51,0.79,0.55,-0.04
17:31:51,0.84,0.49,-0.07
17:31:51,0.86,0.50,-0.15
17:31:51,0.89,0.50,-0.12
17:31:51,0.89,0.48,-0.15
17:31:51,0.90,0.42,-0.14
17:31:51,0.91,0.39,-0.16
17:31:51,0.90,0.40,-0.18
17:31:52,0.94,0.34,-0.17
17:31:52,0.94,0.29,-0.15
17:31:52,0.93,0.31,-0.23
17:31:52,0.95,0.30,-0.20
17:31:52,0.93,0.29,-0.27
17:31:52,0.92,0.28,-0.27
17:31:52,0.96,0.31,-0.20
17:31:52,0.96,0.30,-0.19
17:31:52,0.96,0.30,-0.18
17:31:52,0.96,0.31,-0.09
17:31:53,0.99,0.26,-0.10
17:31:53,0.95,0.26,-0.08
17:31:53,0.94,0.27,-0.17
17:31:53,0.97,0.29,-0.14
17:32:9,1.02,0.07,-0.18
17:32:9,0.96,0.06,-0.15
17:32:9,1.01,0.10,-0.19
17:32:9,0.98,0.18,-0.24
17:32:9,1.00,0.09,-0.20
17:32:9,0.95,0.05,-0.22
17:32:9,1.04,0.02,-0.17
17:32:9,0.97,0.31,-0.16
17:32:9,0.96,-0.00,-0.24
17:32:9,1.03,0.05,-0.24
17:32:10,0.93,0.06,-0.18
17:32:10,1.02,-0.01,-0.20
17:32:10,1.01,-0.01,-0.23
17:32:10,0.91,0.11,-0.21
17:32:10,1.10,0.04,-0.31
17:32:10,0.99,0.19,-0.31
17:32:10,0.77,0.31,-0.37
17:32:10,0.72,0.41,-0.29
17:32:10,1.32,0.30,-0.41
17:32:10,1.48,0.67,-0.59
17:32:11,0.82,0.39,-0.01
17:32:11,0.95,0.14,-0.11
17:32:11,1.00,0.04,-0.04
17:32:11,0.99,-0.08,0.11
17:32:11,0.90,-0.14,-0.01
17:32:11,0.99,0.00,0.04
17:32:11,0.75,0.29,0.18
17:32:11,0.98,0.26,-0.00
17:32:11,1.01,0.15,0.02
17:32:11,0.89,0.21,0.05
17:32:12,1.06,0.06,0.08
17:32:12,0.96,0.13,0.10
17:32:12,0.93,0.15,-0.06
17:32:12,1.03,0.05,-0.05
17:32:12,1.01,0.01,-0.22
17:32:12,1.13,0.02,0.08
17:32:12,1.02,-0.01,-0.14
17:32:12,1.04,0.03,-0.02
18:3:26,0.73,0.47,-0.35
18:3:26,0.71,0.39,-0.38
18:3:26,0.82,0.69,-0.19
18:3:26,0.70,0.42,-0.41
18:3:26,0.66,0.70,-0.20
18:3:26,0.70,0.68,-0.25
18:3:26,0.64,0.68,-0.23
18:3:26,0.61,0.78,-0.23
18:3:26,0.59,0.79,-0.23
18:3:26,0.62,0.71,-0.27
18:3:27,0.63,0.72,-0.25
18:3:27,0.65,0.67,-0.26
18:3:27,0.68,0.69,-0.24
18:3:27,0.64,0.67,-0.21
18:3:27,0.66,0.70,-0.21
18:3:27,0.49,0.77,-0.30
18:3:27,0.50,0.81,-0.23
18:3:27,0.49,0.80,-0.18
18:3:27,0.53,0.71,-0.30
18:3:31,0.08,0.95,-0.21
18:3:31,0.08,0.94,-0.20
18:3:31,0.08,0.95,-0.21
18:3:31,0.06,0.94,-0.21
18:3:31,0.08,0.95,-0.20
18:3:31,0.07,0.95,-0.21
18:3:31,0.08,0.96,-0.21
18:3:31,0.07,0.95,-0.21
18:3:32,0.07,0.94,-0.20
18:3:32,0.06,0.95,-0.21
18:3:32,-0.11,1.01,-0.13
18:3:32,0.03,0.94,-0.19
18:3:32,0.08,0.95,-0.18
18:3:32,0.08,0.95,-0.20
18:3:32,0.08,0.94,-0.22
18:3:32,0.10,0.98,-0.20
18:3:32,0.07,0.94,-0.21
18:3:32,0.06,0.93,-0.22
18:3:33,0.13,0.93,-0.22
18:3:35,0.06,0.92,-0.31
18:3:35,0.07,0.91,-0.31
18:3:35,0.06,0.92,-0.31
18:3:36,0.07,0.91,-0.31
18:3:36,0.07,0.90,-0.32
18:3:36,0.07,0.92,-0.32
18:3:36,0.06,0.92,-0.31
18:3:36,0.06,0.91,-0.29
18:3:36,0.06,0.92,-0.30
18:3:36,0.07,0.92,-0.29
18:3:36,0.06,0.92,-0.31
18:3:36,0.06,0.91,-0.31
18:3:36,0.06,0.92,-0.31
18:3:37,0.05,0.92,-0.32
18:3:37,0.06,0.92,-0.32
18:3:37,0.07,0.93,-0.32
18:3:37,0.07,0.91,-0.30
18:3:37,0.06,0.92,-0.32
18:3:37,0.06,0.92,-0.31
18:3:50,0.21,0.77,0.64
18:3:50,0.11,0.70,0.50
18:3:50,-0.41,0.74,0.09
18:3:51,-0.43,0.88,0.12
18:3:51,-0.57,0.72,0.00
18:3:51,-0.53,0.74,-0.08
18:3:51,-0.56,0.82,-0.03
18:3:51,-0.58,0.74,0.01
18:3:51,-0.74,0.56,0.07
18:3:51,-0.50,-0.05,-0.03
18:3:51,-1.01,0.42,-0.18
18:3:51,-0.28,0.24,-0.57
18:3:51,-0.79,0.50,-0.23
18:3:52,-0.75,0.52,-0.29
18:3:52,-0.86,0.48,-0.27
18:3:52,-0.92,0.39,-0.32
18:3:52,-0.84,0.20,-0.51
18:3:52,-0.84,0.26,-0.45
18:3:52,-0.82,0.25,-0.45
18:3:52,-0.79,0.26,-0.49
18:3:52,-0.80,0.24,-0.51
18:3:52,-0.91,0.24,-0.40
18:3:52,-1.16,0.13,-0.19
18:3:53,-0.84,0.25,-0.45
18:3:53,-0.79,0.14,-0.44
18:3:53,-0.76,0.25,-0.46
18:3:53,-0.82,0.22,-0.33
18:3:53,-0.89,0.24,-0.35
18:3:53,-0.82,0.27,-0.27
18:3:53,-0.70,0.49,-0.07
18:3:53,-1.02,0.33,-0.25
18:3:53,-0.84,0.51,-0.46
18:3:53,-0.84,0.44,-0.19
18:3:54,-0.82,0.24,-0.28
18:3:54,-0.96,0.23,-0.21
18:3:54,-1.22,0.37,-0.49
18:24:44,-0.72,-0.72,0.04
18:24:44,-0.72,-0.71,0.04
18:24:44,-0.71,-0.71,0.03
18:24:44,-0.72,-0.71,0.04
18:24:44,-0.71,-0.70,0.03
18:24:45,-0.71,-0.71,0.03
18:24:45,-0.71,-0.72,0.03
18:24:45,-0.72,-0.70,0.04
18:24:45,-0.72,-0.71,0.04
18:24:45,-0.71,-0.72,0.04
18:24:45,-0.71,-0.73,0.04
18:24:45,-0.71,-0.72,0.04
18:24:45,-0.71,-0.72,0.02
18:24:45,-0.71,-0.72,0.03
18:24:45,-0.66,-0.76,-0.02
18:24:46,-0.66,-0.75,-0.04
18:24:46,-0.70,-0.72,0.01
18:24:46,-0.74,-0.68,0.06
18:24:46,-0.64,-0.74,0.10
18:24:53,0.15,-1.02,-0.07
18:24:53,0.15,-1.04,-0.06
18:24:53,0.15,-1.03,-0.05
18:24:54,0.13,-1.05,-0.07
18:24:54,0.15,-1.03,-0.06
18:24:54,0.15,-1.03,-0.06
18:24:54,0.15,-1.02,-0.06
18:24:54,0.15,-1.01,-0.05
18:24:54,0.16,-1.03,-0.05
18:24:54,0.14,-1.03,-0.06
18:24:54,0.13,-1.02,-0.04
18:24:54,0.16,-1.03,-0.06
18:24:54,0.15,-1.03,-0.07
18:24:55,0.15,-1.04,-0.05
18:24:55,0.15,-1.02,-0.05
18:24:55,0.15,-1.02,-0.06
18:24:55,0.15,-1.03,-0.06
18:24:55,0.15,-1.03,-0.06
18:24:55,0.17,-1.03,-0.05
18:25:16,-0.45,-0.91,-0.14
18:25:16,-0.44,-0.88,-0.25
18:25:16,-0.40,-0.93,-0.23
18:25:16,-0.44,-0.88,-0.23
18:25:16,-0.21,-0.95,-0.14
18:25:16,-0.03,-1.05,-0.23
18:25:16,-0.21,-1.01,0.02
18:25:16,-0.20,-1.05,0.10
18:25:16,-0.29,-0.56,0.47
18:25:16,-0.50,-0.12,1.30
18:25:17,-0.54,-0.34,0.88
18:25:17,-0.35,-0.28,0.89
18:25:17,-0.40,-0.20,0.92
18:25:17,-0.42,-0.18,0.87
18:25:17,-0.37,-0.26,0.90
18:25:17,-0.34,-0.23,0.85
18:25:17,-0.39,-0.31,0.93
18:25:17,-0.19,-0.33,0.89
18:25:17,-0.38,-0.39,0.86
18:25:17,-0.37,-0.42,0.87
18:25:18,-0.37,-0.46,0.87
18:25:18,-0.39,-0.46,0.84
18:25:18,-0.32,-0.52,0.83
18:25:18,-0.38,-0.49,0.81
18:25:18,-0.39,-0.47,0.80
18:25:18,-0.40,-0.48,0.79
18:25:18,-0.36,-0.49,0.79
18:25:18,-0.38,-0.49,0.77
18:25:18,-0.27,-0.63,0.67
18:25:18,-0.40,-0.65,0.67
18:50:10,-0.84,-0.46,0.22
18:50:10,-0.79,-0.58,0.26
18:50:10,-0.78,-0.57,0.22
18:50:10,-0.79,-0.63,0.20
18:50:10,-0.80,-0.64,0.17
18:50:10,-0.78,-0.62,0.16
18:50:11,-0.75,-0.64,0.16
18:50:11,-0.73,-0.67,0.14
18:50:11,-0.70,-0.75,0.13
18:50:11,-0.71,-0.72,0.12
18:50:11,-0.70,-0.73,0.13
18:50:11,-0.69,-0.64,0.14
18:50:11,-0.69,-0.73,0.13
18:50:11,-0.63,-0.84,0.09
18:50:11,-0.61,-0.79,0.09
18:50:11,-0.63,-0.74,0.11
18:50:12,-0.47,-1.04,-0.05
18:50:12,-0.49,-0.88,0.00
18:50:12,-0.49,-0.94,-0.04
18:50:13,-0.22,-0.92,-0.42
18:50:14,-0.22,-0.91,-0.42
18:50:14,-0.23,-0.91,-0.42
18:50:14,-0.21,-0.92,-0.43
18:50:14,-0.21,-0.91,-0.41
18:50:14,-0.23,-0.91,-0.43
18:50:14,-0.21,-0.90,-0.42
18:50:14,-0.22,-0.90,-0.42
18:50:14,-0.21,-0.90,-0.43
18:50:14,-0.19,-0.90,-0.45
18:50:14,-0.21,-0.91,-0.44
18:50:15,-0.22,-0.91,-0.45
18:50:15,-0.23,-0.89,-0.46
18:50:15,-0.20,-0.90,-0.45
18:50:15,-0.21,-0.90,-0.44
18:50:15,-0.21,-0.88,-0.44
18:50:15,-0.19,-0.89,-0.45
18:50:15,-0.21,-0.90,-0.45
18:50:15,-0.20,-0.89,-0.45
18:50:50,-0.30,-0.97,0.02
18:50:51,-0.19,-1.04,0.06
18:50:51,-0.27,-0.98,0.01
18:50:51,-0.22,-1.02,0.03
18:50:51,-0.21,-1.00,0.04
18:50:51,-0.26,-0.92,-0.06
18:50:51,-0.25,-1.03,0.05
18:50:51,-0.37,-1.25,0.07
18:50:51,-0.30,-1.01,0.30
18:50:51,-0.10,-0.30,0.31
18:50:51,-0.49,-0.53,0.49
18:50:52,-0.57,-0.83,0.53
18:50:52,-0.47,-0.75,0.48
18:50:52,-0.46,-0.81,0.37
18:50:52,-0.35,-0.87,0.21
18:50:52,-0.33,-0.94,0.16
18:50:52,-0.35,-0.95,0.15
18:50:52,-0.27,-0.95,0.16
18:50:52,-0.41,-1.09,0.14
18:50:52,-0.55,-0.64,0.30
18:50:52,-0.75,-0.32,0.67
18:50:53,-0.74,-0.46,0.50
18:50:53,-0.71,-0.55,0.42
18:50:53,-0.65,-0.62,0.30
18:50:53,-0.70,-0.69,0.23
18:50:53,-0.74,-0.66,0.20
18:50:53,-0.72,-0.65,0.25
18:50:53,-0.73,-0.74,0.17
18:50:53,-0.71,-0.72,0.13
18:50:53,-0.71,-0.69,0.14
18:50:53,-0.69,-0.70,0.10
18:50:54,-0.70,-0.53,-0.32
18:50:54,-0.73,-0.68,-0.04
18:50:54,-0.55,-0.90,-0.02
18:50:54,-0.66,-0.79,-0.09
18:50:54,-0.69,-0.79,-0.12
18:50:54,-0.72,-0.71,-0.19
18:50:54,-0.68,-0.74,-0.09
18:50:54,-0.53,-0.84,-0.06
18:50:54,-0.63,-0.77,-0.11
18:50:54,-0.67,-0.77,-0.09
19:3:34,-0.22,-0.90,-0.41
19:3:34,-0.24,-0.92,-0.41
19:3:35,-0.23,-0.90,-0.41
19:3:35,-0.22,-0.92,-0.45
19:3:35,-0.23,-0.91,-0.42
19:3:35,-0.22,-0.92,-0.39
19:3:35,-0.21,-0.90,-0.43
19:3:35,-0.21,-0.91,-0.43
19:3:35,-0.22,-0.91,-0.43
19:3:35,-0.21,-0.91,-0.44
19:3:35,-0.21,-0.92,-0.43
19:3:35,-0.21,-0.90,-0.42
19:3:36,-0.21,-0.90,-0.43
19:3:36,-0.20,-0.91,-0.43
19:3:36,-0.21,-0.91,-0.43
19:3:36,-0.22,-0.91,-0.44
19:3:36,-0.21,-0.91,-0.42
19:3:36,-0.21,-0.92,-0.41
19:3:36,-0.22,-0.91,-0.43
19:4:19,-0.70,-0.51,-0.30
19:4:20,-0.77,-0.51,-0.33
19:4:20,-0.76,-0.51,-0.34
19:4:20,-0.79,-0.53,-0.31
19:4:20,-0.78,-0.53,-0.32
19:4:20,-0.79,-0.54,-0.31
19:4:20,-0.78,-0.54,-0.30
19:4:20,-0.78,-0.54,-0.30
19:4:20,-0.78,-0.54,-0.31
19:4:20,-0.79,-0.54,-0.32
19:4:20,-0.78,-0.54,-0.31
19:4:21,-0.79,-0.54,-0.31
19:4:21,-0.78,-0.54,-0.31
19:4:21,-0.79,-0.55,-0.31
19:4:21,-0.77,-0.55,-0.31
19:4:21,-0.78,-0.54,-0.32
19:4:21,-0.78,-0.54,-0.31
19:4:21,-0.78,-0.55,-0.31
19:4:21,-0.78,-0.54,-0.31
19:4:30,-0.48,-0.89,-0.06
19:4:30,-0.61,-0.93,-0.08
19:4:30,-0.56,-0.91,0.03
19:4:30,-0.52,-0.87,0.01
19:4:30,-0.53,-1.12,0.28
19:4:30,-0.67,-0.73,0.63
19:4:31,-0.18,-0.08,1.06
19:4:31,-0.18,0.03,0.86
19:4:31,-0.12,0.20,0.96
19:4:31,-0.17,0.25,0.92
19:4:31,-0.16,0.42,0.92
19:4:31,-0.12,0.48,0.84
19:4:31,-0.13,0.53,0.84
19:4:31,-0.11,0.53,0.84
19:4:31,-0.16,0.47,0.81
19:4:31,-0.20,0.53,0.80
19:4:32,-0.12,0.51,0.75
19:4:32,-0.09,0.45,0.94
19:4:32,-0.18,0.37,0.86
19:4:32,-0.18,0.32,0.90
19:4:32,-0.18,0.30,0.92
19:4:32,-0.31,0.30,0.85
19:4:32,-0.38,0.33,0.89
19:4:32,-0.56,0.36,0.71
19:4:32,-0.45,0.51,0.75
19:4:32,-0.40,0.34,0.78
19:4:33,-0.09,0.27,0.92
19:4:33,-0.08,0.26,0.91
19:4:33,-0.14,0.47,0.53
19:4:33,-0.71,0.57,0.46
19:4:33,-0.74,0.54,0.35
19:4:33,-0.71,0.48,0.40
19:4:33,-0.65,0.64,0.18
19:4:33,-0.82,0.48,0.15
19:4:33,-0.85,0.60,0.06
19:4:33,-0.32,0.38,0.43
19:4:34,-0.13,0.25,0.83
19:4:34,-0.05,0.64,1.06
19:4:34,-0.09,0.40,0.84
19:4:34,0.01,0.50,0.83
19:4:34,0.00,0.57,0.84
19:4:34,0.25,0.05,0.73
19:4:34,-0.14,0.40,0.81
19:4:34,-0.05,0.35,0.96
19:4:34,-0.05,0.37,0.95
19:4:34,-0.16,0.38,0.78
19:4:35,-0.19,0.70,0.87
19:4:35,-0.13,0.65,0.82
19:4:35,-0.14,0.62,1.02
19:4:35,-0.20,0.58,0.77
19:4:35,-0.20,0.55,0.79
19:4:35,-0.19,0.59,0.81
19:4:35,-0.22,0.59,0.78
19:4:35,-0.21,0.56,0.79
19:4:35,-0.21,0.56,0.77
19:4:35,-0.21,0.57,0.77
19:4:36,-0.20,0.55,0.77
19:4:36,-0.48,0.90,0.57
19:4:36,-0.21,0.64,0.75
19:4:36,-0.22,0.60,0.73
19:4:36,-0.25,0.59,0.77
19:4:36,-0.27,0.60,0.77
19:4:36,-0.28,0.64,0.76
19:4:36,-0.25,0.70,0.69
19:4:36,-0.21,0.62,0.73
19:4:36,-0.32,0.52,0.73
19:4:37,-0.34,0.64,0.71
19:4:37,-0.33,0.61,0.69
19:4:37,-0.33,0.63,0.66
19:32:44,-0.94,0.28,0.10
19:32:44,-0.96,0.19,0.10
19:32:44,-0.95,0.23,0.10
19:32:45,-0.92,0.25,0.10
19:32:45,-0.93,0.25,0.11
19:32:45,-0.91,0.31,0.12
19:32:45,-0.87,0.24,0.15
19:32:45,-0.94,0.33,0.13
19:32:45,-1.09,0.40,0.41
19:32:45,-1.09,0.53,0.49
19:32:45,-0.80,0.78,0.38
19:32:45,-0.94,0.57,0.10
19:32:45,-0.77,0.53,0.03
19:32:46,-0.81,0.56,-0.03
19:32:46,-0.80,0.54,-0.03
19:32:46,-0.81,0.54,-0.02
19:32:46,-0.81,0.56,-0.03
19:32:46,-0.76,0.52,-0.00
19:32:46,-0.96,0.48,0.02
19:32:46,-0.82,0.53,-0.03
19:32:46,-0.80,0.54,-0.02
19:32:46,-0.78,0.58,0.01
19:32:46,-0.81,0.59,0.06
19:32:47,-0.76,0.61,0.09
19:32:47,-0.62,0.63,0.16
19:32:47,-0.39,0.92,0.72
19:32:47,0.04,0.63,0.64
19:32:47,0.51,1.20,-0.07
19:32:47,-0.53,0.73,0.02
19:32:47,-0.65,0.72,0.04
19:32:47,-0.63,0.71,0.05
19:32:47,-0.66,0.69,0.00
19:32:47,-0.68,0.67,-0.05
19:32:48,-0.70,0.67,-0.09
19:32:48,-0.68,0.63,-0.15
19:32:48,-0.68,0.66,-0.15
19:32:48,-0.69,0.67,-0.14
19:32:48,-0.67,0.66,-0.15
19:32:48,-0.68,0.65,-0.14
19:32:48,-0.69,0.66,-0.15
19:32:48,-0.68,0.64,-0.15
19:32:48,-0.69,0.65,-0.13
19:32:48,-0.69,0.65,-0.15
19:32:49,-0.69,0.66,-0.15
19:32:49,-0.70,0.65,-0.14
19:32:49,-0.70,0.65,-0.15
19:32:49,-0.70,0.64,-0.15
19:33:14,-0.94,-0.33,-0.07
19:33:14,-0.84,-0.37,-0.08
19:33:14,-0.88,-0.40,-0.01
19:33:14,-0.89,-0.51,-0.05
19:33:14,-0.89,-0.48,-0.08
19:33:14,-0.88,-0.48,-0.08
19:33:15,-0.87,-0.48,-0.06
19:33:15,-0.87,-0.49,-0.08
19:33:15,-0.88,-0.48,-0.06
19:33:15,-0.87,-0.48,-0.07
19:33:15,-0.86,-0.49,-0.07
19:33:15,-0.88,-0.48,-0.08
19:33:15,-0.87,-0.50,-0.08
19:33:15,-0.86,-0.49,-0.08
19:33:15,-0.87,-0.50,-0.06
19:33:15,-0.87,-0.50,-0.08
19:33:16,-0.86,-0.49,-0.08
19:33:16,-0.87,-0.49,-0.10
19:33:16,-0.83,-0.53,-0.09
19:33:19,-0.76,-0.65,0.01
19:33:20,-0.78,-0.63,0.02
19:33:20,-0.77,-0.64,0.01
19:33:20,-0.77,-0.65,0.02
19:33:20,-0.78,-0.65,-0.00
19:33:20,-0.78,-0.64,0.01
19:33:20,-0.77,-0.65,0.00
19:33:20,-0.78,-0.65,0.00
19:33:20,-0.77,-0.64,0.01
19:33:20,-0.77,-0.64,0.00
19:33:20,-0.77,-0.64,0.00
19:33:21,-0.78,-0.64,0.02
19:33:21,-0.78,-0.64,-0.01
19:33:21,-0.77,-0.64,-0.01
19:33:21,-0.77,-0.65,-0.00
19:33:21,-0.77,-0.64,-0.01
19:33:21,-0.77,-0.65,-0.01
19:33:21,-0.77,-0.64,0.00
19:33:21,-0.77,-0.64,0.00
19:33:28,-0.16,0.85,0.53
19:33:28,-0.14,0.84,0.45
19:33:28,-0.10,0.86,0.45
19:33:28,-0.09,0.85,0.45
19:33:29,-0.12,0.85,0.44
19:33:29,-0.11,0.78,0.50
19:33:29,-0.20,0.88,0.53
19:33:29,-0.14,0.81,0.55
19:33:29,-0.06,0.80,0.51
19:33:29,0.33,0.52,0.41
19:33:29,0.37,0.65,0.63
19:33:29,0.34,0.76,0.49
19:33:29,0.40,0.80,0.38
19:33:29,0.43,0.75,0.47
19:33:30,0.41,0.80,0.39
19:33:30,0.43,0.79,0.39
19:33:30,0.44,0.79,0.39
19:33:30,0.46,0.80,0.38
19:33:30,0.45,0.79,0.39
19:33:30,0.45,0.80,0.38
19:33:30,0.44,0.80,0.38
19:33:30,0.45,0.79,0.37
19:33:30,0.44,0.80,0.37
19:33:30,0.45,0.79,0.38
19:33:31,0.44,0.80,0.38
19:33:31,0.45,0.80,0.37
19:33:31,0.46,0.79,0.38
19:33:31,0.44,0.79,0.38
19:33:31,0.45,0.80,0.37
19:33:31,0.44,0.80,0.38
19:33:31,0.46,0.80,0.38
19:37:43,0.86,-0.47,-0.32
19:37:43,0.85,-0.47,-0.33
19:37:43,0.86,-0.48,-0.35
19:37:43,0.86,-0.48,-0.32
19:37:44,0.87,-0.46,-0.33
19:37:44,0.86,-0.46,-0.33
19:37:44,0.86,-0.46,-0.33
19:37:44,0.87,-0.47,-0.33
19:37:44,0.87,-0.46,-0.32
19:37:44,0.87,-0.46,-0.33
19:37:44,0.86,-0.48,-0.32
19:37:44,0.87,-0.46,-0.32
19:37:44,0.86,-0.47,-0.32
19:37:44,0.86,-0.47,-0.33
19:37:45,0.86,-0.46,-0.33
19:37:45,0.82,-0.52,-0.34
19:37:45,0.86,-0.53,-0.34
19:37:45,0.86,-0.48,-0.35
19:37:45,0.85,-0.45,-0.36
19:38:10,0.86,-0.56,-0.14
19:38:11,0.84,-0.56,-0.14
19:38:11,0.87,-0.50,-0.17
19:38:11,0.86,-0.57,-0.13
19:38:11,0.88,-0.60,-0.12
19:38:11,0.95,-0.26,0.03
19:38:11,0.93,-0.31,-0.09
19:38:11,0.98,-0.38,-0.09
19:38:11,0.94,-0.39,-0.10
19:38:11,1.01,-0.45,-0.08
19:38:11,0.96,-0.34,-0.14
19:38:12,0.94,-0.42,-0.11
19:38:12,0.95,-0.38,-0.12
19:38:12,0.91,-0.43,-0.12
19:38:12,0.96,-0.48,-0.03
19:38:12,0.79,-0.68,-0.16
19:38:12,0.83,-0.59,-0.16
19:38:12,0.79,-0.66,-0.18
19:38:12,0.81,-0.63,-0.18
19:38:14,0.50,-0.62,-0.69
19:38:14,0.67,-0.36,-0.36
19:38:14,0.44,-0.94,-0.77
19:38:14,0.47,-0.56,-0.70
19:38:14,0.30,-0.43,-0.73
19:38:14,0.63,-0.52,-0.81
19:38:15,0.25,-0.58,-0.79
19:38:15,0.46,-0.56,-0.88
19:38:15,0.49,-0.22,-0.77
19:38:15,0.22,-0.49,-0.69
19:38:15,0.45,-0.53,-0.84
19:38:15,0.39,0.06,-0.66
19:38:15,0.42,0.10,-0.76
19:38:15,0.41,-0.56,-0.83
19:38:15,0.34,-0.45,-0.71
19:38:15,0.52,-0.46,-0.68
19:38:16,0.49,-0.43,-0.83
19:38:16,0.31,-0.46,-0.86
19:38:16,0.45,-0.58,-0.75
21:52:33,-0.26,-0.09,-0.93
21:52:33,-0.19,-0.11,-0.99
21:52:33,-0.31,-0.13,-0.85
21:52:33,-0.25,-0.07,-0.93
21:52:33,-0.09,-0.13,-1.03
21:52:34,-0.13,-0.16,-0.97
21:52:34,-0.09,-0.15,-0.97
21:52:34,-0.02,-0.19,-0.99
21:52:34,-0.04,-0.19,-0.99
21:52:34,-0.01,-0.22,-0.98
21:52:34,0.00,-0.24,-0.96
21:52:34,-0.01,-0.25,-0.94
21:52:34,0.01,-0.22,-0.99
21:52:34,0.01,-0.22,-0.98
21:52:34,-0.02,-0.22,-0.98
21:52:35,0.01,-0.23,-0.98
21:52:35,0.01,-0.22,-0.99
21:52:35,-0.03,-0.21,-0.97
21:52:35,0.00,-0.22,-0.98
21:52:49,0.62,0.69,-0.42
21:52:49,0.85,0.59,-0.37
21:52:49,1.01,0.62,-0.44
21:52:49,0.79,0.62,-0.41
21:52:49,0.74,0.58,-0.42
21:52:49,0.73,0.53,-0.43
21:52:49,0.72,0.49,-0.43
21:52:50,0.75,0.48,-0.44
21:52:50,0.74,0.43,-0.41
21:52:50,0.77,0.45,-0.46
21:52:50,0.83,0.35,-0.45
21:52:50,0.82,0.33,-0.47
21:52:50,0.83,0.26,-0.43
21:52:50,0.95,0.22,-0.46
21:52:50,0.94,0.19,-0.45
21:52:50,0.92,0.13,-0.40
21:52:50,0.91,0.11,-0.43
21:52:51,0.91,0.15,-0.45
21:52:51,0.89,0.15,-0.42
21:53:21,0.71,0.38,-0.57
21:53:21,0.68,0.48,-0.61
21:53:22,0.65,0.47,-0.57
21:53:22,0.64,0.45,-0.59
21:53:22,0.67,0.43,-0.59
21:53:22,0.67,0.47,-0.58
21:53:22,0.62,0.49,-0.62
21:53:22,0.76,0.25,-0.54
21:53:22,0.95,0.63,-0.11
21:53:22,1.01,-0.08,-0.09
21:53:22,1.01,-0.14,-0.12
21:53:22,1.03,-0.09,-0.07
21:53:23,1.01,-0.10,-0.06
21:53:23,1.03,-0.15,-0.04
21:53:23,1.10,-0.12,-0.11
21:53:23,0.71,-0.66,0.21
21:53:23,0.28,-1.07,-0.12
21:53:23,2.00,-2.00,2.00
21:53:23,0.93,-0.41,0.02
21:53:23,0.49,-1.22,0.24
21:53:23,0.80,-0.75,-0.08
21:53:23,0.76,-0.71,-0.18
21:53:24,0.79,-0.61,-0.21
21:53:24,0.83,-0.55,-0.26
21:53:24,0.86,-0.47,-0.19
21:53:24,0.94,-0.30,-0.32
21:53:24,0.92,-0.34,-0.28
21:53:24,0.98,-0.18,-0.24
21:53:24,0.92,-0.28,-0.31
21:53:24,0.80,-0.39,-0.35
21:53:24,0.91,-0.47,-0.28
21:53:24,0.94,-0.35,-0.40
21:53:25,0.92,-0.33,-0.39
21:53:25,0.90,-0.34,-0.33
21:53:25,0.97,-0.37,-0.37
21:53:25,0.95,-0.33,-0.34
21:53:25,1.00,-0.43,-0.32
22:52:31,0.93,0.37,-0.11
22:52:31,0.92,0.38,-0.11
22:52:31,0.93,0.39,-0.12
22:52:32,0.93,0.39,-0.11
22:52:32,0.92,0.37,-0.13
22:52:32,0.93,0.38,-0.12
22:52:32,0.92,0.38,-0.12
22:52:32,0.92,0.39,-0.13
22:52:32,0.93,0.37,-0.12
22:52:32,0.93,0.38,-0.12
22:52:32,0.92,0.38,-0.11
22:52:32,0.91,0.39,-0.13
22:52:32,0.92,0.38,-0.12
22:52:33,0.91,0.37,-0.13
22:52:33,0.92,0.38,-0.12
22:52:33,0.93,0.38,-0.12
22:52:33,0.93,0.38,-0.11
22:52:33,0.92,0.38,-0.11
22:52:33,0.92,0.38,-0.12
