0:0:52,0.43,-0.85,-0.40
0:0:52,0.46,-0.83,-0.42
0:0:52,0.47,-0.85,-0.40
0:0:52,0.43,-0.82,-0.41
0:0:52,0.45,-0.85,-0.40
0:0:52,0.43,-0.83,-0.42
0:0:52,0.44,-0.84,-0.40
0:0:52,0.45,-0.87,-0.41
0:0:52,0.44,-0.88,-0.35
0:0:53,0.41,-0.87,-0.41
0:0:53,0.39,-0.88,-0.35
0:0:53,0.38,-0.88,-0.39
0:0:53,0.36,-0.89,-0.38
0:0:53,0.38,-0.88,-0.39
0:0:53,0.38,-0.88,-0.38
0:0:53,0.37,-0.89,-0.38
0:0:53,0.37,-0.90,-0.38
0:0:53,0.37,-0.89,-0.38
0:0:53,0.38,-0.89,-0.39
0:0:56,-0.04,-1.03,-0.01
0:0:56,-0.05,-1.04,-0.02
0:0:56,-0.05,-1.03,-0.01
0:0:56,-0.03,-1.02,-0.01
0:0:56,-0.07,-1.03,0.00
0:0:56,-0.07,-1.03,0.01
0:0:56,-0.09,-1.04,0.01
0:0:56,-0.11,-1.02,0.02
0:0:56,-0.77,-1.83,0.27
0:0:56,0.06,-0.91,-0.10
0:0:57,0.00,-1.05,-0.09
0:0:57,0.00,-1.01,-0.11
0:0:57,-0.01,-1.03,-0.11
0:0:57,-0.03,-1.04,-0.10
0:0:57,-0.04,-1.03,-0.09
0:0:57,-0.03,-1.07,-0.10
0:0:57,-0.05,-1.01,-0.12
0:0:57,-0.06,-1.03,-0.10
0:0:57,-0.02,-1.02,-0.13
0:1:3,0.22,-0.77,-0.58
0:1:3,-0.03,-1.02,-0.33
0:1:3,0.01,-0.80,-0.40
0:1:3,0.10,-0.88,-0.31
0:1:3,0.26,-0.64,-0.62
0:1:3,0.08,-0.90,-0.50
0:1:3,0.09,-0.89,-0.52
0:1:3,0.07,-0.89,-0.52
0:1:4,0.13,-0.88,-0.53
0:1:4,0.10,-0.88,-0.52
0:1:4,0.14,-0.87,-0.52
0:1:4,0.12,-0.88,-0.51
0:1:4,0.13,-0.88,-0.52
0:1:4,0.12,-0.87,-0.53
0:1:4,0.13,-0.87,-0.52
0:1:4,0.14,-0.88,-0.53
0:1:4,0.12,-0.88,-0.52
0:1:4,0.14,-0.87,-0.53
0:1:5,0.16,-0.86,-0.55
0:1:36,-0.44,-0.92,-0.13
0:1:36,-0.41,-0.91,-0.14
0:1:36,-0.43,-0.90,-0.11
0:1:36,-0.44,-0.96,-0.12
0:1:36,-0.38,-0.91,-0.19
0:1:37,-0.39,-0.93,-0.22
0:1:37,-0.40,-0.91,-0.23
0:1:37,-0.41,-0.92,-0.23
0:1:37,-0.39,-0.90,-0.21
0:1:37,-0.43,-0.88,-0.21
0:1:37,-0.41,-0.91,-0.19
0:1:37,-0.42,-0.90,-0.18
0:1:37,-0.43,-0.89,-0.20
0:1:37,-0.38,-0.90,-0.19
0:1:37,-0.19,-0.96,-0.24
0:1:38,-0.45,-0.89,-0.20
0:1:38,-0.45,-0.89,-0.19
0:1:38,-0.45,-0.89,-0.20
0:1:38,-0.43,-0.90,-0.18
0:1:40,-0.41,-0.64,0.19
0:1:40,-0.34,-0.99,-0.05
0:1:40,-0.39,-0.93,-0.07
0:1:41,-0.37,-0.96,-0.11
0:1:41,-0.37,-0.95,-0.10
0:1:41,-0.34,-0.96,-0.12
0:1:41,-0.38,-0.95,-0.11
0:1:41,-0.38,-0.95,-0.35
0:1:41,-0.63,-0.73,-0.20
0:1:41,-0.65,-0.70,-0.29
0:1:41,-0.76,-0.70,-0.38
0:1:41,-0.67,-0.67,-0.31
0:1:41,-0.68,-0.68,-0.30
0:1:42,-0.75,-0.69,-0.29
0:1:42,-1.01,-0.97,-0.47
0:1:42,-0.96,-0.26,-0.27
0:1:42,-1.02,-0.05,-0.27
0:1:42,-1.50,0.37,-0.25
0:1:42,-0.73,-0.04,-0.30
0:1:42,-0.96,0.12,-0.11
0:1:42,-0.97,0.03,-0.05
0:1:42,-1.02,-0.09,0.11
0:1:42,-0.96,-0.09,0.13
0:1:43,-0.98,-0.06,0.17
0:1:43,-0.95,-0.06,0.17
0:1:43,-0.89,-0.06,0.14
0:1:43,-0.96,-0.07,0.21
0:1:43,-0.96,-0.10,0.16
0:1:43,-0.97,-0.11,0.19
0:1:43,-0.96,-0.07,0.23
0:1:43,-0.97,-0.05,0.21
0:1:43,-1.00,-0.05,0.34
0:1:43,-0.67,0.13,0.57
0:1:44,-0.74,0.34,0.52
0:1:44,-0.37,-0.46,0.80
0:1:44,-0.80,0.56,0.55
0:1:44,-0.92,0.21,0.40
0:1:44,-0.82,0.52,0.44
0:1:44,-0.81,0.45,0.39
0:1:44,-0.79,0.45,0.38
0:1:44,-0.77,0.38,0.37
0:1:44,-0.75,0.53,0.44
0:1:44,-1.02,0.41,0.30
0:1:45,-0.77,0.07,0.06
0:1:45,-1.23,0.93,-0.23
0:1:45,-0.76,0.35,0.07
0:1:45,-0.98,0.23,0.17
0:1:45,-0.74,0.78,0.44
0:1:45,-0.99,0.10,-0.15
0:1:45,-0.69,0.11,-0.14
0:1:45,-0.37,-0.76,0.92
0:1:45,-0.72,0.06,0.04
0:1:45,-0.88,0.22,0.10
0:1:46,-0.93,0.29,0.10
2:11:30,-0.68,-0.75,-0.15
2:11:30,-0.67,-0.69,-0.14
2:11:30,-0.69,-0.72,-0.17
2:11:31,-0.72,-0.76,-0.17
2:11:31,-0.68,-0.71,-0.18
2:11:31,-0.64,-0.76,-0.20
2:11:31,-0.70,-0.68,-0.24
2:11:31,-0.68,-0.70,-0.23
2:11:31,-0.67,-0.70,-0.25
2:11:31,-0.69,-0.72,-0.25
2:11:31,-0.67,-0.73,-0.24
2:11:31,-0.67,-0.73,-0.26
2:11:31,-0.67,-0.72,-0.26
2:11:32,-0.67,-0.73,-0.25
2:11:32,-0.65,-0.72,-0.26
2:11:32,-0.64,-0.73,-0.26
2:11:32,-0.68,-0.80,-0.25
2:11:32,-0.64,-0.73,-0.25
2:11:32,-0.65,-0.73,-0.25
5:58:33,-0.65,-0.60,-0.54
5:58:33,-0.63,-0.57,-0.52
5:58:33,-0.60,-0.58,-0.52
5:58:33,-0.64,-0.57,-0.52
5:58:33,-0.64,-0.55,-0.53
5:58:34,-0.62,-0.58,-0.52
5:58:34,-0.64,-0.55,-0.50
5:58:34,-0.67,-0.56,-0.51
5:58:34,-0.65,-0.58,-0.49
5:58:34,-0.66,-0.58,-0.51
5:58:34,-0.63,-0.56,-0.51
5:58:34,-0.66,-0.56,-0.51
5:58:34,-0.63,-0.57,-0.51
5:58:34,-0.65,-0.58,-0.51
5:58:34,-0.64,-0.57,-0.52
5:58:35,-0.64,-0.57,-0.51
5:58:35,-0.63,-0.58,-0.52
5:58:35,-0.65,-0.58,-0.52
5:58:35,-0.65,-0.58,-0.51
5:58:47,-0.63,-0.71,-0.39
5:58:47,-0.62,-0.70,-0.40
5:58:47,-0.59,-0.71,-0.35
5:58:47,-0.65,-0.72,-0.37
5:58:47,-0.59,-0.66,-0.38
5:58:47,-0.62,-0.67,-0.41
5:58:47,-0.61,-0.70,-0.38
5:58:48,-0.61,-0.69,-0.39
5:58:48,-0.62,-0.70,-0.39
5:58:48,-0.63,-0.69,-0.40
5:58:48,-0.61,-0.70,-0.39
5:58:48,-0.62,-0.69,-0.39
5:58:48,-0.62,-0.70,-0.40
5:58:48,-0.62,-0.69,-0.41
5:58:48,-0.61,-0.70,-0.41
5:58:48,-0.61,-0.69,-0.41
5:58:48,-0.61,-0.70,-0.41
5:58:49,-0.62,-0.69,-0.39
5:58:49,-0.62,-0.70,-0.39
7:32:31,-0.06,-0.99,-0.28
7:32:31,-0.06,-1.00,-0.27
7:32:31,-0.06,-0.99,-0.29
7:32:31,-0.07,-0.98,-0.28
7:32:31,-0.06,-1.00,-0.28
7:32:31,-0.07,-1.00,-0.29
7:32:31,-0.06,-1.00,-0.28
7:32:32,0.01,-0.99,-0.31
7:32:32,-0.06,-0.98,-0.28
7:32:32,-0.07,-1.00,-0.28
7:32:32,-0.05,-0.99,-0.25
7:32:32,-0.05,-0.96,-0.26
7:32:32,-0.06,-0.99,-0.32
7:32:32,-0.04,-1.00,-0.32
7:32:32,-0.07,-1.01,-0.32
7:32:32,-0.03,-0.97,-0.32
7:32:32,0.06,-0.93,-0.26
7:32:33,0.15,-0.93,-0.34
7:32:33,0.04,-0.96,-0.29
8:22:26,0.11,-0.89,-0.53
8:22:26,0.17,-0.89,-0.49
8:22:26,0.16,-0.87,-0.54
8:22:26,0.16,-0.86,-0.54
8:22:26,0.16,-0.85,-0.56
8:22:26,0.16,-0.86,-0.57
8:22:27,0.17,-0.84,-0.55
8:22:27,0.14,-0.84,-0.61
8:22:27,0.17,-0.84,-0.57
8:22:27,0.17,-0.83,-0.59
8:22:27,0.16,-0.84,-0.59
8:22:27,0.17,-0.84,-0.58
8:22:27,0.14,-0.81,-0.57
8:22:27,0.15,-0.83,-0.58
8:22:27,0.17,-0.84,-0.57
8:22:27,0.18,-0.86,-0.57
8:22:28,0.09,-0.85,-0.62
8:22:28,0.15,-0.81,-0.56
8:22:28,0.11,-0.95,-0.47
8:22:36,0.12,-0.83,-0.62
8:22:36,0.13,-0.81,-0.62
8:22:36,0.14,-0.81,-0.61
8:22:36,0.13,-0.84,-0.61
8:22:36,0.12,-0.82,-0.61
8:22:36,0.13,-0.82,-0.61
8:22:37,0.12,-0.82,-0.63
8:22:37,0.12,-0.82,-0.62
8:22:37,0.13,-0.82,-0.62
8:22:37,0.12,-0.83,-0.63
8:22:37,0.13,-0.81,-0.63
8:22:37,0.13,-0.82,-0.62
8:22:37,0.23,-0.69,-0.66
8:22:37,0.09,-0.79,-0.63
8:22:37,0.12,-0.82,-0.62
8:22:37,0.13,-0.81,-0.62
8:22:38,0.11,-0.82,-0.62
8:22:38,0.13,-0.82,-0.61
8:22:38,0.12,-0.81,-0.62
8:22:50,-0.78,-0.50,-0.36
8:22:50,-0.80,-0.47,-0.34
8:22:50,-0.84,-0.46,-0.37
8:22:50,-0.82,-0.48,-0.36
8:22:50,-0.81,-0.48,-0.36
8:22:50,-0.80,-0.48,-0.35
8:22:51,-0.81,-0.48,-0.34
8:22:51,-0.79,-0.48,-0.37
8:22:51,-0.80,-0.49,-0.35
8:22:51,-0.81,-0.48,-0.38
8:22:51,-0.79,-0.48,-0.37
8:22:51,-0.81,-0.50,-0.37
8:22:51,-0.79,-0.49,-0.37
8:22:51,-0.78,-0.47,-0.40
8:22:51,-0.79,-0.50,-0.39
8:22:51,-0.78,-0.50,-0.39
8:22:52,-0.79,-0.49,-0.39
8:22:52,-0.78,-0.49,-0.39
8:22:52,-0.76,-0.47,-0.40
9:34:6,-0.90,0.50,-0.31
9:34:6,-0.85,0.38,-0.37
9:34:6,-0.66,-0.00,-0.27
9:34:6,-0.80,0.40,-0.41
9:34:7,-0.79,0.39,-0.39
9:34:7,-0.77,0.42,-0.40
9:34:7,-0.79,0.43,-0.38
9:34:7,-0.79,0.41,-0.38
9:34:7,-0.78,0.42,-0.41
9:34:7,-0.76,0.42,-0.42
9:34:7,-0.76,0.44,-0.43
9:34:7,-0.78,0.43,-0.41
9:34:7,-0.76,0.40,-0.42
9:34:7,-0.81,0.40,-0.44
9:34:8,-0.79,0.36,-0.45
9:34:8,-0.76,0.40,-0.44
9:34:8,-0.78,0.44,-0.42
9:34:8,-0.79,0.41,-0.42
9:34:8,-0.77,0.44,-0.46
9:34:22,0.25,0.83,-0.60
9:34:22,-0.32,0.66,-0.40
9:34:22,-0.07,0.85,-0.38
9:34:22,-0.33,0.21,-0.37
9:34:22,-0.96,1.97,0.23
9:34:22,-0.19,0.93,-0.03
9:34:22,-0.13,0.96,0.02
9:34:22,-0.17,0.94,-0.20
9:34:22,-0.19,0.94,-0.16
9:34:23,-0.21,0.94,-0.17
9:34:23,-0.18,0.93,-0.16
9:34:23,-0.19,0.96,-0.16
9:34:23,-0.21,0.94,-0.17
9:34:23,-0.20,0.94,-0.16
9:34:23,-0.20,0.93,-0.16
9:34:23,-0.21,0.93,-0.15
9:34:23,-0.20,0.93,-0.17
9:34:23,-0.19,0.93,-0.16
9:34:23,-0.20,0.93,-0.16
9:34:37,-0.74,0.56,-0.29
9:34:37,-0.74,0.56,-0.29
9:34:37,-0.74,0.56,-0.27
9:34:37,-0.74,0.55,-0.29
9:34:37,-0.75,0.55,-0.29
9:34:37,-0.73,0.55,-0.27
9:34:38,-0.74,0.56,-0.28
9:34:38,-0.74,0.56,-0.29
9:34:38,-0.74,0.56,-0.29
9:34:38,-0.74,0.55,-0.28
9:34:38,-0.73,0.56,-0.29
9:34:38,-0.75,0.56,-0.28
9:34:38,-0.73,0.54,-0.30
9:34:38,-0.75,0.56,-0.28
9:34:38,-0.74,0.55,-0.28
9:34:38,-0.75,0.55,-0.27
9:34:39,-0.75,0.55,-0.27
9:34:39,-0.77,0.51,-0.28
9:34:39,-0.75,0.54,-0.29
9:34:44,-0.83,0.31,-0.39
9:34:44,-0.85,0.31,-0.37
9:34:44,-0.83,0.31,-0.36
9:34:44,-0.84,0.33,-0.38
9:34:44,-0.84,0.31,-0.37
9:34:44,-0.83,0.32,-0.37
9:34:44,-0.86,0.33,-0.33
9:34:44,-0.83,0.32,-0.36
9:34:44,-0.83,0.36,-0.36
9:34:44,-0.83,0.35,-0.36
9:34:45,-0.87,0.25,-0.33
9:34:45,-0.92,0.21,-0.32
9:34:45,-0.91,0.21,-0.32
9:34:45,-0.92,0.16,-0.28
9:34:45,-0.93,0.16,-0.27
9:34:45,-0.90,0.16,-0.28
9:34:45,-0.92,0.16,-0.28
9:34:45,-0.93,0.12,-0.25
9:34:45,-0.93,0.11,-0.27
9:34:49,-0.73,0.36,-0.52
9:34:49,-0.65,0.36,-0.40
9:34:49,-0.86,0.32,-0.37
9:34:49,-0.80,0.26,-0.34
9:34:49,-0.85,0.34,-0.39
9:34:49,-0.87,0.43,-0.38
9:34:49,-0.77,0.33,-0.59
9:34:49,-0.76,0.42,-0.37
9:34:49,-0.55,0.57,-0.32
9:34:50,-0.78,0.48,-0.34
9:34:50,-0.77,0.51,-0.28
9:34:50,-0.89,0.59,-0.31
9:34:50,-0.77,0.53,-0.21
9:34:50,-0.83,0.48,-0.36
9:34:50,-1.00,0.64,-0.41
9:34:50,-0.74,0.38,-0.25
9:34:50,-0.76,0.44,-0.39
9:34:50,-0.78,0.44,-0.39
9:34:50,-0.93,0.44,-0.22
9:46:9,-0.15,-0.40,-0.39
9:46:10,-0.44,-0.89,-0.24
9:46:10,-0.40,-0.91,-0.27
9:46:10,-0.45,-0.88,-0.22
9:46:10,-0.46,-0.55,-0.09
9:46:10,-0.32,-1.05,-0.11
9:46:10,-0.18,-1.00,-0.15
9:46:10,-0.06,-0.94,-0.25
9:46:10,-0.03,-0.99,-0.20
9:46:10,-0.11,-1.01,-0.18
9:46:10,-0.10,-1.00,-0.21
9:46:11,-0.10,-1.00,-0.21
9:46:11,-0.10,-1.01,-0.21
9:46:11,-0.09,-0.99,-0.21
9:46:11,-0.09,-0.98,-0.23
9:46:11,-0.10,-1.00,-0.19
9:46:11,-0.09,-1.03,-0.19
9:46:11,-0.09,-1.02,-0.22
9:46:11,-0.10,-1.02,-0.20
9:46:43,0.04,-0.98,-0.27
9:46:43,0.13,-0.99,-0.29
9:46:44,0.02,-1.03,-0.20
9:46:44,0.01,-1.01,-0.21
9:46:44,0.02,-0.99,-0.18
9:46:44,-0.09,-1.02,-0.18
9:46:44,0.01,-1.01,-0.23
9:46:44,0.02,-1.07,-0.23
9:46:44,0.02,-1.01,-0.21
9:46:44,-0.04,-1.04,-0.08
9:46:44,0.01,-1.05,-0.19
9:46:44,0.06,-0.95,-0.20
9:46:45,0.01,-1.02,-0.20
9:46:45,0.02,-1.02,-0.20
9:46:45,0.03,-1.01,-0.22
9:46:45,0.01,-1.01,-0.20
9:46:45,0.00,-1.03,-0.21
9:46:45,0.01,-1.02,-0.20
9:46:45,0.00,-1.02,-0.20
9:51:32,-0.74,-0.55,-0.35
9:51:32,-0.74,-0.57,-0.38
9:51:32,-0.76,-0.53,-0.37
9:51:32,-1.02,-0.44,-0.37
9:51:32,-0.64,-0.58,-0.35
9:51:32,-0.79,-0.54,-0.34
9:51:32,-0.80,-0.46,-0.37
9:51:32,-0.80,-0.48,-0.36
9:51:33,-0.81,-0.48,-0.36
9:51:33,-0.80,-0.47,-0.36
9:51:33,-0.80,-0.48,-0.36
9:51:33,-0.80,-0.48,-0.35
9:51:33,-0.79,-0.48,-0.36
9:51:33,-0.80,-0.49,-0.37
9:51:33,-0.79,-0.48,-0.35
9:51:33,-0.79,-0.48,-0.35
9:51:33,-0.80,-0.48,-0.37
9:51:33,-0.80,-0.49,-0.37
9:51:34,-0.80,-0.48,-0.37
10:23:50,-0.70,0.46,-0.51
10:23:50,-0.71,0.46,-0.51
10:23:50,-0.69,0.47,-0.51
10:23:50,-0.70,0.47,-0.52
10:23:50,-0.70,0.46,-0.52
10:23:50,-0.69,0.46,-0.52
10:23:50,-0.70,0.48,-0.51
10:23:51,-0.70,0.46,-0.51
10:23:51,-0.70,0.48,-0.50
10:23:51,-0.70,0.48,-0.53
10:23:51,-0.70,0.46,-0.51
10:23:51,-0.69,0.47,-0.52
10:23:51,-0.69,0.48,-0.51
10:23:51,-0.71,0.47,-0.51
10:23:51,-0.70,0.47,-0.51
10:23:51,-0.71,0.46,-0.50
10:23:51,-0.72,0.43,-0.52
10:23:51,-0.73,0.43,-0.54
10:23:52,-0.73,0.38,-0.52
10:24:9,-0.56,0.60,-0.17
10:24:9,0.13,1.56,0.07
10:24:9,-0.87,0.48,0.03
10:24:9,-0.73,0.56,-0.03
10:24:9,-0.71,0.54,-0.15
10:24:9,-0.61,0.59,-0.14
10:24:9,-0.69,0.56,-0.31
10:24:9,-0.70,0.69,-0.10
10:24:9,-0.60,0.74,-0.10
10:24:10,-0.68,0.67,-0.10
10:24:10,-0.77,0.78,-0.21
10:24:10,-0.82,0.57,-0.04
10:24:10,-0.66,0.61,-0.13
10:24:10,-0.70,0.68,-0.08
10:24:10,-0.65,0.71,-0.09
10:24:10,-0.64,0.73,-0.08
10:24:10,-0.74,0.41,-0.00
10:24:10,-0.55,0.86,-0.09
10:24:10,-0.47,0.84,-0.12
10:24:11,-0.39,0.91,-0.04
10:24:11,-0.48,0.84,-0.09
10:24:11,-0.40,0.89,-0.07
10:24:15,-0.18,1.00,0.16
10:24:15,1.02,0.10,1.40
10:24:15,-0.23,0.90,0.44
10:24:15,-0.15,0.97,0.12
10:24:15,-0.14,0.94,0.06
10:24:15,-0.12,0.98,0.15
10:24:16,-0.09,0.93,-0.05
10:24:16,-0.23,1.04,0.17
10:24:16,-0.09,0.95,0.07
10:24:16,-0.11,1.29,0.39
10:24:16,-0.12,1.02,0.15
10:24:16,-0.11,0.94,0.13
10:24:16,-0.42,0.91,0.19
10:24:16,-0.31,0.98,0.02
10:24:16,-0.40,0.92,0.07
10:24:16,-0.43,0.90,0.23
10:24:17,-0.39,0.85,0.07
10:24:17,-0.40,0.89,0.11
10:24:17,-0.26,0.75,-0.05
11:59:35,-0.07,0.96,0.13
11:59:35,-0.07,0.95,0.13
11:59:36,-0.07,0.96,0.12
11:59:36,-0.07,0.96,0.12
11:59:36,-0.07,0.96,0.13
11:59:36,-0.07,0.96,0.14
11:59:36,-0.08,0.96,0.14
11:59:36,-0.07,0.96,0.12
11:59:36,-0.07,0.96,0.12
11:59:36,-0.08,0.96,0.12
11:59:36,-0.13,0.94,0.12
11:59:36,-0.30,1.02,-0.12
11:59:37,-0.04,0.94,0.13
11:59:37,-0.02,0.94,0.12
11:59:37,-0.01,0.97,0.10
11:59:37,-0.02,0.97,0.09
11:59:37,-0.02,0.97,0.11
11:59:37,-0.01,0.96,0.11
11:59:37,-0.00,0.97,0.09
11:59:51,-0.16,0.93,-0.21
11:59:51,-0.16,0.94,-0.21
11:59:51,-0.15,0.92,-0.21
11:59:51,-0.15,0.93,-0.21
11:59:51,-0.15,0.94,-0.22
11:59:51,-0.14,0.92,-0.21
11:59:51,-0.15,0.94,-0.21
11:59:51,-0.14,0.94,-0.22
11:59:51,-0.16,0.94,-0.21
11:59:51,-0.15,0.93,-0.21
11:59:52,-0.15,0.94,-0.23
11:59:52,-0.16,0.93,-0.21
11:59:52,-0.14,0.93,-0.22
11:59:52,-0.15,0.93,-0.21
11:59:52,-0.14,0.93,-0.23
11:59:52,-0.15,0.93,-0.21
11:59:52,-0.13,0.93,-0.21
11:59:52,-0.12,0.93,-0.21
11:59:52,-0.24,0.90,-0.09
12:0:16,-0.55,0.78,0.14
12:0:16,-0.20,0.97,-0.01
12:0:16,-0.26,0.96,0.06
12:0:16,-0.22,0.92,0.08
12:0:17,-0.24,0.90,0.05
12:0:17,-0.27,0.94,0.02
12:0:17,-0.10,0.98,0.15
12:0:17,-0.08,1.02,0.05
12:0:17,-0.32,0.98,-0.10
12:0:17,-0.14,0.72,0.06
12:0:17,-0.33,0.90,0.01
12:0:17,-0.32,0.95,0.01
12:0:17,-0.24,0.92,0.00
12:0:17,-0.27,0.92,0.00
12:0:18,-0.32,0.93,0.05
12:0:18,-0.28,0.91,-0.00
12:0:18,-0.29,0.92,0.01
12:0:18,-0.31,0.97,0.07
12:0:18,-0.34,0.95,-0.00
13:9:18,-0.46,0.27,-0.73
13:9:18,-0.75,0.42,-0.41
13:9:18,-0.61,0.24,-0.68
13:9:18,-0.52,0.29,-0.64
13:9:18,-0.60,0.33,-0.81
13:9:18,-0.55,0.36,-0.75
13:9:18,-0.55,0.27,-0.76
13:9:18,-0.51,0.19,-0.88
13:9:19,-0.51,0.27,-0.78
13:9:19,-0.49,0.26,-0.81
13:9:19,-0.50,0.25,-0.80
13:9:19,-0.50,0.26,-0.81
13:9:19,-0.53,0.23,-0.79
13:9:19,-0.52,0.24,-0.79
13:9:19,-0.53,0.21,-0.79
13:9:19,-0.54,0.21,-0.78
13:9:19,-0.56,0.18,-0.77
13:9:19,-0.56,0.18,-0.79
13:9:20,-0.60,0.18,-0.79
13:9:23,-0.29,-1.01,-0.50
13:9:23,-0.31,-1.13,-0.03
13:9:23,-0.34,-0.96,-0.35
13:9:23,0.04,-1.00,-0.30
13:9:23,-0.06,-0.88,-0.36
13:9:23,-0.04,-1.37,-0.25
13:9:23,0.05,-1.09,-0.38
13:9:23,0.28,-0.95,-0.28
13:9:24,0.05,-1.35,-0.11
13:9:24,0.28,-0.93,-0.32
13:9:24,0.02,-0.99,-0.47
13:9:24,0.09,-0.98,-0.40
13:9:24,0.02,-0.97,-0.33
13:9:24,0.03,-0.81,-0.68
13:9:24,0.11,-0.66,-0.76
13:9:24,0.12,-0.63,-0.80
13:9:24,0.12,-0.64,-0.78
13:9:24,0.14,-0.65,-0.77
13:9:25,0.18,-0.64,-0.80
13:9:25,0.15,-0.65,-0.76
13:9:25,0.15,-0.64,-0.80
13:9:25,0.15,-0.64,-0.79
13:9:25,0.15,-0.64,-0.79
13:9:25,0.13,-0.63,-0.79
13:9:25,0.15,-0.63,-0.79
13:9:25,0.15,-0.64,-0.79
13:9:25,0.14,-0.63,-0.79
13:9:25,0.14,-0.63,-0.79
13:9:26,0.13,-0.64,-0.80
13:9:26,0.13,-0.63,-0.80
13:9:26,0.14,-0.62,-0.80
13:9:26,0.13,-0.63,-0.80
13:9:26,0.13,-0.62,-0.80
13:9:26,0.13,-0.63,-0.80
13:9:35,0.95,-0.41,0.03
13:9:35,0.96,-0.40,0.03
13:9:35,0.94,-0.40,0.04
13:9:35,0.95,-0.40,0.03
13:9:35,0.95,-0.41,0.02
13:9:35,0.94,-0.41,0.02
13:9:35,0.95,-0.41,0.04
13:9:35,0.95,-0.40,0.03
13:9:35,0.94,-0.41,0.02
13:9:35,0.95,-0.40,0.04
13:9:36,0.94,-0.39,0.04
13:9:36,0.90,-0.40,0.04
13:9:36,0.96,-0.50,0.06
13:9:36,0.98,-0.46,0.01
13:9:36,0.97,-0.30,0.05
13:9:36,0.98,-0.49,-0.00
13:9:36,0.97,-0.39,0.01
13:9:36,0.94,-0.43,0.02
13:9:36,0.93,-0.35,-0.01
13:38:38,0.83,-0.36,-0.51
13:38:38,0.82,-0.36,-0.49
13:38:38,0.82,-0.37,-0.49
13:38:38,0.83,-0.37,-0.50
13:38:38,0.83,-0.36,-0.51
13:38:38,0.82,-0.36,-0.48
13:38:38,0.85,-0.14,-0.49
13:38:38,0.85,-0.04,-0.41
13:38:38,0.91,-0.39,-0.13
13:38:38,1.07,-0.39,-0.09
13:38:39,0.53,-0.53,-0.38
13:38:39,0.96,-0.27,0.43
13:38:39,1.00,-0.11,-0.20
13:38:39,1.16,-0.18,-0.14
13:38:39,1.02,-0.12,-0.04
13:38:39,1.02,-0.10,-0.03
13:38:39,1.02,-0.12,-0.02
13:38:39,1.01,-0.11,-0.02
13:38:39,1.01,-0.11,-0.03
13:38:39,1.01,-0.11,-0.03
13:38:40,1.02,-0.11,-0.02
13:38:40,1.02,-0.11,-0.03
13:38:40,1.02,-0.11,-0.02
13:38:40,1.02,-0.10,-0.01
13:38:40,1.02,-0.11,-0.01
13:38:40,1.00,-0.10,-0.02
13:38:40,1.01,-0.10,-0.02
13:38:40,1.01,-0.10,-0.02
13:38:40,1.01,-0.10,-0.03
13:38:40,1.03,-0.11,-0.02
13:38:41,1.02,-0.11,-0.03
13:38:41,1.02,-0.11,-0.01
13:38:41,1.01,-0.11,-0.01
13:38:41,1.08,-0.15,-0.02
14:36:27,1.06,-0.14,-0.33
14:36:27,0.91,-0.25,-0.32
14:36:27,0.91,-0.25,-0.31
14:36:27,0.98,-0.32,-0.27
14:36:27,0.93,-0.45,-0.32
14:36:27,0.94,-0.26,-0.30
14:36:28,0.94,-0.24,-0.33
14:36:28,0.95,-0.26,-0.32
14:36:28,0.93,-0.26,-0.32
14:36:28,0.85,-0.03,-0.33
14:36:28,0.92,-0.22,-0.41
14:36:28,0.93,-0.09,-0.06
14:36:28,0.84,0.15,-0.66
14:36:28,0.82,0.01,-0.47
14:36:28,0.77,0.06,-1.05
14:36:28,0.30,-0.39,-0.36
14:36:29,-0.12,-1.05,-0.21
14:36:29,0.08,-0.69,-0.65
14:36:29,0.15,-0.86,-0.54
14:36:29,0.13,-0.88,-0.52
14:36:29,0.13,-0.89,-0.50
14:36:29,0.12,-0.89,-0.51
14:36:29,0.13,-0.89,-0.51
14:36:29,0.13,-0.90,-0.50
14:36:29,0.13,-0.89,-0.51
14:36:29,0.12,-0.89,-0.51
14:36:30,0.13,-0.90,-0.50
14:36:30,0.13,-0.89,-0.51
14:36:30,0.13,-0.89,-0.51
14:36:30,0.13,-0.89,-0.50
14:36:30,0.13,-0.89,-0.51
14:36:30,0.13,-0.90,-0.51
14:36:30,0.12,-0.90,-0.51
14:36:30,0.13,-0.90,-0.50
14:36:30,0.13,-0.89,-0.50
14:36:54,-0.01,-1.02,-0.29
14:36:54,-0.09,-0.98,-0.28
14:36:54,-0.08,-0.99,-0.32
14:36:54,-0.05,-1.00,-0.29
14:36:54,-0.05,-1.00,-0.29
14:36:54,-0.06,-0.99,-0.31
14:36:54,-0.06,-1.00,-0.22
14:36:55,-0.08,-1.00,-0.25
14:36:55,-0.01,-1.01,-0.25
14:36:55,-0.08,-0.94,-0.31
14:36:55,-0.06,-0.97,-0.23
14:36:55,-0.03,-0.99,-0.24
14:36:55,-0.03,-0.99,-0.25
14:36:55,0.02,-1.04,-0.20
14:36:55,-0.00,-1.02,-0.27
14:36:55,0.03,-0.96,-0.37
14:36:55,0.06,-0.94,-0.16
14:36:56,0.08,-1.00,-0.29
14:36:56,0.00,-0.99,-0.37
15:29:33,-0.15,-1.01,0.14
15:29:33,-0.19,-1.01,0.17
15:29:33,-0.21,-0.99,0.18
15:29:33,-0.20,-0.98,0.17
15:29:33,-0.25,-0.98,0.17
15:29:33,-0.22,-0.99,0.17
15:29:33,-0.32,-0.96,0.21
15:29:33,-0.27,-0.97,0.19
15:29:33,-0.29,-0.98,0.18
15:29:33,-0.33,-0.93,0.22
15:29:34,-0.30,-0.96,0.20
15:29:34,-0.30,-0.96,0.19
15:29:34,-0.31,-0.95,0.19
15:29:34,-0.30,-0.96,0.17
15:29:34,-0.30,-0.96,0.19
15:29:34,-0.33,-0.96,0.19
15:29:34,-0.32,-0.96,0.20
15:29:34,-0.22,-1.00,0.26
15:29:34,-0.45,-1.02,0.09
15:30:5,-0.76,-0.25,-0.59
15:30:5,-0.76,-0.24,-0.60
15:30:6,-0.76,-0.24,-0.59
15:30:6,-0.75,-0.25,-0.59
15:30:6,-0.77,-0.25,-0.58
15:30:6,-0.76,-0.25,-0.58
15:30:6,-0.77,-0.25,-0.58
15:30:6,-0.75,-0.25,-0.56
15:30:6,-0.76,-0.25,-0.60
15:30:6,-0.76,-0.24,-0.58
15:30:6,-0.77,-0.24,-0.58
15:30:6,-0.78,-0.22,-0.58
15:30:7,-0.78,-0.26,-0.56
15:30:7,-0.76,-0.26,-0.58
15:30:7,-0.79,-0.25,-0.58
15:30:7,-0.83,-0.32,-0.50
15:30:7,-0.81,-0.41,-0.49
15:30:7,-0.62,-0.60,-0.51
15:30:7,-0.65,-0.54,-0.53
15:30:36,-0.43,-0.85,-0.21
15:30:36,-0.44,-0.90,-0.18
15:30:36,-0.43,-0.88,-0.23
15:30:36,-0.52,-1.00,-0.06
15:30:36,-0.67,-0.64,-0.29
15:30:36,-0.48,-0.84,-0.29
15:30:36,-0.51,-0.80,-0.27
15:30:37,-0.49,-0.85,-0.30
15:30:37,-0.49,-0.84,-0.42
15:30:37,-0.49,-0.83,-0.23
15:30:37,-0.54,-0.79,-0.30
15:30:37,-0.56,-0.69,-0.44
15:30:37,-0.44,-0.85,-0.21
15:30:37,-0.48,-0.87,-0.28
15:30:37,-0.43,-0.90,-0.28
15:30:37,-0.47,-0.85,-0.28
15:30:37,-0.36,-0.97,-0.34
15:30:38,-0.49,-0.82,-0.19
15:30:38,-0.46,-0.85,-0.33
15:30:46,-0.18,-0.92,-0.41
15:30:46,-0.16,-0.91,-0.43
15:30:46,-0.17,-0.95,-0.38
15:30:46,-0.07,-0.94,-0.48
15:30:46,-0.06,-0.77,-0.59
15:30:46,-0.08,-0.78,-0.69
15:30:46,-0.01,-0.74,-0.75
15:30:46,-0.09,-0.77,-0.71
15:30:46,-0.05,-0.72,-0.69
15:30:47,-0.07,-0.77,-0.61
15:30:47,-0.13,-0.86,-0.45
15:30:47,-0.19,-1.00,-0.13
15:30:47,-0.16,-1.02,0.02
15:30:47,-0.14,-1.03,-0.00
15:30:47,-0.16,-1.01,-0.03
15:30:47,0.24,-1.17,-0.11
15:30:47,0.04,-0.99,-0.27
15:30:47,-0.04,-0.99,-0.30
15:30:47,-0.01,-0.93,-0.27
15:30:48,-0.01,-1.03,-0.21
15:30:48,0.04,-1.02,-0.12
15:30:48,0.03,-1.01,-0.16
15:30:48,0.03,-1.06,-0.11
15:30:48,0.06,-1.03,-0.15
15:30:48,0.07,-1.02,-0.12
15:30:48,0.05,-1.01,-0.07
15:30:48,0.03,-1.05,-0.08
15:30:48,-0.01,-1.03,-0.06
15:30:48,0.01,-1.06,-0.04
15:30:49,0.02,-1.04,-0.05
15:30:49,0.01,-1.03,-0.03
15:30:49,0.08,-1.05,-0.07
15:30:49,-0.06,-1.04,-0.04
16:17:57,0.25,-1.00,-0.04
16:17:57,0.27,-1.00,-0.04
16:17:57,0.26,-1.00,-0.03
16:17:57,0.27,-1.00,-0.01
16:17:57,0.31,-1.02,-0.01
16:17:57,0.29,-1.01,-0.01
16:17:57,0.30,-1.02,-0.02
16:17:57,0.28,-0.97,-0.02
16:17:57,0.30,-0.98,-0.01
16:17:57,0.29,-1.01,-0.05
16:17:58,0.28,-1.00,-0.06
16:17:58,0.29,-0.99,-0.05
16:17:58,0.29,-0.99,-0.05
16:17:58,0.30,-0.98,-0.06
16:17:58,0.29,-0.99,-0.06
16:17:58,0.28,-1.01,-0.04
16:17:58,0.31,-0.95,-0.09
16:17:58,0.35,-1.02,-0.07
16:17:58,0.39,-1.04,-0.11
16:18:1,-0.20,-0.36,-0.91
16:18:1,-0.21,-0.38,-0.97
16:18:2,-0.18,-0.35,-0.90
16:18:2,-0.19,-0.37,-0.93
16:18:2,-0.25,-0.33,-0.92
16:18:2,-0.28,-0.32,-0.94
16:18:2,-0.24,-0.31,-0.90
16:18:2,-0.25,-0.31,-0.91
16:18:2,-0.26,-0.32,-0.94
16:18:2,-0.25,-0.32,-0.90
16:18:2,-0.26,-0.30,-0.93
16:18:2,-0.25,-0.30,-0.92
16:18:3,-0.27,-0.30,-0.92
16:18:3,-0.25,-0.32,-0.93
16:18:3,-0.25,-0.30,-0.90
16:18:3,-0.25,-0.30,-0.90
16:18:3,-0.26,-0.30,-0.91
16:18:3,-0.27,-0.29,-0.91
16:18:3,-0.26,-0.30,-0.92
16:18:5,-0.65,0.68,-0.20
16:18:6,-0.64,0.69,-0.20
16:18:6,-0.65,0.68,-0.21
16:18:6,-0.66,0.68,-0.21
16:18:6,-0.65,0.68,-0.19
16:18:6,-0.65,0.68,-0.20
16:18:6,-0.65,0.71,-0.23
16:18:6,-0.64,0.67,-0.21
16:18:6,-0.66,0.69,-0.20
16:18:6,-0.65,0.68,-0.21
16:18:6,-0.66,0.69,-0.19
16:18:7,-0.65,0.69,-0.22
16:18:7,-0.64,0.68,-0.20
16:18:7,-0.65,0.68,-0.20
16:18:7,-0.65,0.68,-0.19
16:18:7,-0.65,0.68,-0.21
16:18:7,-0.65,0.69,-0.20
16:18:7,-0.65,0.69,-0.20
16:18:7,-0.64,0.69,-0.21
16:18:34,-0.40,0.74,-0.48
16:18:34,-0.25,0.91,-0.46
16:18:34,-0.26,0.80,-0.11
16:18:34,-0.23,0.99,-0.09
16:18:34,-0.26,0.93,-0.16
16:18:34,-0.14,0.79,-0.24
16:18:35,-0.15,0.46,-0.83
16:18:35,-0.21,0.62,-0.80
16:18:35,-0.26,0.50,-0.75
16:18:35,-0.27,0.52,-0.78
16:18:35,-0.26,0.52,-0.80
16:18:35,-0.24,0.53,-0.74
16:18:35,-0.24,0.56,-0.77
16:18:35,-0.22,0.54,-0.77
16:18:35,-0.35,0.58,-0.74
16:18:35,-0.38,0.55,-0.74
16:18:36,-0.17,0.63,-0.72
16:18:36,-0.61,0.52,-0.78
16:18:36,-0.42,0.42,-0.72
16:18:36,-0.27,0.51,-0.79
16:18:36,-0.31,0.51,-0.83
16:18:36,-0.21,0.69,-0.45
16:18:36,-0.36,0.48,-0.90
16:18:36,-0.30,0.47,-0.82
16:18:36,-0.29,0.55,-0.72
16:18:36,-0.43,0.50,-0.80
16:18:37,-0.33,0.51,-0.75
16:18:37,-0.25,0.53,-0.82
16:18:37,-0.26,0.41,-0.83
16:18:37,-0.32,0.51,-0.84
16:18:37,-0.31,0.51,-0.77
16:18:37,-0.22,0.53,-0.73
16:18:37,-0.23,0.36,-0.78
16:18:37,-0.28,0.48,-0.80
16:18:37,-0.28,0.48,-0.79
16:18:37,-0.23,0.48,-0.78
16:18:38,-0.29,0.52,-0.82
16:18:38,-0.27,0.51,-0.78
16:18:38,-0.27,0.47,-0.82
16:18:38,-0.26,0.50,-0.80
17:7:18,-0.23,0.85,-0.38
17:7:18,-0.23,0.85,-0.39
17:7:18,-0.26,0.85,-0.40
17:7:18,-0.07,1.08,-0.45
17:7:18,-0.32,0.69,-0.56
17:7:18,-0.35,0.50,-0.88
17:7:18,-0.25,0.66,-0.65
17:7:18,-0.33,0.63,-0.64
17:7:18,-0.32,0.58,-0.65
17:7:18,-0.34,0.60,-0.67
17:7:19,-0.34,0.59,-0.68
17:7:19,-0.34,0.59,-0.68
17:7:19,-0.33,0.59,-0.66
17:7:19,-0.35,0.60,-0.68
17:7:19,-0.34,0.61,-0.65
17:7:19,-0.19,0.70,-0.67
17:7:19,-0.48,0.60,-0.62
17:7:19,-0.44,0.55,-0.65
17:7:19,-0.45,0.56,-0.65
17:7:52,-0.55,0.66,-0.42
17:7:52,-0.57,0.66,-0.44
17:7:52,-0.56,0.66,-0.43
17:7:53,-0.53,0.67,-0.43
17:7:53,-0.56,0.63,-0.43
17:7:53,-0.57,0.64,-0.43
17:7:53,-0.58,0.60,-0.44
17:7:53,-0.55,0.73,-0.45
17:7:53,-0.54,0.73,-0.43
17:7:53,-0.56,0.64,-0.45
17:7:53,-0.54,0.58,-0.44
17:7:53,-0.57,0.56,-0.45
17:7:53,-0.57,0.64,-0.44
17:7:54,-0.57,0.61,-0.45
17:7:54,-0.59,0.63,-0.45
17:7:54,-0.62,0.62,-0.45
17:7:54,-0.60,0.61,-0.43
17:7:54,-0.60,0.61,-0.43
17:7:54,-0.60,0.62,-0.43
17:8:2,-0.80,0.35,-0.47
17:8:2,-0.72,0.68,-0.58
17:8:2,-0.81,0.25,-0.48
17:8:3,-0.77,0.26,-0.46
17:8:3,-0.72,0.38,-0.59
17:8:3,-0.79,0.37,-0.46
17:8:3,-0.79,0.35,-0.44
17:8:3,-0.85,0.20,-0.49
17:8:3,-0.79,0.21,-0.45
17:8:3,-0.81,0.25,-0.49
17:8:3,-0.84,0.27,-0.46
17:8:3,-0.82,0.27,-0.49
17:8:3,-0.79,0.28,-0.48
17:8:4,-0.80,0.28,-0.46
17:8:4,-0.80,0.28,-0.47
17:8:4,-0.79,0.28,-0.48
17:8:4,-0.80,0.29,-0.47
17:8:4,-0.80,0.29,-0.47
17:8:4,-0.80,0.28,-0.48
17:23:46,0.10,0.75,-0.59
17:23:46,0.09,0.79,-0.56
17:23:46,0.09,0.78,-0.57
17:23:46,0.10,0.81,-0.54
17:23:46,0.07,0.82,-0.58
17:23:46,0.10,0.81,-0.53
17:23:46,0.12,0.79,-0.52
17:23:46,0.08,0.76,-0.53
17:23:47,-0.03,0.47,-0.00
17:23:47,-0.15,0.88,-0.33
17:23:47,-0.12,0.80,-0.52
17:23:47,-0.18,1.02,-0.26
17:23:47,-0.26,0.99,-0.29
17:23:47,-0.13,0.91,-0.31
17:23:47,-0.01,0.94,-0.27
17:23:47,-0.01,0.98,-0.28
17:23:47,-0.00,0.95,-0.23
17:23:47,-0.01,0.88,-0.28
17:23:48,-0.09,0.96,-0.25
17:23:50,0.50,0.78,-0.33
17:23:50,0.48,0.83,-0.25
17:23:50,0.50,0.82,-0.25
17:23:50,0.52,0.83,-0.24
17:23:50,0.47,0.84,-0.22
17:23:50,0.43,0.89,-0.14
17:23:51,0.34,0.88,-0.19
17:23:51,0.26,0.91,-0.19
17:23:51,0.20,0.91,-0.23
17:23:51,0.15,0.94,-0.22
17:23:51,0.05,0.94,-0.25
17:23:51,-0.05,0.90,-0.24
17:23:51,-0.08,0.89,-0.27
17:23:51,-0.06,0.90,-0.33
17:23:51,-0.06,0.90,-0.35
17:23:51,-0.02,0.91,-0.33
17:23:52,-0.02,0.90,-0.34
17:23:52,-0.03,0.92,-0.34
17:23:52,-0.05,0.92,-0.32
17:23:52,-0.07,0.88,-0.35
17:23:52,-0.11,0.97,-0.30
17:23:52,-0.13,0.82,-0.30
17:23:52,-0.04,0.93,-0.35
17:23:52,-0.13,0.87,-0.29
17:23:52,-0.05,0.93,-0.35
17:23:52,-0.08,0.88,-0.32
17:23:53,-0.04,0.93,-0.34
17:23:53,-0.04,0.92,-0.35
17:23:53,-0.02,0.90,-0.35
17:23:53,-0.01,0.90,-0.36
17:23:53,-0.10,0.89,-0.25
17:23:53,-0.03,0.91,-0.34
17:24:0,-0.41,0.83,-0.28
17:24:0,-0.26,0.75,-0.36
17:24:0,-0.48,0.83,-0.22
17:24:0,-0.47,0.78,-0.28
17:24:0,-0.47,0.83,-0.35
17:24:0,-0.48,0.81,-0.25
17:24:0,-0.45,0.81,-0.23
17:24:1,-0.47,0.81,-0.23
17:24:1,-0.47,0.82,-0.22
17:24:1,-0.46,0.80,-0.23
17:24:1,-0.46,0.82,-0.23
17:24:1,-0.44,0.81,-0.23
17:24:1,-0.49,0.85,-0.20
17:24:1,-0.52,0.77,-0.22
17:24:1,-0.48,0.75,-0.11
17:24:1,-0.41,0.84,-0.18
17:24:1,-0.37,0.84,-0.15
17:24:2,-0.38,0.84,-0.15
17:24:2,-0.47,0.84,-0.13
17:39:36,-0.78,0.55,-0.18
17:39:36,-0.79,0.52,-0.20
17:39:36,-0.81,0.50,-0.18
17:39:36,-0.83,0.52,-0.17
17:39:37,-0.80,0.52,-0.19
17:39:37,-0.80,0.49,-0.18
17:39:37,-0.80,0.51,-0.18
17:39:37,-0.79,0.52,-0.17
17:39:37,-0.79,0.52,-0.18
17:39:37,-0.80,0.51,-0.18
17:39:37,-0.81,0.50,-0.18
17:39:37,-0.78,0.51,-0.19
17:39:37,-0.80,0.50,-0.19
17:39:37,-0.80,0.51,-0.16
17:39:38,-0.77,0.56,-0.14
17:39:38,-0.65,0.65,-0.15
17:39:38,-0.71,0.65,-0.15
17:39:38,-0.65,0.66,-0.19
17:39:38,-0.68,0.64,-0.19
17:39:46,-0.97,-0.24,0.11
17:39:46,-0.94,-0.29,0.12
17:39:46,-0.92,-0.26,0.13
17:39:47,-0.93,-0.34,0.10
17:39:47,-0.93,-0.28,0.16
17:39:47,-0.93,-0.28,0.14
17:39:47,-0.96,-0.23,0.10
17:39:47,-0.84,-0.18,0.07
17:39:47,-0.95,-0.11,0.15
17:39:47,-0.86,-0.58,0.28
17:39:47,-0.82,-0.65,0.29
17:39:47,-0.92,-0.07,0.20
17:39:47,-0.76,-0.40,0.26
17:39:48,-0.92,-0.28,0.22
17:39:48,-1.05,-0.31,0.33
17:39:48,-0.87,-0.52,0.16
17:39:48,-0.93,-0.35,0.26
17:39:48,-0.78,-0.39,0.28
17:39:48,-0.88,-0.50,0.07
17:39:48,-0.91,-0.44,0.16
17:39:48,-0.93,-0.43,0.18
17:39:48,-0.88,-0.44,0.14
17:39:48,-0.88,-0.48,0.18
17:39:49,-0.89,-0.44,0.13
17:39:49,-0.88,-0.44,0.19
17:39:49,-0.90,-0.40,0.13
17:39:49,-0.90,-0.41,0.13
17:39:49,-0.91,-0.40,0.13
17:39:49,-0.89,-0.42,0.12
17:39:49,-0.91,-0.37,0.11
17:39:49,-0.90,-0.41,0.12
17:39:49,-0.94,-0.34,0.05
17:59:56,-0.91,-0.48,-0.14
17:59:56,-0.86,-0.49,-0.12
17:59:56,-0.90,-0.43,-0.08
17:59:56,-0.88,-0.52,-0.06
17:59:57,-0.87,-0.47,-0.06
17:59:57,-0.86,-0.46,-0.06
17:59:57,-0.80,-0.38,0.01
17:59:57,-0.88,-0.43,-0.05
17:59:57,-0.90,-0.46,-0.06
17:59:57,-0.90,-0.46,-0.04
17:59:57,-0.87,-0.47,-0.04
17:59:57,-0.88,-0.45,-0.04
17:59:57,-0.87,-0.45,-0.03
17:59:57,-0.83,-0.46,-0.13
17:59:58,-0.91,-0.45,-0.10
17:59:58,-0.89,-0.47,-0.17
17:59:58,-0.91,-0.44,-0.07
17:59:58,-0.83,-0.49,-0.10
17:59:58,-0.90,-0.43,-0.06
18:0:12,-0.37,-0.68,-0.66
18:0:12,-0.36,-0.68,-0.66
18:0:12,-0.39,-0.66,-0.66
18:0:13,-0.36,-0.66,-0.67
18:0:13,-0.34,-0.67,-0.66
18:0:13,-0.40,-0.68,-0.61
18:0:13,-0.49,-0.61,-0.65
18:0:13,-0.56,-0.56,-0.63
18:0:13,-0.57,-0.52,-0.68
18:0:13,-0.56,-0.50,-0.70
18:0:13,-0.53,-0.52,-0.64
18:0:13,-0.54,-0.54,-0.65
18:0:13,-0.58,-0.51,-0.69
18:0:14,-0.49,-0.57,-0.65
18:0:14,-0.42,-0.65,-0.66
18:0:14,-0.41,-0.63,-0.64
18:0:14,-0.46,-0.60,-0.63
18:0:14,-0.47,-0.59,-0.66
18:0:14,-0.46,-0.60,-0.67
18:0:18,-0.14,-0.62,-0.64
18:0:18,-0.22,-0.36,-1.11
18:0:18,-0.10,-0.89,-1.09
18:0:18,0.21,-0.39,-1.01
18:0:18,0.15,-0.47,-0.99
18:0:18,0.24,0.01,-0.77
18:0:18,-0.01,-0.30,-0.78
18:0:18,0.35,-0.57,-0.83
18:0:18,0.31,-0.62,-0.75
18:0:18,0.31,-0.63,-0.74
18:0:19,0.31,-0.70,-0.69
18:0:19,0.32,-0.68,-0.70
18:0:19,0.27,-0.68,-0.70
18:0:19,0.25,-0.70,-0.73
18:0:19,0.13,-0.79,-0.66
18:0:19,-0.01,-1.05,-0.62
18:0:19,-0.06,-0.91,-0.65
18:0:19,-0.52,-0.71,-0.90
18:0:19,-0.22,-0.24,-0.94
18:0:19,0.02,0.03,-0.89
18:0:20,-0.18,0.21,-0.91
18:0:21,0.37,-0.01,-0.98
18:0:21,-0.10,0.45,-1.02
18:0:21,0.15,-0.11,-1.18
18:0:21,0.34,-0.15,-0.86
18:0:21,0.05,0.21,-0.95
18:0:21,0.17,0.09,-1.00
18:0:22,0.13,0.13,-1.02
18:0:22,0.20,0.04,-0.99
18:0:22,0.16,0.11,-0.96
18:0:22,0.15,0.11,-1.00
18:0:22,0.17,0.10,-0.96
18:0:22,0.17,0.10,-0.97
18:0:22,0.17,0.10,-0.98
18:0:22,0.16,0.10,-0.97
18:0:22,0.18,0.07,-0.99
18:0:22,0.17,0.10,-0.98
18:0:23,0.18,0.09,-0.97
18:0:23,0.13,0.06,-0.98
18:0:23,0.20,-0.01,-0.99
18:41:14,-0.01,-0.86,-0.37
18:41:15,0.03,-0.92,-0.45
18:41:15,0.00,-0.89,-0.48
18:41:15,0.01,-0.92,-0.47
18:41:15,0.04,-0.94,-0.39
18:41:15,0.00,-0.94,-0.46
18:41:15,-0.02,-0.94,-0.48
18:41:15,0.00,-0.92,-0.49
18:41:15,0.00,-0.90,-0.48
18:41:15,-0.03,-0.92,-0.47
18:41:15,-0.03,-0.92,-0.46
18:41:16,-0.02,-0.91,-0.46
18:41:16,-0.03,-0.92,-0.47
18:41:16,-0.00,-0.88,-0.47
18:41:16,0.00,-0.92,-0.48
18:41:16,0.04,-0.91,-0.49
18:41:16,0.07,-0.89,-0.51
18:41:16,0.09,-0.91,-0.49
18:41:16,0.21,-0.84,-0.55
18:51:16,-0.90,-0.05,-0.42
18:51:16,-0.88,-0.07,-0.42
18:51:16,-0.88,-0.08,-0.43
18:51:16,-0.87,-0.08,-0.44
18:51:16,-0.87,-0.10,-0.43
18:51:16,-0.87,-0.09,-0.43
18:51:16,-0.88,-0.08,-0.44
18:51:16,-0.86,-0.10,-0.43
18:51:17,-0.88,-0.10,-0.44
18:51:17,0.74,0.19,0.79
18:51:17,-0.93,-0.11,-0.44
18:51:17,-0.86,0.08,-0.51
18:51:17,-0.85,-0.10,-0.43
18:51:17,-0.88,-0.14,-0.40
18:51:17,-0.85,-0.15,-0.41
18:51:17,-0.87,-0.12,-0.44
18:51:17,-0.88,-0.14,-0.44
18:51:17,-0.85,-0.10,-0.41
18:51:18,-0.88,-0.10,-0.43
18:51:20,-0.93,-0.37,-0.11
18:51:20,-0.86,-0.50,-0.05
18:51:20,-0.91,-0.32,-0.20
18:51:20,-0.89,-0.40,-0.22
18:51:21,-0.90,-0.44,-0.23
18:51:21,-0.89,-0.39,-0.18
18:51:21,-0.87,-0.35,-0.22
18:51:21,-0.86,-0.42,-0.20
18:51:21,-0.88,-0.41,-0.20
18:51:21,-0.90,-0.40,-0.19
18:51:21,-0.88,-0.45,-0.16
18:51:21,-0.90,-0.34,-0.30
18:51:21,-0.88,-0.45,-0.15
18:51:21,-0.86,-0.68,-0.20
18:51:22,-0.52,-0.69,-0.21
18:51:22,-1.48,-1.35,1.72
18:51:22,-0.34,-1.03,-0.26
18:51:22,-0.30,-0.77,-0.24
18:51:22,-0.55,-0.85,-0.18
18:51:22,-0.59,-0.78,-0.10
18:51:22,-0.49,-0.76,-0.09
18:51:22,-0.57,-0.84,-0.10
18:51:22,-0.63,-0.96,-0.02
18:51:22,-0.60,-0.84,-0.10
18:51:23,-0.60,-0.86,-0.07
18:51:23,-0.68,-0.84,-0.04
18:51:23,-0.52,-1.07,0.35
18:51:23,-0.46,-1.16,-0.25
18:51:23,0.19,-1.09,0.38
18:51:23,0.28,-0.65,0.35
18:51:23,-0.37,-1.31,-0.31
18:51:23,-0.49,-0.85,0.01
18:51:23,-0.48,-0.87,0.03
18:51:23,-0.46,-0.90,-0.01
18:51:24,-0.61,-1.07,0.22
18:51:24,-0.40,-0.94,0.11
18:51:24,-0.41,-0.95,0.09
18:51:24,-0.50,-1.16,0.12
18:51:24,-0.57,-1.00,0.47
18:51:24,-0.31,-0.97,0.15
18:51:24,-0.47,-0.96,0.19
18:51:24,-0.27,-0.93,0.15
18:51:24,-1.11,-0.99,1.33
18:51:24,-0.16,-1.13,0.06
18:51:25,-0.57,-0.85,0.18
18:51:25,-0.26,-0.87,0.19
18:51:25,-0.01,-1.01,0.02
18:51:25,-0.36,-0.89,0.09
18:51:25,-0.22,-0.93,0.21
18:51:25,-0.20,-1.01,0.10
18:51:25,-0.26,-0.97,0.12
18:51:25,-0.31,-0.98,0.06
18:51:25,-0.27,-1.01,0.15
18:51:25,-0.21,-0.96,0.13
18:51:26,-0.18,-1.02,0.04
18:51:26,-0.25,-0.99,0.11
18:51:26,-0.30,-0.98,0.11
18:51:26,-0.28,-0.99,0.11
18:51:26,-0.28,-1.00,0.13
18:51:26,-0.30,-0.99,0.08
18:51:26,-0.28,-0.99,0.08
18:51:26,-0.29,-0.98,0.09
18:51:26,-0.29,-0.98,0.09
18:51:26,-0.30,-0.98,0.07
18:51:27,-0.30,-0.98,0.07
18:56:2,0.35,-0.96,0.15
18:56:2,0.38,-0.97,0.15
18:56:2,0.39,-0.94,0.13
18:56:3,0.31,-0.96,0.16
18:56:3,0.34,-0.97,0.19
18:56:3,0.34,-0.97,0.20
18:56:3,0.30,-0.97,0.21
18:56:3,0.32,-0.96,0.20
18:56:3,0.32,-0.97,0.20
18:56:3,0.34,-0.96,0.20
18:56:3,0.34,-0.97,0.19
18:56:3,0.34,-0.96,0.19
18:56:3,0.34,-0.98,0.19
18:56:4,0.35,-0.97,0.20
18:56:4,0.34,-0.98,0.19
18:56:4,0.33,-0.97,0.21
18:56:4,0.33,-0.96,0.21
18:56:4,0.36,-0.97,0.23
18:56:4,0.36,-0.94,0.20
19:0:31,-0.61,-0.82,0.07
19:0:31,-0.63,-0.80,0.06
19:0:31,-0.67,-0.82,0.02
19:0:32,-0.62,-0.78,0.05
19:0:32,-0.64,-0.79,0.05
19:0:32,-0.63,-0.77,0.04
19:0:32,-0.64,-0.80,0.04
19:0:32,-0.64,-0.80,0.03
19:0:32,-0.63,-0.78,0.04
19:0:32,-0.64,-0.79,0.03
19:0:32,-0.62,-0.77,0.04
19:0:32,-0.61,-0.79,0.05
19:0:32,-0.63,-0.78,0.06
19:0:33,-0.65,-0.81,0.02
19:0:33,-0.67,-0.75,0.05
19:0:33,-0.65,-0.77,-0.02
19:0:33,-0.67,-0.75,-0.01
19:0:33,-0.73,-0.72,-0.06
19:0:33,-0.72,-0.70,-0.06
19:0:37,-0.95,0.12,-0.10
19:0:37,-0.95,0.06,-0.02
19:0:38,-0.96,0.09,-0.10
19:0:38,-0.97,0.12,-0.13
19:0:38,-0.95,0.08,-0.20
19:0:38,-0.94,0.09,-0.20
19:0:38,-0.96,0.11,-0.20
19:0:38,-0.95,0.12,-0.19
19:0:38,-0.85,0.12,-0.17
19:0:38,-0.89,0.16,-0.31
19:0:38,-0.88,0.05,-0.34
19:0:38,-0.97,0.04,-0.27
19:0:39,-0.98,0.04,-0.19
19:0:39,-1.01,-0.02,-0.05
19:0:39,-1.06,-0.28,-0.29
19:0:39,-1.02,-0.66,-0.46
19:0:39,0.01,-0.87,-0.16
19:0:39,-0.54,-1.07,-0.33
19:0:39,0.00,-0.97,-0.75
19:0:39,-0.06,-0.88,-0.51
19:0:39,-0.11,-0.90,-0.52
19:0:39,-0.11,-0.83,-0.50
19:0:40,-0.05,-0.74,-0.52
19:0:40,-0.04,-0.80,-0.56
19:0:40,-0.03,-0.86,-0.62
19:0:40,-0.05,-0.81,-0.61
19:0:40,-0.05,-0.80,-0.57
19:0:40,0.10,-0.82,-0.59
19:0:40,0.14,-0.81,-0.54
19:0:40,-0.23,-1.06,-0.49
19:0:40,-0.04,-0.89,-0.50
19:0:40,0.00,-0.75,-0.50
19:0:41,0.03,-0.89,-0.55
19:0:41,-0.06,-0.91,-0.51
19:0:41,-0.04,-0.91,-0.50
19:0:41,-0.05,-0.87,-0.52
19:0:41,-0.10,-0.84,-0.54
19:0:41,-0.03,-0.90,-0.52
19:0:41,0.01,-0.88,-0.52
19:0:41,-0.12,-0.66,-0.71
19:0:41,-0.05,-0.91,-0.49
19:0:41,-0.08,-0.91,-0.49
19:0:42,-0.02,-0.84,-0.52
19:0:42,-0.07,-0.95,-0.46
19:0:42,0.00,-0.81,-0.59
19:0:42,0.03,-0.88,-0.42
19:0:42,-0.03,-0.97,-0.52
19:2:56,-0.84,-0.49,0.28
19:2:56,-0.82,-0.48,0.29
19:2:56,-0.83,-0.48,0.28
19:2:56,-0.81,-0.50,0.27
19:2:56,-0.90,-0.65,0.29
19:2:56,-0.82,-0.62,0.28
19:2:56,-0.74,-0.65,0.23
19:2:56,-0.70,-0.67,0.23
19:2:57,-0.73,-0.68,0.22
19:2:57,-0.72,-0.67,0.21
19:2:57,-0.72,-0.67,0.21
19:2:57,-0.72,-0.69,0.22
19:2:57,-0.71,-0.68,0.18
19:2:57,-0.72,-0.68,0.21
19:2:57,-0.71,-0.69,0.19
19:2:57,-0.71,-0.69,0.20
19:2:57,-0.71,-0.68,0.21
19:2:57,-0.71,-0.69,0.19
19:2:58,-0.71,-0.68,0.20
19:3:0,-0.51,-0.86,-0.20
19:3:0,-0.51,-0.87,-0.19
19:3:0,-0.51,-0.87,-0.20
19:3:0,-0.51,-0.87,-0.20
19:3:0,-0.51,-0.86,-0.20
19:3:0,-0.51,-0.86,-0.19
19:3:1,-0.50,-0.86,-0.20
19:3:1,-0.50,-0.86,-0.21
19:3:1,-0.51,-0.86,-0.19
19:3:1,-0.50,-0.86,-0.20
19:3:1,-0.51,-0.87,-0.21
19:3:1,-0.50,-0.86,-0.20
19:3:1,-0.51,-0.87,-0.21
19:3:1,-0.50,-0.86,-0.20
19:3:1,-0.51,-0.86,-0.20
19:3:1,-0.51,-0.87,-0.19
19:3:2,-0.50,-0.86,-0.19
19:3:2,-0.50,-0.86,-0.21
19:3:2,-0.50,-0.86,-0.21
19:23:20,-0.31,-0.93,-0.29
19:23:21,0.04,-0.78,-0.39
19:23:21,-0.22,-0.97,-0.26
19:23:21,-0.20,-0.98,-0.26
19:23:21,-0.28,-1.20,-0.24
19:23:21,-0.20,-0.94,-0.27
19:23:21,-0.15,-0.93,-0.27
19:23:21,-0.20,-0.98,-0.27
19:23:21,-0.20,-0.97,-0.27
19:23:21,-0.15,-0.97,-0.26
19:23:21,-0.12,-0.99,-0.27
19:23:22,-0.12,-0.99,-0.27
19:23:22,-0.12,-0.99,-0.28
19:23:22,-0.12,-0.99,-0.28
19:23:22,-0.11,-0.98,-0.27
19:23:22,-0.17,-1.00,-0.22
19:23:22,-0.14,-0.98,-0.28
19:23:22,-0.14,-0.97,-0.32
19:23:22,-0.12,-0.97,-0.35
19:23:29,-0.45,-0.79,-0.46
19:23:29,-0.46,-0.79,-0.46
19:23:29,-0.46,-0.79,-0.47
19:23:29,-0.46,-0.78,-0.47
19:23:29,-0.45,-0.80,-0.46
19:23:29,-0.46,-0.79,-0.46
19:23:29,-0.45,-0.79,-0.46
19:23:29,-0.46,-0.79,-0.46
19:23:30,-0.45,-0.80,-0.45
19:23:30,-0.71,-0.63,-0.83
19:23:30,-0.47,-0.78,-0.48
19:23:30,-0.46,-0.83,-0.43
19:23:30,-0.47,-0.82,-0.45
19:23:30,-0.51,-0.77,-0.50
19:23:30,-0.39,-0.80,-0.40
19:23:30,-0.60,-0.73,-0.61
19:23:30,-0.49,-0.73,-0.50
19:23:30,-0.48,-0.77,-0.50
19:23:31,-0.49,-0.69,-0.46
19:59:46,-0.30,-0.84,-0.50
19:59:46,-0.30,-0.85,-0.50
19:59:46,-0.29,-0.84,-0.49
19:59:47,-0.29,-0.83,-0.51
19:59:47,-0.30,-0.82,-0.51
19:59:47,-0.29,-0.86,-0.49
19:59:47,-0.31,-0.82,-0.51
19:59:47,-0.30,-0.82,-0.51
19:59:47,-0.31,-0.87,-0.48
19:59:47,-0.29,-0.87,-0.49
19:59:47,-0.30,-0.85,-0.49
19:59:47,-0.30,-0.86,-0.49
19:59:47,-0.30,-0.87,-0.51
19:59:48,-0.33,-0.79,-0.53
19:59:48,-0.32,-0.81,-0.51
19:59:48,-0.35,-0.78,-0.53
19:59:48,-0.35,-0.76,-0.53
19:59:48,-0.33,-0.83,-0.52
19:59:48,-0.30,-0.82,-0.54
20:0:15,-0.73,0.34,-0.56
20:0:15,-0.71,0.32,-0.55
20:0:15,-0.71,0.36,-0.54
20:0:15,-0.72,0.40,-0.52
20:0:16,-0.73,0.40,-0.54
20:0:16,-0.75,0.39,-0.46
20:0:16,-0.74,0.29,-0.60
20:0:16,-0.72,0.42,-0.57
20:0:16,-0.76,0.32,-0.49
20:0:16,-0.81,0.27,-0.46
20:0:16,-0.82,0.27,-0.44
20:0:16,-0.81,0.30,-0.46
20:0:16,-0.80,0.31,-0.41
20:0:16,-0.81,0.30,-0.43
20:0:17,-0.80,0.32,-0.45
20:0:17,-0.79,0.33,-0.45
20:0:17,-0.80,0.32,-0.44
20:0:17,-0.79,0.32,-0.45
20:0:17,-0.80,0.34,-0.44
20:27:17,-0.26,-0.75,-0.82
20:27:17,-0.02,-0.82,-0.64
20:27:17,0.07,-0.87,-0.48
20:27:17,0.28,-0.95,-0.40
20:27:17,0.15,-0.98,-0.46
20:27:17,0.29,-0.90,-0.43
20:27:17,0.33,-0.75,-0.29
20:27:17,0.03,-1.00,-0.43
20:27:18,-0.11,-1.01,-0.40
20:27:18,-0.49,-1.16,-0.29
20:27:18,-0.08,-1.02,-0.58
20:27:18,-0.08,-0.94,-0.35
20:27:18,-0.05,-0.91,-0.45
20:27:18,-0.05,-0.90,-0.52
20:27:18,-0.09,-0.88,-0.50
20:27:18,-0.09,-0.90,-0.47
20:27:18,-0.07,-0.88,-0.51
20:27:18,-0.09,-0.89,-0.48
20:27:19,-0.08,-0.91,-0.49
20:27:19,-0.12,-0.91,-0.49
20:27:19,-0.11,-0.90,-0.48
20:27:19,-0.13,-0.91,-0.47
20:27:45,0.48,-0.37,-0.87
20:27:45,0.51,-0.38,-0.79
20:27:45,0.59,-0.32,-0.76
20:27:45,0.58,-0.31,-0.79
20:27:45,0.57,-0.35,-0.77
20:27:45,0.41,-0.14,-0.68
20:27:46,1.13,-0.05,-0.58
20:27:46,0.96,-0.17,-0.49
20:27:46,0.83,-0.04,-0.48
20:27:46,0.77,-0.06,-0.44
20:27:46,0.91,-0.09,-0.41
20:27:46,0.99,-0.11,-0.37
20:27:46,0.97,-0.12,-0.30
20:27:46,0.95,-0.16,-0.32
20:27:46,1.00,-0.19,-0.30
20:27:46,0.95,-0.14,-0.34
20:27:47,0.96,-0.13,-0.34
20:27:47,0.95,-0.13,-0.34
20:27:47,0.97,-0.11,-0.31
20:27:47,0.95,-0.17,-0.31
20:27:47,0.97,-0.20,-0.30
20:27:47,0.96,-0.20,-0.31
20:27:47,0.96,-0.19,-0.32
20:27:47,0.96,-0.19,-0.31
20:27:47,0.97,-0.18,-0.31
20:27:47,0.96,-0.19,-0.29
20:27:48,0.96,-0.19,-0.29
20:27:48,0.96,-0.16,-0.30
20:27:59,0.88,-0.06,-0.52
20:27:59,0.87,-0.08,-0.51
20:27:59,0.88,-0.10,-0.51
20:27:59,0.90,-0.10,-0.49
20:27:59,0.88,-0.11,-0.51
20:28:0,0.89,-0.10,-0.50
20:28:0,0.89,-0.11,-0.50
20:28:0,0.90,-0.12,-0.49
20:28:0,0.88,-0.11,-0.50
20:28:0,0.90,-0.11,-0.49
20:28:0,0.89,-0.12,-0.51
20:28:0,0.85,-0.10,-0.50
20:28:0,0.88,-0.11,-0.51
20:28:0,0.89,-0.10,-0.48
20:28:0,0.88,-0.08,-0.52
20:28:1,0.88,-0.11,-0.51
20:28:1,0.90,-0.12,-0.50
20:28:1,0.94,-0.10,-0.46
20:28:1,0.85,-0.17,-0.55
20:28:4,-0.26,0.66,-0.47
20:28:4,-0.16,0.83,-0.44
20:28:4,0.13,0.65,-0.63
20:28:4,-0.06,0.59,-0.75
20:28:4,-0.14,0.76,-0.55
20:28:4,-0.17,0.71,-0.61
20:28:4,-0.14,0.67,-0.64
20:28:4,-0.28,0.69,-0.60
20:28:5,-0.33,0.72,-0.63
20:28:5,-0.32,0.70,-0.57
20:28:5,-0.33,0.67,-0.61
20:28:5,-0.39,0.77,-0.43
20:28:5,-0.33,0.69,-0.57
20:28:5,-0.32,0.72,-0.56
20:28:5,-0.26,0.92,-0.83
20:28:5,-0.51,0.68,-0.43
20:28:5,-0.29,0.72,-0.66
20:28:5,-0.37,0.58,-0.61
20:28:6,-0.51,0.63,-0.61
20:28:6,-0.33,0.79,-0.72
20:28:6,-0.22,0.57,-0.69
20:28:7,-0.63,0.63,-0.47
20:28:7,-0.53,0.64,-0.51
20:28:7,-0.33,0.70,-0.43
20:28:8,-0.43,0.91,-0.62
20:28:8,-0.66,0.49,-0.45
20:28:8,-0.49,0.68,-0.47
20:28:8,-0.63,0.56,-0.53
20:28:8,-0.42,0.70,-0.37
20:28:8,-0.49,0.96,-0.27
20:28:8,-0.51,0.80,-0.36
20:28:8,-0.43,0.71,-0.48
20:28:8,-0.51,0.56,-0.49
20:28:8,-0.43,0.74,-0.47
20:28:9,-0.46,0.73,-0.48
20:28:9,-0.53,0.72,-0.38
20:28:9,-0.44,0.71,-0.42
20:28:9,-0.47,0.72,-0.44
20:28:9,-0.45,0.74,-0.42
20:28:9,-0.43,0.75,-0.43
22:28:6,-0.08,0.41,-0.88
22:28:6,-0.06,0.28,-0.91
22:28:6,-0.06,0.26,-0.94
22:28:6,-0.04,0.28,-0.95
22:28:7,0.09,0.22,-0.97
22:28:7,0.09,0.18,-1.01
22:28:7,0.18,0.14,-0.96
22:28:7,0.31,-0.07,-0.96
22:28:7,0.24,0.08,-0.94
22:28:7,0.25,-0.00,-1.01
22:28:7,0.32,-0.07,-0.94
22:28:7,0.27,-0.05,-0.94
22:28:7,0.34,-0.06,-0.97
22:28:7,0.35,-0.05,-0.96
22:28:8,0.31,-0.05,-0.98
22:28:8,0.32,-0.06,-0.96
22:28:8,0.31,-0.06,-0.96
22:28:8,0.27,-0.10,-0.96
22:28:8,0.32,-0.09,-0.97
22:28:8,0.32,-0.12,-0.99
22:28:8,0.29,-0.10,-0.96
22:28:8,0.30,-0.10,-0.94
22:28:8,0.28,-0.09,-0.96
22:28:8,0.29,-0.11,-0.96
22:28:9,0.33,-0.13,-0.94
22:28:9,0.33,-0.11,-0.94
22:28:9,0.29,-0.11,-0.96
22:28:9,0.28,-0.12,-0.92
22:28:13,0.54,-0.07,-0.85
22:28:14,0.53,-0.09,-0.86
22:28:14,0.54,-0.05,-0.87
22:28:14,0.55,-0.08,-0.85
22:28:14,0.43,0.01,-0.86
22:28:14,0.48,-0.10,-0.86
22:28:14,0.55,-0.11,-0.83
22:28:14,0.65,-0.22,-0.78
22:28:14,0.85,-0.18,-0.66
22:28:14,0.50,-0.13,-0.90
22:28:14,0.31,-0.30,-0.95
22:28:15,0.66,-0.01,-0.84
22:28:15,0.48,0.08,-0.61
22:28:15,0.74,-0.10,-0.63
22:28:15,0.64,-0.15,-0.70
22:28:15,0.61,-0.21,-0.85
22:28:15,0.54,-0.13,-0.81
22:28:15,0.48,-0.33,-0.93
22:28:15,0.47,-0.30,-0.85
22:28:15,0.58,-0.99,-0.87
22:28:15,0.71,-0.82,-0.80
22:28:16,0.64,-0.11,-0.51
22:28:16,0.86,-0.33,-0.79
22:28:16,0.07,-0.56,-0.83
22:28:16,0.46,-0.03,-1.00
22:28:16,0.43,-0.29,-0.95
22:28:16,0.32,-0.24,-0.90
22:28:16,0.28,-0.14,-0.98
22:28:16,0.26,-0.16,-0.98
22:28:16,0.36,-0.14,-0.95
22:28:16,0.33,-0.24,-0.98
22:28:17,0.27,-0.25,-0.94
22:28:17,0.35,-0.24,-0.89
22:28:17,0.30,-0.39,-0.94
22:28:17,0.30,-0.30,-0.92
22:28:17,0.29,-0.29,-0.92
22:28:17,0.31,-0.30,-0.91
22:28:17,0.30,-0.28,-0.91
22:28:17,0.31,-0.28,-0.91
22:28:17,0.31,-0.28,-0.93
22:28:17,0.29,-0.29,-0.93
22:28:18,0.29,-0.27,-0.92
22:28:22,0.37,0.74,-0.53
22:28:22,0.34,0.75,-0.53
22:28:22,0.34,0.75,-0.55
22:28:22,0.34,0.75,-0.55
22:28:22,0.32,0.75,-0.54
22:28:22,0.34,0.75,-0.53
22:28:22,0.33,0.75,-0.54
22:28:22,0.34,0.73,-0.54
22:28:23,0.33,0.75,-0.54
22:28:23,0.33,0.75,-0.57
22:28:23,0.33,0.75,-0.54
22:28:23,0.34,0.75,-0.54
22:28:23,0.34,0.76,-0.53
22:28:23,0.33,0.74,-0.52
22:28:23,0.33,0.73,-0.55
22:28:23,0.33,0.75,-0.54
22:28:23,0.34,0.75,-0.53
22:28:23,0.33,0.75,-0.55
22:28:24,0.35,0.73,-0.52
22:28:39,0.09,0.82,-0.50
22:28:39,0.10,0.82,-0.51
22:28:39,0.10,0.84,-0.51
22:28:39,0.10,0.85,-0.45
22:28:39,0.14,0.83,-0.51
22:28:40,0.10,0.87,-0.56
22:28:40,0.23,0.81,-0.48
22:28:40,0.19,0.80,-0.46
22:28:40,0.21,0.82,-0.46
22:28:40,0.22,0.82,-0.47
22:28:40,0.24,0.82,-0.48
22:28:40,0.25,0.88,-0.48
22:28:40,0.24,0.83,-0.46
22:28:40,0.23,0.82,-0.45
22:28:40,0.23,0.83,-0.45
22:28:41,0.24,0.83,-0.44
22:28:41,0.25,0.85,-0.44
22:28:41,0.25,0.84,-0.45
22:28:41,0.24,0.85,-0.42
22:29:13,0.93,0.44,-0.15
22:29:13,0.89,0.37,-0.19
22:29:13,0.93,0.41,-0.13
22:29:13,0.85,0.16,-0.08
22:29:13,1.01,0.28,-0.11
22:29:14,0.98,0.32,-0.19
22:29:14,0.96,0.10,-0.11
22:29:14,1.03,0.25,-0.18
22:29:14,0.92,0.22,-0.09
22:29:14,0.89,0.23,-0.26
22:29:14,0.88,0.32,-0.28
22:29:14,0.87,0.35,-0.23
22:29:14,0.83,0.45,-0.47
22:29:14,0.85,0.36,-0.36
22:29:14,0.84,0.41,-0.38
22:29:15,1.03,0.22,-0.28
22:29:15,0.87,0.42,-0.30
22:29:15,0.97,0.31,-0.26
22:29:15,0.90,0.40,-0.31
22:29:15,0.84,0.40,-0.26
22:29:15,0.95,0.40,-0.29
22:29:15,0.78,0.36,-0.36
22:29:15,0.80,0.58,-0.27
22:29:15,0.85,0.56,-0.25
22:29:15,0.85,0.45,-0.24
23:53:35,0.94,0.09,-0.36
23:53:35,1.00,0.14,-0.26
23:53:35,0.98,0.02,-0.41
23:53:36,0.87,0.19,-0.36
23:53:36,1.15,0.12,-0.31
23:53:36,0.98,0.15,-0.27
23:53:36,0.96,0.18,-0.35
23:53:36,1.24,0.07,-0.02
23:53:36,0.97,0.17,-0.30
23:53:36,0.96,0.13,-0.31
23:53:36,0.98,0.09,-0.35
23:53:36,0.93,0.03,-0.36
23:53:36,0.95,0.07,-0.40
23:53:37,0.96,0.04,-0.40
23:53:37,0.92,0.04,-0.39
23:53:37,0.94,0.03,-0.41
23:53:37,0.94,0.01,-0.43
23:53:37,0.96,0.03,-0.42
23:53:37,0.93,0.01,-0.36
23:53:40,0.55,-0.75,-0.48
23:53:40,0.50,-0.78,-0.44
23:53:40,0.56,-0.76,-0.47
23:53:40,0.58,-0.74,-0.43
23:53:40,0.60,-0.72,-0.43
23:53:40,0.58,-0.79,-0.41
23:53:41,0.56,-0.77,-0.41
23:53:41,0.57,-0.77,-0.41
23:53:41,0.56,-0.78,-0.43
23:53:41,0.58,-0.75,-0.40
23:53:41,0.56,-0.77,-0.39
23:53:41,0.58,-0.75,-0.40
23:53:41,0.58,-0.77,-0.38
23:53:41,0.57,-0.77,-0.40
23:53:41,0.58,-0.77,-0.40
23:53:41,0.57,-0.75,-0.39
23:53:42,0.58,-0.73,-0.41
23:53:42,0.58,-0.77,-0.39
23:53:42,0.60,-0.75,-0.39
23:53:58,0.71,-0.64,0.13
23:53:59,0.63,-0.81,-0.14
23:53:59,0.61,-0.78,-0.17
23:53:59,0.43,-1.06,-0.22
23:53:59,0.54,-0.90,-0.25
23:53:59,0.63,-0.79,-0.23
23:53:59,0.59,-0.84,-0.18
23:53:59,0.63,-0.83,-0.17
23:53:59,0.66,-0.82,-0.17
23:53:59,0.64,-0.78,-0.14
23:53:59,0.67,-0.76,-0.11
23:54:0,0.70,-0.63,-0.11
23:54:0,0.75,-0.72,-0.14
23:54:0,0.76,-0.72,-0.14
23:54:0,0.74,-0.72,-0.16
23:54:0,0.75,-0.71,-0.14
23:54:0,0.74,-0.71,-0.13
23:54:0,0.73,-0.71,-0.14
23:54:0,0.74,-0.72,-0.14
23:54:12,0.17,-1.01,-0.17
23:54:12,0.16,-1.01,-0.17
23:54:12,0.17,-1.01,-0.16
23:54:13,0.17,-1.00,-0.18
23:54:13,0.21,-1.01,-0.19
23:54:13,0.16,-1.02,-0.21
23:54:13,0.26,-0.93,-0.45
23:54:13,0.06,-0.98,-0.45
23:54:13,-0.05,-0.92,-0.47
23:54:13,-0.23,-0.77,-0.51
23:54:13,-0.83,-1.60,-0.57
23:54:13,-0.10,-0.93,-0.47
23:54:13,-0.24,-0.80,-0.51
23:54:14,-0.31,-0.78,-0.47
23:54:14,-0.13,-1.03,-0.33
23:54:14,-0.10,-0.91,-0.43
23:54:14,-0.01,-0.98,-0.37
23:54:14,0.00,-0.96,-0.39
23:54:14,-0.07,-0.96,-0.44
23:54:14,-0.36,-0.37,-0.68
23:54:14,-1.69,-2.00,2.00
23:54:14,-0.04,-0.77,-0.36
23:54:14,0.25,-1.00,-0.19
23:54:15,0.24,-1.00,-0.18
23:54:15,0.26,-0.99,-0.16
23:54:15,0.25,-0.98,-0.18
23:54:15,0.26,-1.00,-0.17
23:54:15,0.24,-0.99,-0.17
23:54:15,0.24,-1.00,-0.18
23:54:15,0.25,-1.00,-0.18
23:54:15,0.25,-0.99,-0.20
23:54:15,0.25,-1.00,-0.17
23:54:15,0.24,-0.99,-0.18
23:54:16,0.26,-0.99,-0.18
23:54:16,0.25,-0.99,-0.16
23:54:16,0.25,-0.99,-0.19
23:54:16,0.25,-0.99,-0.17
23:54:16,0.24,-1.00,-0.18
23:54:16,0.25,-0.99,-0.18
23:54:16,0.25,-0.99,-0.18
23:54:16,0.24,-0.99,-0.18
23:54:20,-0.17,-0.94,-0.47
23:54:20,0.30,-1.15,-0.21
23:54:20,0.23,-1.07,-0.14
23:54:20,0.40,-0.89,-0.20
23:54:21,0.01,-1.03,-0.23
23:54:21,0.01,-1.00,-0.28
23:54:21,-0.05,-1.02,-0.31
23:54:21,-0.08,-1.00,-0.30
23:54:21,-0.08,-0.97,-0.25
23:54:21,-0.16,-0.82,-0.45
23:54:21,-0.27,-0.92,-0.25
23:54:21,-0.25,-0.95,-0.32
23:54:21,-0.84,-1.01,-0.41
23:54:21,-0.26,-0.93,-0.33
23:54:22,-0.47,-0.94,-0.33
23:54:22,0.07,-1.01,-0.30
23:54:22,-0.13,-0.98,-0.33
23:54:22,-0.24,-1.00,-0.28
23:54:22,-0.32,-0.97,-0.32
23:54:22,-0.34,-0.87,-0.26
23:54:22,-0.29,-0.83,-0.42
23:54:22,-0.34,-0.94,-0.32
23:54:30,-0.63,-0.72,-0.34
23:54:30,-0.62,-0.71,-0.34
23:54:31,-0.63,-0.72,-0.35
23:54:31,-0.63,-0.72,-0.34
23:54:31,-0.58,-0.74,-0.35
23:54:31,-0.63,-0.72,-0.34
23:54:31,-0.63,-0.72,-0.34
23:54:31,-0.64,-0.68,-0.36
23:54:31,-0.86,-0.63,-0.35
23:54:31,-0.84,-0.56,-0.14
23:54:31,-0.63,-0.67,-0.08
23:54:31,-0.62,-0.93,0.64
23:54:32,-1.45,-1.26,-0.26
23:54:32,-0.79,-0.55,-0.22
23:54:32,-0.81,-0.52,-0.23
23:54:32,-0.81,-0.52,-0.24
23:54:32,-0.81,-0.54,-0.27
23:54:32,-0.80,-0.51,-0.22
23:54:32,-0.82,-0.53,-0.24
23:54:32,-0.84,-0.55,-0.22
23:54:32,-1.23,-0.28,0.81
23:54:32,-0.95,-0.16,-0.21
23:54:33,-0.96,-0.19,-0.31
23:54:33,-0.93,-0.18,-0.27
23:54:33,-0.95,-0.18,-0.30
23:54:33,-0.95,-0.18,-0.30
23:54:33,-0.90,-0.17,-0.31
23:54:33,-0.94,-0.18,-0.31
23:54:33,-0.90,-0.21,-0.32
23:54:33,-0.91,-0.17,-0.38
23:54:33,-0.85,-0.26,-0.31
23:54:33,-0.89,-0.20,-0.28
23:54:34,-1.27,-0.49,-0.07
23:54:34,-0.81,-0.49,-0.15
23:54:34,-0.95,-0.23,0.71
23:54:34,-0.81,-0.47,0.15
23:54:34,-0.88,-0.61,-0.24
23:54:34,-0.78,-0.64,-0.21
23:54:34,-0.77,-0.60,-0.22
23:54:34,-0.77,-0.61,-0.21
23:54:34,-0.79,-0.62,-0.20
23:54:34,-0.79,-0.58,-0.23
23:54:35,-0.79,-0.58,-0.20
23:54:35,-0.79,-0.59,-0.20
23:54:35,-0.79,-0.59,-0.20
23:54:35,-0.77,-0.61,-0.21
23:54:35,-0.79,-0.60,-0.20
23:54:35,-0.78,-0.60,-0.22
23:54:35,-0.77,-0.60,-0.22
23:54:35,-0.77,-0.61,-0.22
23:54:35,-0.77,-0.60,-0.23
23:54:35,-0.77,-0.60,-0.23
23:54:36,-0.77,-0.60,-0.23
23:54:36,-0.77,-0.60,-0.23
23:54:36,-0.77,-0.60,-0.23
23:54:51,-0.42,-0.48,-0.87
23:54:51,-0.48,-0.41,-0.68
23:54:51,-0.71,-0.92,-0.46
23:54:52,-0.52,-0.79,-0.26
23:54:52,-0.40,-0.90,-0.26
23:54:52,-0.50,-0.95,-0.27
23:54:52,-0.52,-0.92,-0.24
23:54:52,-0.54,-0.84,-0.26
23:54:52,-0.53,-0.85,-0.25
23:54:52,-0.55,-0.85,-0.26
23:54:52,-0.52,-0.85,-0.27
23:54:52,-0.50,-0.76,-0.24
23:54:52,-0.51,-0.83,-0.30
23:54:53,-0.50,-0.82,-0.31
23:54:53,-0.49,-0.77,-0.30
23:54:53,-0.30,-0.98,-0.28
23:54:53,-0.54,-0.64,-0.30
23:54:53,-0.50,-0.81,-0.34
23:54:53,-0.57,-0.67,-0.49
23:54:55,-0.62,-0.83,-0.04
23:54:55,-0.63,-0.86,-0.09
23:54:55,-0.57,-0.82,-0.07
23:54:55,-0.57,-0.80,0.17
23:54:55,-0.60,-0.80,-0.11
23:54:55,-0.61,-0.80,-0.09
23:54:55,-0.63,-0.73,-0.09
23:54:56,-0.55,-0.87,-0.15
23:54:56,-0.61,-0.85,-0.08
23:54:56,-0.58,-0.77,-0.15
23:54:56,-0.64,-0.79,-0.16
23:54:56,-0.60,-0.97,-0.32
23:54:56,-0.57,-0.83,-0.20
23:54:56,-0.52,-0.88,-0.22
23:54:56,-0.57,-0.84,-0.18
23:54:56,-0.52,-0.88,-0.19
23:54:56,-0.53,-0.86,-0.20
23:54:57,-0.54,-0.84,-0.21
23:54:57,-0.53,-0.86,-0.14
