0:39:41,0.88,-0.49,-0.20
0:39:41,0.93,-0.38,-0.20
0:39:41,0.93,-0.28,-0.21
0:39:41,0.97,-0.17,-0.20
0:39:41,0.99,-0.08,-0.20
0:39:41,0.99,0.03,-0.17
0:39:41,0.96,0.12,-0.21
0:39:41,0.97,0.21,-0.20
0:39:41,0.94,0.30,-0.16
0:39:42,0.94,0.37,-0.16
0:39:42,0.88,0.38,-0.14
0:39:42,0.87,0.46,-0.17
0:39:42,0.90,0.44,-0.18
0:39:42,0.88,0.48,-0.17
0:39:42,0.89,0.45,-0.18
0:39:42,0.87,0.46,-0.17
0:39:42,0.87,0.45,-0.17
0:39:42,0.88,0.47,-0.18
0:39:42,0.88,0.46,-0.17
0:39:43,0.87,0.47,-0.16
1:49:56,0.62,-0.77,-0.18
1:49:56,0.59,-0.76,-0.19
1:49:56,0.60,-0.76,-0.18
1:49:56,0.55,-0.83,-0.19
1:49:56,0.50,-0.85,-0.16
1:49:57,0.45,-0.89,-0.16
1:49:57,0.39,-0.86,-0.18
1:49:57,0.36,-0.94,-0.18
1:49:57,0.36,-0.93,-0.15
1:49:57,0.27,-0.98,-0.15
1:49:57,0.19,-0.98,-0.16
1:49:57,0.15,-1.00,-0.14
1:49:57,0.11,-1.01,-0.14
1:49:57,0.13,-1.01,-0.15
1:49:57,0.05,-0.99,-0.14
1:49:58,0.00,-1.01,-0.13
1:49:58,-0.08,-1.01,-0.13
1:49:58,-0.08,-1.01,-0.13
1:49:58,-0.11,-1.00,-0.12
1:49:58,-0.15,-0.97,-0.14
1:49:58,-0.15,-1.00,-0.12
1:49:58,-0.17,-1.00,-0.10
1:49:58,-0.21,-1.00,-0.12
1:49:58,-0.20,-1.00,-0.13
1:49:58,-0.23,-0.99,-0.11
1:49:59,-0.25,-0.98,-0.11
1:49:59,-0.24,-0.98,-0.13
1:49:59,-0.24,-0.96,-0.10
1:49:59,-0.23,-0.97,-0.13
1:49:59,-0.28,-0.97,-0.13
1:49:59,-0.30,-0.96,-0.12
1:49:59,-0.30,-0.95,-0.10
1:49:59,-0.33,-0.93,-0.09
1:49:59,-0.33,-0.93,-0.09
3:0:20,0.85,-0.53,-0.18
3:0:20,0.91,-0.41,-0.18
3:0:20,0.87,-0.32,-0.19
3:0:20,0.95,-0.31,-0.19
3:0:20,0.96,-0.13,-0.20
3:0:20,0.99,-0.02,-0.19
3:0:20,0.98,0.08,-0.18
3:0:20,0.97,0.18,-0.18
3:0:20,0.95,0.25,-0.18
3:0:21,0.92,0.35,-0.18
3:0:21,0.90,0.39,-0.17
3:0:21,0.89,0.50,-0.15
3:0:21,0.87,0.49,-0.17
3:0:21,0.85,0.50,-0.16
3:0:21,0.85,0.48,-0.18
3:0:21,0.86,0.50,-0.17
3:0:21,0.85,0.50,-0.17
3:0:21,0.85,0.50,-0.16
3:0:21,0.86,0.50,-0.16
3:0:22,0.86,0.50,-0.17
3:0:22,0.86,0.50,-0.17
3:0:22,0.86,0.51,-0.17
3:0:22,0.85,0.50,-0.17
4:10:35,0.63,-0.74,-0.16
4:10:35,0.68,-0.81,-0.13
4:10:36,0.55,-0.80,-0.16
4:10:36,0.51,-0.86,-0.16
4:10:36,0.46,-0.87,-0.16
4:10:36,0.42,-0.88,-0.16
4:10:36,0.38,-0.94,-0.17
4:10:36,0.31,-0.94,-0.15
4:10:36,0.28,-0.94,-0.14
4:10:36,0.21,-0.97,-0.12
4:10:36,0.18,-0.99,-0.13
4:10:36,0.17,-0.97,-0.11
4:10:37,0.11,-1.00,-0.13
4:10:37,0.06,-1.02,-0.13
4:10:37,0.05,-1.00,-0.12
4:10:37,-0.06,-1.03,-0.12
4:10:37,-0.10,-1.00,-0.14
4:10:37,-0.14,-0.98,-0.11
4:10:37,-0.09,-1.01,-0.15
4:10:37,-0.13,-0.99,-0.11
4:10:37,-0.15,-0.99,-0.12
4:10:37,-0.15,-1.00,-0.13
4:10:38,-0.19,-0.99,-0.09
4:10:38,-0.22,-0.99,-0.09
4:10:38,-0.20,-0.98,-0.11
4:10:38,-0.24,-0.99,-0.12
4:10:38,-0.25,-0.98,-0.09
4:10:38,-0.27,-1.00,-0.09
4:10:38,-0.27,-0.99,-0.08
4:10:38,-0.28,-0.97,-0.10
4:10:38,-0.29,-0.97,-0.11
4:10:38,-0.28,-0.97,-0.09
4:10:39,-0.31,-0.97,-0.08
4:10:39,-0.30,-0.98,-0.10
4:10:39,-0.31,-0.95,-0.11
5:20:59,0.98,-0.14,-0.17
5:20:59,0.99,-0.04,-0.18
5:20:59,1.00,0.05,-0.17
5:20:59,1.00,0.17,-0.18
5:21:0,0.98,0.27,-0.17
5:21:0,0.95,0.35,-0.14
5:21:0,0.93,0.40,-0.19
5:21:0,0.86,0.49,-0.19
5:21:0,0.93,0.55,-0.15
5:21:0,0.85,0.50,-0.20
5:21:0,0.84,0.53,-0.15
5:21:0,0.83,0.55,-0.16
5:21:0,0.79,0.61,-0.15
5:21:0,0.81,0.56,-0.17
5:21:1,0.82,0.55,-0.15
5:21:1,0.81,0.55,-0.18
5:21:1,0.83,0.56,-0.16
5:21:1,0.82,0.55,-0.16
5:21:1,0.82,0.56,-0.17
5:21:1,0.82,0.54,-0.17
6:31:14,0.62,-0.76,-0.18
6:31:15,0.63,-0.78,-0.17
6:31:15,0.56,-0.73,-0.13
6:31:15,0.63,-0.73,-0.16
6:31:15,0.51,-0.87,-0.16
6:31:15,0.43,-0.92,-0.14
6:31:15,0.36,-0.95,-0.15
6:31:15,0.31,-0.95,-0.16
6:31:15,0.28,-0.96,-0.15
6:31:15,0.29,-0.99,-0.15
6:31:15,0.22,-0.97,-0.13
6:31:16,0.18,-0.97,-0.15
6:31:16,0.17,-0.99,-0.14
6:31:16,0.13,-0.98,-0.12
6:31:16,0.09,-1.00,-0.11
6:31:16,0.05,-1.02,-0.12
6:31:16,0.01,-1.00,-0.13
6:31:16,-0.10,-0.99,-0.14
6:31:16,-0.06,-1.02,-0.12
6:31:16,-0.08,-0.99,-0.10
6:31:16,-0.15,-0.96,-0.12
6:31:17,-0.09,-1.02,-0.10
6:31:17,-0.16,-1.00,-0.10
6:31:17,-0.17,-0.99,-0.08
6:31:17,-0.20,-0.98,-0.13
6:31:17,-0.21,-0.99,-0.10
6:31:17,-0.22,-0.98,-0.10
6:31:17,-0.24,-1.00,-0.09
6:31:17,-0.22,-0.97,-0.09
6:31:17,-0.23,-0.98,-0.09
6:31:17,-0.27,-0.96,-0.08
6:31:18,-0.26,-0.99,-0.11
6:31:18,-0.26,-0.96,-0.10
6:31:18,-0.27,-0.96,-0.09
6:31:18,-0.27,-0.96,-0.08
6:31:18,-0.28,-0.97,-0.07
6:31:18,-0.28,-0.96,-0.08
6:31:18,-0.27,-0.99,-0.10
7:41:38,1.00,-0.10,-0.18
7:41:38,1.00,0.00,-0.20
7:41:39,1.01,0.05,-0.18
7:41:39,0.93,0.21,-0.18
7:41:39,0.90,0.27,-0.17
7:41:39,0.97,0.28,-0.17
7:41:39,0.94,0.42,-0.19
7:41:39,0.91,0.51,-0.25
7:41:39,0.84,0.53,-0.17
7:41:39,0.83,0.54,-0.13
7:41:39,0.79,0.60,-0.16
7:41:39,0.78,0.61,-0.16
7:41:40,0.83,0.55,-0.15
7:41:40,0.79,0.61,-0.16
7:41:40,0.81,0.56,-0.12
7:41:40,0.81,0.57,-0.16
7:41:40,0.79,0.58,-0.17
7:41:40,0.82,0.56,-0.17
7:41:40,0.79,0.57,-0.16
8:51:54,0.64,-0.78,-0.16
8:51:54,0.58,-0.82,-0.18
8:51:54,0.52,-0.83,-0.15
8:51:54,0.53,-0.85,-0.14
8:51:54,0.54,-0.88,-0.12
8:51:54,0.46,-0.90,-0.16
8:51:54,0.38,-0.91,-0.14
8:51:54,0.37,-0.93,-0.14
8:51:54,0.34,-0.95,-0.12
8:51:55,0.28,-0.96,-0.14
8:51:55,0.27,-0.95,-0.13
8:51:55,0.24,-0.98,-0.12
8:51:55,0.17,-0.99,-0.11
8:51:55,0.12,-0.99,-0.11
8:51:55,0.08,-1.02,-0.12
8:51:55,0.05,-0.99,-0.12
8:51:55,0.02,-1.01,-0.11
8:51:55,-0.06,-1.01,-0.09
8:51:55,-0.06,-1.00,-0.10
8:51:56,-0.06,-1.00,-0.09
8:51:56,-0.10,-1.00,-0.09
8:51:56,-0.12,-0.99,-0.09
8:51:56,-0.13,-0.99,-0.09
8:51:56,-0.15,-1.00,-0.09
8:51:56,-0.18,-1.00,-0.08
8:51:56,-0.17,-1.01,-0.09
8:51:56,-0.18,-0.99,-0.09
8:51:56,-0.21,-1.01,-0.08
8:51:56,-0.20,-1.00,-0.08
8:51:57,-0.23,-0.99,-0.08
8:51:57,-0.24,-0.99,-0.09
8:51:57,-0.23,-0.98,-0.08
8:51:57,-0.24,-0.96,-0.07
8:51:57,-0.25,-0.98,-0.08
8:51:57,-0.26,-0.97,-0.07
8:51:57,-0.25,-0.98,-0.08
8:51:57,-0.27,-0.97,-0.09
8:51:57,-0.27,-0.97,-0.08
10:2:21,0.99,-0.13,-0.18
10:2:21,1.01,-0.03,-0.18
10:2:21,0.99,0.03,-0.20
10:2:21,0.97,0.16,-0.18
10:2:21,0.97,0.24,-0.19
10:2:21,0.95,0.33,-0.20
10:2:21,0.88,0.38,-0.18
10:2:22,0.86,0.54,-0.12
10:2:22,0.85,0.51,-0.16
10:2:22,0.84,0.53,-0.13
10:2:22,0.83,0.54,-0.12
10:2:22,0.78,0.61,-0.16
10:2:22,0.83,0.54,-0.17
10:2:22,0.81,0.57,-0.18
10:2:22,0.81,0.61,-0.15
10:2:22,0.82,0.54,-0.18
10:2:22,0.80,0.58,-0.15
10:2:23,0.81,0.59,-0.16
10:2:23,0.82,0.53,-0.17
11:12:36,0.65,-0.77,-0.15
11:12:36,0.62,-0.74,-0.13
11:12:36,0.59,-0.81,-0.16
11:12:37,0.53,-0.85,-0.15
11:12:37,0.51,-0.89,-0.14
11:12:37,0.44,-0.90,-0.13
11:12:37,0.39,-0.93,-0.14
11:12:37,0.36,-0.96,-0.11
11:12:37,0.29,-0.97,-0.13
11:12:37,0.25,-0.96,-0.13
11:12:37,0.24,-1.00,-0.10
11:12:37,0.17,-1.00,-0.11
11:12:37,0.13,-0.99,-0.10
11:12:38,0.10,-1.00,-0.11
11:12:38,0.08,-1.01,-0.11
11:12:38,0.02,-1.01,-0.10
11:12:38,-0.05,-1.02,-0.10
11:12:38,-0.05,-1.00,-0.10
11:12:38,-0.04,-1.00,-0.08
11:12:38,-0.07,-1.00,-0.09
11:12:38,-0.07,-0.99,-0.12
11:12:38,-0.10,-1.00,-0.08
11:12:38,-0.12,-1.02,-0.08
11:12:39,-0.17,-1.01,-0.08
11:12:39,-0.15,-1.00,-0.08
11:12:39,-0.19,-0.98,-0.07
11:12:39,-0.21,-0.99,-0.08
11:12:39,-0.21,-1.00,-0.08
11:12:39,-0.21,-0.99,-0.09
11:12:39,-0.23,-0.99,-0.07
11:12:39,-0.21,-0.98,-0.05
11:12:39,-0.23,-0.98,-0.07
11:12:39,-0.22,-0.99,-0.07
11:12:40,-0.23,-0.98,-0.06
11:12:40,-0.24,-0.98,-0.07
11:12:40,-0.23,-0.96,-0.09
11:12:40,-0.23,-0.98,-0.07
12:23:0,0.82,-0.50,-0.18
12:23:0,0.90,-0.45,-0.17
12:23:0,0.93,-0.38,-0.15
12:23:0,0.94,-0.30,-0.16
12:23:0,0.97,-0.24,-0.16
12:23:0,0.94,-0.13,-0.20
12:23:0,1.00,-0.05,-0.18
12:23:0,0.99,-0.04,-0.19
12:23:0,1.00,0.16,-0.17
12:23:0,0.96,0.21,-0.19
12:23:1,0.96,0.26,-0.21
12:23:1,0.94,0.39,-0.17
12:23:1,0.88,0.45,-0.17
12:23:1,0.95,0.43,-0.17
12:23:1,0.87,0.50,-0.16
12:23:1,0.83,0.52,-0.15
12:23:1,0.85,0.52,-0.14
12:23:1,0.85,0.51,-0.17
12:23:1,0.84,0.52,-0.18
12:23:1,0.84,0.52,-0.16
12:23:2,0.84,0.52,-0.17
12:23:2,0.83,0.53,-0.16
12:23:2,0.84,0.52,-0.17
12:23:2,0.85,0.52,-0.16
13:33:15,0.64,-0.78,-0.12
13:33:16,0.59,-0.82,-0.15
13:33:16,0.53,-0.84,-0.15
13:33:16,0.51,-0.87,-0.14
13:33:16,0.49,-0.91,-0.16
13:33:16,0.45,-0.88,-0.13
13:33:16,0.39,-0.92,-0.12
13:33:16,0.37,-0.95,-0.11
13:33:16,0.30,-0.94,-0.11
13:33:16,0.29,-0.96,-0.13
13:33:16,0.22,-0.97,-0.12
13:33:17,0.26,-0.97,-0.11
13:33:17,0.15,-0.99,-0.11
13:33:17,0.12,-1.00,-0.08
13:33:17,0.09,-0.99,-0.09
13:33:17,0.05,-1.01,-0.08
13:33:17,0.00,-1.00,-0.08
13:33:17,-0.00,-1.01,-0.08
13:33:17,-0.04,-1.00,-0.10
13:33:17,0.11,-1.05,-0.03
13:33:17,-0.08,-1.00,-0.10
13:33:18,-0.10,-1.01,-0.08
13:33:18,-0.12,-1.01,-0.07
13:33:18,-0.07,-1.03,-0.07
13:33:18,-0.14,-0.99,-0.07
13:33:18,-0.16,-0.99,-0.07
13:33:18,-0.17,-1.01,-0.08
13:33:18,-0.19,-1.00,-0.06
13:33:18,-0.18,-1.00,-0.07
13:33:18,-0.19,-1.00,-0.05
13:33:18,-0.20,-1.00,-0.05
13:33:19,-0.20,-0.99,-0.04
13:33:19,-0.21,-0.99,-0.05
13:33:19,-0.21,-0.98,-0.07
13:33:19,-0.20,-0.97,-0.06
13:33:19,-0.21,-0.97,-0.07
13:33:19,-0.21,-0.99,-0.05
13:33:19,-0.21,-1.00,-0.05
14:43:39,0.99,-0.19,-0.16
14:43:39,0.97,-0.12,-0.16
14:43:39,0.98,0.00,-0.19
14:43:39,0.97,0.04,-0.16
14:43:40,0.94,0.18,-0.19
14:43:40,0.96,0.26,-0.17
14:43:40,0.90,0.36,-0.18
14:43:40,0.92,0.44,-0.18
14:43:40,0.84,0.47,-0.16
14:43:40,0.87,0.53,-0.21
14:43:40,0.84,0.53,-0.18
14:43:40,0.79,0.62,-0.17
14:43:40,0.82,0.34,-0.11
14:43:40,0.79,0.58,-0.17
14:43:41,0.81,0.58,-0.16
14:43:41,0.83,0.55,-0.18
14:43:41,0.81,0.60,-0.16
14:43:41,0.81,0.59,-0.17
14:43:41,0.81,0.58,-0.15
15:53:55,0.63,-0.78,-0.14
15:53:55,0.59,-0.79,-0.14
15:53:55,0.56,-0.80,-0.16
15:53:55,0.52,-0.82,-0.13
15:53:55,0.48,-0.89,-0.13
15:53:55,0.48,-0.84,-0.13
15:53:55,0.38,-0.92,-0.10
15:53:56,0.35,-0.93,-0.11
15:53:56,0.30,-0.96,-0.10
15:53:56,0.29,-0.98,-0.13
15:53:56,0.23,-0.97,-0.10
15:53:56,0.21,-0.98,-0.10
15:53:56,0.17,-1.00,-0.10
15:53:56,0.12,-1.00,-0.08
15:53:56,0.12,-0.99,-0.08
15:53:56,0.06,-1.00,-0.09
15:53:56,0.00,-1.01,-0.10
15:53:56,0.00,-1.02,-0.07
15:53:57,-0.00,-0.99,-0.09
15:53:57,-0.08,-1.02,-0.00
15:53:57,-0.06,-1.00,-0.08
15:53:57,-0.07,-1.00,-0.08
15:53:57,-0.10,-1.02,-0.06
15:53:57,-0.11,-1.02,-0.04
15:53:57,-0.14,-1.00,-0.05
15:53:57,-0.14,-0.99,-0.06
15:53:57,-0.15,-1.00,-0.05
15:53:57,-0.15,-1.00,-0.04
15:53:58,-0.15,-1.01,-0.07
15:53:58,-0.17,-1.02,-0.06
15:53:58,-0.18,-1.00,-0.05
15:53:58,-0.19,-1.01,-0.06
15:53:58,-0.18,-1.00,-0.05
15:53:58,-0.17,-0.97,-0.03
15:53:58,-0.19,-1.00,-0.05
15:53:58,-0.18,-1.00,-0.05
17:4:18,0.98,-0.14,-0.17
17:4:18,0.98,-0.03,-0.18
17:4:19,0.98,0.03,-0.15
17:4:19,0.98,0.15,-0.19
17:4:19,0.97,0.21,-0.18
17:4:19,0.92,0.32,-0.18
17:4:19,0.89,0.42,-0.18
17:4:19,0.87,0.49,-0.16
17:4:19,0.85,0.51,-0.17
17:4:19,0.80,0.58,-0.19
17:4:19,0.87,0.60,-0.17
17:4:19,0.78,0.59,-0.16
17:4:20,0.78,0.60,-0.19
17:4:20,0.80,0.62,-0.14
17:4:20,0.79,0.60,-0.18
17:4:20,0.80,0.61,-0.17
17:4:20,0.78,0.59,-0.17
17:4:20,0.79,0.61,-0.17
17:4:20,0.77,0.61,-0.16
17:4:20,0.79,0.60,-0.17
18:14:34,0.68,-0.75,-0.11
18:14:34,0.61,-0.80,-0.11
18:14:34,0.57,-0.83,-0.14
18:14:34,0.54,-0.86,-0.12
18:14:34,0.50,-0.87,-0.12
18:14:34,0.62,-0.81,-0.12
18:14:35,0.41,-0.90,-0.11
18:14:35,0.39,-0.92,-0.12
18:14:35,0.35,-0.94,-0.10
18:14:35,0.31,-0.96,-0.10
18:14:35,0.26,-0.97,-0.08
18:14:35,0.21,-0.96,-0.10
18:14:35,0.19,-0.98,-0.10
18:14:35,0.15,-1.00,-0.07
18:14:35,0.08,-1.00,-0.09
18:14:35,0.10,-1.01,-0.06
18:14:36,-0.05,-0.97,-0.11
18:14:36,0.01,-1.01,-0.07
18:14:36,0.11,-1.03,-0.05
18:14:36,-0.00,-1.02,-0.07
18:14:36,-0.02,-0.99,-0.04
18:14:36,-0.06,-1.03,-0.05
18:14:36,-0.07,-1.00,-0.06
18:14:36,-0.09,-1.02,-0.05
18:14:36,-0.10,-1.02,-0.04
18:14:36,-0.11,-1.00,-0.02
18:14:37,-0.08,-1.01,-0.04
18:14:37,-0.13,-1.01,-0.04
18:14:37,-0.15,-1.01,-0.04
18:14:37,-0.15,-0.98,-0.08
18:14:37,-0.16,-1.00,-0.06
18:14:37,-0.16,-0.99,-0.04
19:24:58,0.97,0.10,-0.15
19:24:58,0.97,0.19,-0.16
19:24:58,0.94,0.30,-0.19
19:24:58,0.93,0.37,-0.15
19:24:58,0.87,0.45,-0.16
19:24:58,0.84,0.54,-0.18
19:24:58,0.80,0.58,-0.18
19:24:58,0.80,0.59,-0.17
19:24:59,0.78,0.62,-0.17
19:24:59,0.76,0.65,-0.15
19:24:59,0.75,0.64,-0.16
19:24:59,0.75,0.65,-0.18
19:24:59,0.76,0.64,-0.18
19:24:59,0.77,0.64,-0.17
19:24:59,0.75,0.64,-0.15
19:24:59,0.74,0.64,-0.15
19:24:59,0.75,0.64,-0.16
19:24:59,0.75,0.64,-0.17
19:25:0,0.75,0.65,-0.17
20:35:13,0.73,-0.69,-0.11
20:35:13,0.71,-0.69,-0.13
20:35:13,0.66,-0.76,-0.11
20:35:13,0.59,-0.82,-0.10
20:35:13,0.54,-0.84,-0.11
20:35:14,0.53,-0.84,-0.10
20:35:14,0.50,-0.88,-0.10
20:35:14,0.46,-0.91,-0.07
20:35:14,0.38,-0.88,-0.11
20:35:14,0.36,-0.94,-0.09
20:35:14,0.27,-0.95,-0.08
20:35:14,0.28,-0.97,-0.08
20:35:14,0.24,-0.97,-0.06
20:35:14,0.21,-0.98,-0.09
20:35:14,0.17,-1.02,-0.06
20:35:15,0.18,-0.97,-0.08
20:35:15,0.16,-0.98,-0.05
20:35:15,0.08,-1.00,-0.07
20:35:15,0.06,-1.00,-0.03
21:31:15,0.00,-1.01,-0.04
21:31:15,-0.00,-0.99,-0.07
21:31:15,-0.02,-1.01,-0.04
21:31:16,-0.00,-1.00,-0.06
21:31:16,-0.00,-1.01,-0.06
21:31:16,-0.00,-1.01,-0.05
21:31:16,0.00,-0.99,-0.04
21:31:16,-0.00,-1.02,-0.05
21:31:16,-0.00,-1.01,-0.05
21:31:16,-0.01,-1.01,-0.04
21:31:16,0.01,-1.01,-0.05
21:31:16,0.00,-1.02,-0.04
21:31:16,-0.01,-1.00,-0.04
21:31:17,0.00,-1.01,-0.03
21:31:17,-0.00,-1.00,-0.07
21:31:17,0.00,-1.01,-0.05
21:31:17,0.00,-1.01,-0.05
21:31:17,0.01,-0.99,-0.06
21:31:17,0.01,-1.01,-0.05
21:45:39,1.01,-0.02,-0.14
21:45:39,1.00,0.04,-0.16
21:45:39,0.99,0.10,-0.19
21:45:40,0.98,0.24,-0.16
21:45:40,0.93,0.32,-0.17
21:45:40,0.91,0.42,-0.18
21:45:40,0.87,0.50,-0.18
21:45:40,0.81,0.58,-0.16
21:45:40,0.75,0.55,-0.15
21:45:40,0.76,0.63,-0.15
21:45:40,0.68,0.63,-0.13
21:45:40,0.72,0.68,-0.18
21:45:40,0.72,0.68,-0.18
21:45:41,0.72,0.67,-0.16
21:45:41,0.72,0.68,-0.16
21:45:41,0.73,0.68,-0.17
21:45:41,0.72,0.67,-0.17
21:45:41,0.73,0.68,-0.18
21:45:41,0.72,0.67,-0.18
22:55:55,0.83,-0.56,-0.12
22:55:55,0.76,-0.65,-0.13
22:55:55,0.73,-0.69,-0.10
22:55:55,0.69,-0.71,-0.07
22:55:55,0.66,-0.75,-0.11
22:55:55,0.59,-0.79,-0.10
22:55:55,0.55,-0.85,-0.09
22:55:55,0.51,-0.87,-0.10
22:55:56,0.47,-0.88,-0.10
22:55:56,0.44,-0.91,-0.09
22:55:56,0.40,-0.90,-0.08
22:55:56,0.38,-0.94,-0.08
22:55:56,0.31,-0.96,-0.09
22:55:56,0.27,-0.96,-0.09
22:55:56,0.24,-0.99,-0.09
22:55:56,0.22,-1.00,-0.04
22:55:56,0.21,-0.99,-0.06
22:55:56,0.14,-1.01,-0.06
22:55:57,0.12,-1.02,-0.06
