0:7:18,37.1,35.9,36.0,37.0,100,0,3467
0:12:18,37.2,35.9,35.9,37.2,100,0,3480
0:17:18,37.0,35.9,36.0,37.0,100,0,3478
0:22:18,37.1,35.9,36.0,37.0,100,0,3480
0:27:18,37.0,35.9,35.9,37.2,100,0,3478
0:32:18,36.9,35.7,35.8,37.0,100,0,3467
0:37:18,37.0,35.8,35.9,37.0,100,0,3475
0:42:18,37.0,36.6,35.5,35.9,100,0,3469
0:47:18,36.9,36.8,35.4,35.7,100,0,3461
0:52:18,36.8,36.6,35.4,35.5,100,0,3461
0:57:18,36.9,36.7,35.4,35.4,100,0,3469
1:2:18,36.9,36.7,35.5,35.6,100,0,3480
1:7:18,36.9,36.7,35.4,35.5,100,0,3489
1:12:18,36.7,36.7,35.3,35.5,100,0,3464
1:17:18,36.6,36.6,35.4,35.3,100,0,3480
1:22:18,36.8,36.5,35.4,35.4,100,0,3475
1:27:18,36.7,36.6,35.4,35.4,100,0,3469
1:32:18,36.6,36.6,35.2,35.3,100,0,3475
1:37:18,36.6,36.5,35.2,35.3,100,0,3483
1:42:18,36.6,36.5,35.1,35.4,100,0,3464
1:47:18,36.6,36.6,35.1,35.3,100,0,3464
1:52:18,36.8,35.8,35.3,36.4,100,0,3489
1:57:18,36.6,35.4,35.4,36.6,100,0,3472
2:2:18,36.7,35.4,35.4,36.7,100,0,3453
2:7:18,36.9,35.4,35.5,36.8,100,0,3483
2:12:18,36.7,35.4,35.5,36.8,100,0,3491
2:17:18,36.7,35.5,35.4,36.7,100,0,3461
2:22:18,36.7,35.5,35.5,36.8,100,0,3478
2:27:18,36.8,35.5,35.4,36.8,100,0,3475
2:32:18,36.7,35.4,35.6,36.8,100,0,3472
2:37:18,36.8,35.5,35.5,36.7,100,0,3464
2:42:18,36.8,35.5,35.5,36.8,100,0,3472
2:47:18,36.8,35.5,35.5,36.9,100,0,3472
2:52:18,36.7,35.6,35.4,36.8,100,0,3475
2:57:18,36.8,35.5,35.6,36.8,100,0,3469
3:2:18,36.7,36.2,35.3,35.9,100,0,3480
3:7:18,36.8,36.6,35.2,35.5,100,0,3472
3:12:18,36.6,36.5,35.3,35.5,100,0,3472
3:17:18,36.7,36.6,35.2,35.5,100,0,3453
3:22:18,36.7,36.7,35.2,35.5,100,0,3483
3:27:18,36.7,36.7,35.3,35.5,100,0,3469
3:32:18,36.7,36.7,35.4,35.5,100,0,3467
3:37:18,36.7,36.6,35.3,35.4,100,0,3478
3:42:18,36.7,36.7,35.3,35.6,100,0,3478
3:47:18,36.7,36.6,35.4,35.5,100,0,3469
3:52:18,36.7,36.7,35.4,35.5,100,0,3486
3:57:18,36.8,36.8,35.3,35.6,100,0,3472
4:2:18,36.6,36.7,35.4,35.5,100,0,3464
4:7:18,36.8,36.9,35.4,35.4,100,0,3467
4:12:18,36.7,35.9,35.5,36.4,100,0,3478
4:17:18,36.6,35.6,35.5,36.8,100,0,3461
4:22:18,36.8,35.5,35.4,36.8,100,0,3472
4:27:18,36.8,35.5,35.4,36.8,100,0,3472
4:32:18,36.7,35.6,35.5,36.9,100,0,3491
4:37:18,36.7,35.6,35.5,36.9,100,0,3461
4:42:18,36.8,35.7,35.5,36.7,99,0,3464
4:47:18,36.8,35.7,35.6,36.9,99,0,3469
4:52:18,36.8,35.5,35.6,36.8,99,0,3469
4:57:18,36.8,35.5,35.6,36.8,99,0,3467
5:2:18,36.9,35.7,35.7,36.9,99,0,3458
5:7:18,36.8,35.7,35.7,36.9,99,0,3475
5:12:18,36.7,35.6,35.7,36.8,99,0,3469
5:17:18,36.7,35.7,35.7,36.9,99,0,3489
5:22:18,36.7,36.5,35.6,36.1,100,0,3489
5:27:18,36.8,36.7,35.7,35.5,100,0,3486
5:32:18,37.1,36.9,35.8,35.8,100,0,3483
5:37:18,37.0,36.8,35.8,35.7,100,0,3461
5:42:18,37.0,37.0,35.8,35.6,100,0,3500
5:47:18,37.0,36.9,36.0,35.8,100,0,3478
5:52:18,37.2,37.0,35.9,35.9,100,0,3486
5:57:18,37.0,37.0,36.0,35.8,100,0,3475
6:2:18,37.3,37.2,35.8,35.7,100,0,3489
6:7:18,37.3,37.0,36.0,35.8,100,0,3469
6:12:18,37.3,37.0,36.0,35.9,99,0,3491
6:17:18,37.4,37.0,36.1,36.0,98,0,3486
6:22:18,37.3,37.2,36.1,36.0,97,0,3464
6:27:18,37.3,37.3,36.1,36.2,96,0,3480
6:32:18,37.3,36.5,36.2,36.7,97,0,3464
6:37:18,37.1,35.9,35.9,36.9,96,0,3480
6:42:18,36.9,35.8,35.9,37.0,94,0,3461
6:47:18,37.2,35.9,36.0,37.1,95,0,3472
6:52:18,36.9,35.8,35.9,37.0,93,0,3453
6:57:18,37.1,36.0,36.0,37.2,93,0,3472
7:2:18,37.1,36.1,36.0,37.0,92,0,3467
7:7:18,37.0,36.0,35.9,37.2,92,0,3464
7:12:18,37.1,36.1,36.1,37.3,92,0,3480
7:17:18,37.1,36.0,36.0,37.3,92,0,3475
7:22:18,37.0,36.0,36.0,37.2,91,0,3483
7:27:18,37.1,36.1,36.1,37.2,92,0,3480
7:32:18,37.0,36.0,36.2,37.0,92,0,3478
7:37:18,37.0,36.1,36.1,37.2,93,0,3461
7:42:18,36.9,36.5,35.9,36.4,94,0,3464
7:47:18,37.0,36.9,35.9,36.0,95,0,3453
7:52:18,36.9,37.3,36.0,35.8,95,0,3475
7:57:18,37.0,37.2,35.9,36.1,96,0,3472
8:2:18,37.0,37.2,36.1,36.0,96,0,3486
8:7:18,36.9,37.2,36.0,36.0,97,0,3480
8:12:18,37.0,37.0,36.0,35.9,96,0,3486
8:17:18,37.0,37.2,36.1,36.1,95,0,3448
8:22:18,37.1,37.0,36.0,35.9,96,0,3467
8:27:18,37.0,37.0,36.1,36.1,96,0,3478
8:32:18,37.0,37.3,36.0,35.9,97,0,3475
8:37:21,37.0,37.2,35.8,35.9,98,0,3464
8:42:21,37.0,37.1,36.0,35.8,97,0,3467
8:47:21,37.0,37.1,35.9,35.8,97,0,3489
8:52:21,37.0,36.4,35.9,36.4,97,0,3450
8:57:21,36.9,35.8,35.8,36.8,97,0,3467
9:2:21,36.9,35.9,35.8,37.0,97,0,3469
9:7:21,36.9,35.8,35.8,36.9,96,0,3475
9:12:21,36.9,35.7,35.8,37.0,96,0,3467
9:17:21,36.8,35.6,35.8,36.9,95,0,3461
9:22:21,36.9,35.8,35.9,36.8,96,0,3464
9:27:21,36.8,35.7,35.9,36.8,96,0,3478
9:32:21,36.8,35.7,35.8,36.9,95,0,3475
9:37:21,36.9,35.7,35.8,36.8,95,0,3478
9:42:21,36.8,35.6,35.8,37.0,96,0,3469
9:47:21,36.8,35.8,35.8,37.0,95,0,3469
9:52:21,36.9,35.7,35.8,36.9,96,0,3461
9:57:21,37.0,35.7,35.7,36.9,97,0,3458
10:2:21,37.0,36.1,35.6,36.2,96,0,3478
10:7:21,37.0,36.6,35.6,35.7,98,0,3480
10:12:21,37.0,36.8,35.7,35.8,99,0,3475
10:17:21,37.0,36.9,35.8,35.8,99,0,3472
10:22:21,37.0,36.9,35.6,35.8,99,0,3486
10:27:21,37.0,36.8,35.7,35.9,99,0,3483
10:32:21,37.2,37.0,35.7,35.9,99,0,3469
10:37:21,37.2,36.9,35.6,35.8,100,0,3472
10:42:21,37.1,37.0,35.6,35.8,100,0,3475
10:47:21,37.0,36.9,35.7,35.9,100,0,3483
10:52:21,37.2,36.9,35.7,35.9,100,0,3475
10:57:21,37.0,36.8,35.6,35.6,100,0,3453
11:2:21,36.9,36.9,35.7,35.7,100,0,3469
11:7:21,37.1,36.9,35.7,35.6,100,0,3478
11:12:21,37.0,36.5,35.9,36.2,100,0,3478
11:17:21,37.0,35.9,35.8,36.9,100,0,3486
11:22:21,36.9,35.7,35.9,36.9,99,0,3467
11:27:21,37.0,35.7,35.8,36.9,98,0,3478
11:32:21,36.9,35.9,35.9,37.0,97,0,3458
11:37:21,37.0,35.9,35.9,37.0,97,0,3461
11:42:21,37.0,35.9,36.1,37.2,97,0,3478
11:47:21,37.0,35.8,36.0,37.2,97,0,3458
11:52:21,37.0,35.9,36.1,37.0,96,0,3472
11:57:21,37.2,36.0,36.1,37.1,96,0,3467
12:2:21,37.0,35.9,36.0,37.2,96,0,3472
12:7:21,37.0,35.8,36.0,37.0,95,0,3486
12:12:21,37.1,36.0,35.9,37.2,96,0,3480
12:17:21,37.1,36.0,36.2,37.0,94,0,3486
12:22:21,37.1,36.2,35.9,36.8,93,0,3456
12:27:21,36.9,37.0,36.0,36.1,95,0,3478
12:32:21,36.9,37.2,36.0,36.0,95,0,3472
12:37:21,36.9,37.2,36.0,35.8,96,0,3472
12:42:21,37.0,37.2,36.0,36.0,96,0,3472
12:47:21,37.0,37.2,36.1,35.9,96,0,3464
12:52:21,37.0,37.2,36.0,35.9,96,0,3478
12:57:21,36.5,36.6,35.7,35.8,92,0,3453
13:2:21,35.4,35.5,35.0,34.9,88,0,3478
13:7:21,34.6,34.7,34.4,34.3,86,0,3478
13:12:21,34.0,34.0,33.8,33.7,85,0,3478
13:17:21,33.4,33.4,33.3,33.2,84,0,3469
13:22:21,33.5,33.5,33.2,33.1,86,0,3483
13:27:21,35.4,35.7,34.7,34.5,87,0,3464
13:32:21,36.2,36.3,35.4,35.4,89,0,3478
13:37:21,36.8,35.9,35.7,36.6,88,0,3475
13:42:21,37.0,35.9,36.1,37.0,88,0,3464
13:47:21,37.3,36.1,36.3,37.2,88,0,3453
13:52:21,37.2,36.1,36.2,37.3,88,0,3458
13:57:21,37.5,36.3,36.2,37.3,88,0,3464
14:2:21,37.4,36.2,36.4,37.3,87,0,3467
14:7:21,37.5,36.2,36.4,37.3,88,0,3464
14:12:21,37.3,36.4,36.4,37.3,88,0,3478
14:17:21,37.4,36.3,36.4,37.3,88,0,3467
14:22:21,37.4,36.3,36.3,37.3,89,0,3472
14:27:21,37.3,36.1,36.3,37.4,89,0,3469
14:32:21,37.4,36.2,36.3,37.3,89,0,3458
14:37:21,37.3,36.2,36.2,37.3,89,0,3450
14:42:21,37.3,36.3,36.3,37.0,89,0,3478
14:47:21,37.2,37.0,36.2,36.3,90,0,3500
14:52:21,37.2,37.2,36.1,36.2,90,0,3475
14:57:21,37.3,37.3,36.1,36.1,90,0,3483
15:2:21,37.0,37.2,36.1,36.3,90,0,3475
15:7:21,37.3,37.2,36.1,36.3,90,0,3464
15:12:21,37.3,37.2,36.2,36.2,89,0,3469
15:17:21,37.3,37.3,36.2,36.4,89,0,3475
15:22:21,37.3,37.3,36.2,36.3,89,0,3489
15:27:21,37.3,37.3,36.3,36.5,88,0,3472
15:32:21,37.2,37.3,36.4,36.4,88,0,3480
15:37:21,37.4,37.3,36.3,36.5,88,0,3472
15:42:21,37.3,37.3,36.2,36.5,88,0,3483
15:47:21,37.3,37.3,36.4,36.4,87,0,3475
15:52:21,37.4,37.3,36.4,36.6,87,0,3464
15:57:21,37.5,36.5,36.5,37.3,88,0,3475
16:2:21,37.4,36.4,36.4,37.4,87,0,3489
16:7:21,37.5,36.4,36.5,37.5,87,0,3475
16:12:21,37.5,36.4,36.5,37.4,86,0,3472
16:17:21,37.4,36.3,36.5,37.4,85,0,3464
16:22:21,37.5,36.5,36.4,37.5,86,0,3478
16:27:21,37.3,36.3,36.5,37.6,87,0,3475
16:32:21,37.5,36.4,36.5,37.6,87,0,3478
16:37:21,37.5,36.5,36.5,37.6,86,0,3458
16:42:21,37.5,36.5,36.6,37.5,86,0,3480
16:47:21,37.4,36.4,36.6,37.5,86,0,3469
16:52:21,37.5,36.5,36.7,37.6,86,0,3480
16:57:21,37.5,36.5,36.5,37.4,85,0,3489
17:2:21,37.4,36.3,36.4,37.4,86,0,3478
17:7:21,37.3,37.0,36.4,36.5,87,0,3489
17:12:21,37.3,37.3,36.2,36.5,87,0,3491
17:17:21,37.3,37.5,36.4,36.4,87,0,3469
17:22:21,37.4,37.3,36.2,36.3,87,0,3469
17:27:21,37.3,37.5,36.2,36.5,87,0,3480
17:32:21,37.3,37.4,36.5,36.5,87,0,3467
17:37:21,37.5,37.4,36.3,36.3,87,0,3464
17:42:21,37.4,37.4,36.4,36.4,87,0,3486
17:47:21,37.4,37.5,36.3,36.5,88,0,3494
17:52:21,37.3,37.4,36.5,36.4,89,0,3453
17:57:21,37.3,37.4,36.2,36.2,90,0,3475
18:2:21,37.3,37.2,36.1,36.2,90,0,3475
18:7:21,37.3,37.3,36.3,36.2,90,0,3489
18:12:21,37.2,37.3,36.2,36.3,90,0,3483
18:17:21,37.3,36.3,36.3,37.0,91,0,3478
18:22:21,37.3,36.1,36.2,37.2,90,0,3467
18:27:21,37.2,36.1,36.0,37.3,89,0,3483
18:32:21,37.3,36.0,36.1,37.0,89,0,3475
18:37:21,37.3,36.2,36.2,37.2,88,0,3486
18:42:21,37.3,36.1,36.2,37.2,88,0,3489
18:47:21,37.2,36.1,36.1,37.2,87,0,3483
18:52:21,37.2,36.1,36.2,37.2,88,0,3475
18:57:21,37.3,36.2,36.1,37.3,88,0,3469
19:2:21,37.2,36.0,36.1,37.3,88,0,3472
19:7:21,37.2,36.0,36.1,37.3,89,0,3486
19:12:21,37.3,36.2,36.2,37.0,88,0,3475
19:17:21,37.2,36.0,36.2,37.2,89,0,3475
19:22:21,37.2,36.1,36.2,37.0,88,0,3486
19:27:21,37.2,37.0,36.3,36.4,88,0,3480
19:32:21,37.1,37.0,36.1,36.2,88,0,3461
19:37:21,37.2,37.3,36.3,36.2,88,0,3478
19:42:21,37.2,37.4,36.2,36.3,88,0,3480
19:47:21,37.2,37.4,36.5,36.2,88,0,3483
19:52:21,37.2,37.4,36.3,36.3,88,0,3469
19:57:21,37.3,37.5,36.3,36.2,88,0,3467
20:2:21,37.3,37.3,36.4,36.2,88,0,3483
20:7:21,37.3,37.3,36.2,36.1,88,0,3478
20:12:21,37.3,37.3,36.3,36.3,87,0,3467
20:17:21,37.2,37.4,36.3,36.1,88,0,3478
20:22:21,37.2,37.4,36.5,36.4,87,0,3483
20:27:21,37.2,37.3,36.3,36.2,87,0,3486
20:32:21,37.4,37.4,36.3,36.2,88,0,3475
20:37:24,37.4,36.5,36.3,37.0,89,0,3453
20:42:24,37.4,36.3,36.3,37.3,87,0,3480
20:47:24,37.3,36.3,36.2,37.3,87,0,3467
20:52:24,37.2,36.2,36.3,37.2,87,0,3475
20:57:24,37.4,36.2,36.3,37.4,86,0,3469
21:2:24,37.2,36.1,36.3,37.3,87,0,3458
21:7:24,37.2,36.0,36.3,37.2,87,0,3464
21:12:24,37.2,36.3,36.2,37.0,86,0,3472
21:17:24,37.4,36.1,36.4,37.3,87,0,3489
21:22:24,37.2,36.1,36.2,37.3,86,0,3480
21:27:24,37.2,36.3,36.2,37.4,86,0,3489
21:32:24,37.3,36.1,36.3,37.3,86,0,3480
21:37:24,37.3,36.2,36.3,37.4,86,0,3464
21:42:24,37.2,36.2,36.1,37.3,87,0,3472
21:47:24,37.3,36.8,36.0,36.6,87,0,3458
21:52:24,37.2,37.3,36.1,36.4,88,0,3475
21:57:24,37.3,37.2,36.2,36.3,87,0,3494
22:2:24,37.2,37.2,36.1,36.3,88,0,3467
22:7:24,37.3,37.0,36.1,36.3,87,0,3480
22:12:24,37.3,37.3,36.3,36.5,87,0,3464
22:17:24,37.3,37.3,36.2,36.2,88,0,3458
22:22:24,37.3,37.3,36.3,36.4,88,0,3461
22:27:24,37.3,37.3,36.1,36.4,90,0,3500
22:32:24,37.3,37.3,36.1,36.4,90,0,3469
22:37:24,37.3,37.2,36.1,36.2,90,0,3475
22:42:24,37.3,37.3,36.0,36.4,91,0,3472
22:47:24,37.3,37.3,36.1,36.3,91,0,3480
22:52:24,37.3,37.3,36.1,36.3,90,0,3478
22:57:24,37.3,36.5,36.2,36.8,91,0,3464
23:2:24,37.3,36.1,36.1,37.0,90,0,3469
23:7:24,37.2,36.1,36.1,37.2,90,0,3464
23:12:24,37.2,36.1,36.1,37.0,90,0,3467
23:17:24,37.1,36.1,36.2,37.3,89,0,3467
23:22:24,37.3,36.0,36.2,37.2,90,0,3458
23:27:24,37.2,36.2,36.3,37.3,90,0,3475
23:32:24,37.2,36.0,36.2,37.2,90,0,3489
23:37:24,37.4,36.2,36.1,37.3,90,0,3475
23:42:24,37.3,36.2,36.2,37.3,90,0,3489
23:47:24,37.0,36.1,36.3,37.2,89,0,3486
23:52:24,37.4,36.1,36.2,37.3,89,0,3478
23:57:24,37.2,36.0,36.3,37.3,90,0,3472
0:2:24,37.2,36.1,36.1,37.3,90,0,3453
