0:13:21,0.77,0.57,-0.28
0:13:21,0.79,0.51,-0.32
0:13:21,0.79,0.50,-0.33
0:13:21,0.79,0.48,-0.34
0:13:21,0.77,0.50,-0.38
0:13:21,0.79,0.47,-0.38
0:13:21,0.77,0.47,-0.38
0:13:21,0.77,0.49,-0.39
0:13:21,0.77,0.46,-0.39
0:13:21,0.79,0.52,-0.33
0:13:22,0.75,0.49,-0.40
0:13:22,0.79,0.52,-0.36
0:13:22,0.79,0.51,-0.37
0:13:22,0.84,0.51,-0.32
0:13:22,0.71,0.66,-0.46
0:13:22,0.79,0.50,-0.34
0:13:22,0.77,0.55,-0.30
0:13:22,0.78,0.53,-0.31
0:13:22,0.78,0.53,-0.32
0:13:22,0.77,0.54,-0.32
0:13:23,0.78,0.54,-0.32
0:13:47,-0.42,0.78,-0.20
0:13:47,-0.42,0.85,-0.11
0:13:47,-1.19,0.81,0.67
0:13:47,-0.80,0.47,-0.63
0:13:47,-0.65,0.34,-0.61
0:13:47,-0.86,0.21,-0.58
0:13:47,-0.70,0.25,-0.56
0:13:47,-0.77,0.13,-0.57
0:13:47,-0.75,0.18,-0.60
0:13:47,-0.78,0.15,-0.59
0:13:48,-0.78,0.24,-0.51
0:13:48,-0.76,0.36,-0.50
0:13:48,-0.73,0.35,-0.47
0:13:48,-0.73,0.39,-0.47
0:13:48,-0.76,0.38,-0.45
0:13:48,-0.74,0.43,-0.45
0:13:48,-0.71,0.52,-0.44
0:13:48,-0.72,0.49,-0.42
0:13:48,-0.71,0.48,-0.43
0:13:48,-0.71,0.49,-0.40
0:13:49,-0.64,0.49,-0.39
0:13:49,-0.61,0.62,-0.39
0:13:49,-0.60,0.63,-0.37
0:13:49,-0.62,0.64,-0.36
0:13:49,-0.64,0.63,-0.36
0:13:57,0.68,0.61,0.08
0:13:57,0.69,0.68,0.50
0:13:57,0.70,0.57,0.48
0:13:57,0.67,0.64,0.41
0:13:57,0.72,0.65,0.40
0:13:57,0.66,0.67,0.31
0:13:57,0.62,0.69,0.24
0:13:57,0.54,0.74,0.19
0:13:58,0.39,0.88,0.05
0:13:58,0.40,0.90,0.09
0:13:58,0.39,0.89,0.07
0:13:58,0.37,0.91,0.07
0:13:58,0.39,0.91,0.07
0:13:58,0.33,0.91,0.08
0:13:58,0.30,0.93,0.08
0:13:58,0.29,0.93,0.10
0:13:58,0.23,0.93,0.12
0:13:58,0.11,0.91,0.18
0:13:59,-0.05,0.98,0.21
0:16:22,-0.86,-0.41,-0.30
0:16:22,-0.86,-0.41,-0.31
0:16:22,-0.85,-0.41,-0.33
0:16:23,-0.85,-0.41,-0.31
0:16:23,-0.86,-0.41,-0.31
0:16:23,-0.85,-0.40,-0.31
0:16:23,-0.85,-0.41,-0.31
0:16:23,-0.86,-0.40,-0.30
0:16:23,-0.86,-0.41,-0.31
0:16:23,-0.86,-0.41,-0.31
0:16:23,-0.87,-0.40,-0.30
0:16:23,-0.86,-0.40,-0.29
0:16:23,-0.86,-0.40,-0.31
0:16:24,-0.85,-0.42,-0.30
0:16:24,-0.85,-0.40,-0.30
0:16:24,-0.85,-0.40,-0.31
0:16:24,-0.86,-0.42,-0.29
0:16:24,-0.85,-0.41,-0.30
0:16:24,-0.86,-0.41,-0.30
0:16:24,-0.85,-0.42,-0.32
1:18:17,0.69,-0.52,0.14
1:18:17,1.00,-0.37,0.14
1:18:17,0.97,-0.45,0.12
1:18:17,0.90,-0.45,0.07
1:18:17,1.00,-0.34,0.11
1:18:17,0.85,-0.41,0.06
1:18:17,0.74,-0.67,0.05
1:18:18,0.68,-0.75,0.23
1:18:18,-0.03,-1.33,0.19
1:18:18,-0.21,-1.09,-0.06
1:18:18,-0.30,-1.30,0.10
1:18:18,-0.58,-0.74,-0.13
1:18:18,-0.45,-0.81,-0.10
1:18:18,-0.46,-0.98,-0.08
1:18:18,-0.65,-0.85,-0.02
1:18:18,-0.66,-0.96,-0.01
1:18:18,-0.71,-0.37,-0.31
1:18:19,-0.87,-0.52,0.19
1:18:19,-1.31,0.34,0.45
1:18:19,-0.88,0.08,0.39
1:18:19,-0.98,0.11,0.10
1:18:19,-0.96,0.15,0.13
1:18:19,-1.07,-0.04,0.23
1:18:19,-0.99,0.00,0.07
1:18:19,-1.00,-0.10,-0.11
1:18:19,-1.05,-0.11,-0.07
1:18:19,-0.99,-0.09,-0.10
1:18:20,-1.10,-0.23,-0.15
1:18:20,-0.77,0.12,-0.25
1:18:21,-0.82,-0.58,0.03
1:18:21,-0.83,-0.57,0.02
1:18:22,-0.83,-0.57,0.03
1:18:22,-0.82,-0.57,0.02
1:18:22,-0.82,-0.57,0.03
1:18:22,-0.83,-0.57,0.03
1:18:22,-0.83,-0.56,0.02
1:18:22,-0.83,-0.57,0.03
1:18:22,-0.83,-0.56,0.02
1:18:22,-0.84,-0.55,0.01
1:18:22,-0.84,-0.55,0.02
1:18:22,-0.85,-0.54,0.01
1:18:23,-0.84,-0.55,0.02
1:18:23,-0.83,-0.56,0.02
1:18:23,-0.81,-0.60,0.04
1:18:23,-0.77,-0.66,0.06
1:18:23,-0.73,-0.71,0.06
1:18:23,-0.67,-0.76,0.09
1:18:23,-0.58,-0.83,0.11
1:18:49,-0.76,0.52,-0.01
1:18:49,-0.85,0.50,-0.04
1:18:49,-0.82,0.52,-0.04
1:18:49,-0.83,0.52,-0.05
1:18:49,-0.82,0.52,-0.04
1:18:49,-0.83,0.52,-0.04
1:18:49,-0.81,0.52,-0.03
1:18:49,-0.81,0.52,-0.05
1:18:49,-0.81,0.52,-0.05
1:18:50,-0.81,0.53,-0.05
1:18:50,-0.82,0.51,-0.03
1:18:50,-0.83,0.51,-0.05
1:18:50,-0.83,0.51,-0.06
1:18:50,-0.83,0.51,-0.05
1:18:50,-0.83,0.51,-0.05
1:18:50,-0.84,0.50,-0.05
1:18:50,-0.83,0.50,-0.06
1:18:50,-0.82,0.51,-0.07
1:18:50,-0.83,0.51,-0.06
1:18:53,-0.85,0.44,-0.09
1:18:53,-0.86,0.43,-0.11
1:18:53,-0.89,0.44,-0.09
1:18:53,-0.86,0.44,-0.10
1:18:53,-0.87,0.43,-0.11
1:18:53,-0.83,0.48,-0.10
1:18:53,-0.86,0.41,-0.12
1:18:54,-0.86,0.41,-0.12
1:18:54,-0.86,0.41,-0.12
1:18:54,-0.87,0.41,-0.11
1:18:54,-0.87,0.40,-0.10
1:18:54,-0.87,0.43,-0.11
1:18:54,-0.86,0.40,-0.11
1:18:54,-0.87,0.40,-0.10
1:18:54,-0.83,0.36,-0.12
1:18:54,-0.89,0.36,-0.12
1:18:54,-0.90,0.42,-0.13
1:18:55,-0.87,0.41,-0.14
1:18:55,-0.89,0.40,-0.11
2:21:16,-0.94,-0.32,-0.17
2:21:16,-0.93,-0.27,-0.17
2:21:16,-0.94,-0.25,-0.17
2:21:16,-0.94,-0.26,-0.16
2:21:16,-0.94,-0.26,-0.16
2:21:16,-0.94,-0.32,-0.21
2:21:17,-0.91,-0.29,-0.19
2:21:17,-0.95,-0.23,-0.16
2:21:17,-0.88,-0.35,-0.18
2:21:17,-0.92,-0.15,-0.15
2:21:17,-0.94,-0.22,-0.15
2:21:17,-0.90,-0.29,-0.17
2:21:17,-1.59,-0.27,-0.27
2:21:17,-0.83,-0.33,-0.29
2:21:17,-0.85,-0.41,-0.20
2:21:17,-1.00,0.01,-0.13
2:21:18,-0.92,-0.21,-0.23
2:21:18,-0.72,-0.57,-0.15
2:21:18,-0.88,-0.39,-0.11
2:21:29,0.46,-0.95,0.12
2:21:29,0.38,-0.91,0.12
2:21:29,0.37,-0.97,0.16
2:21:29,0.38,-0.95,0.12
2:21:29,0.34,-0.97,0.11
2:21:29,0.31,-0.97,0.07
2:21:30,0.17,-1.02,0.09
2:21:30,0.39,-0.96,0.06
2:21:30,0.84,-0.81,-0.03
2:21:30,0.62,-0.81,-0.08
2:21:30,0.85,-0.82,-0.07
2:21:30,0.61,-0.82,-0.05
2:21:30,0.54,-0.87,-0.08
2:21:30,0.46,-0.88,-0.06
2:21:30,0.42,-0.85,-0.27
2:21:30,0.37,-0.88,-0.12
2:21:31,0.33,-0.87,-0.00
2:21:31,0.34,-1.08,-0.20
2:21:31,0.22,-1.10,0.02
2:21:31,0.05,-1.05,-0.11
2:21:31,-0.14,-0.92,-0.04
2:21:31,-0.09,-0.79,-0.10
2:21:31,-0.78,-0.64,-0.15
2:21:31,-0.60,-0.73,0.08
2:21:31,-0.79,-0.60,0.18
2:21:31,-0.78,-0.63,0.08
2:21:32,-0.78,-0.61,0.10
2:21:32,-0.83,-0.64,0.00
2:21:32,-0.64,-0.65,-0.20
2:21:32,-0.96,-0.39,-0.42
2:21:32,-0.78,-0.48,-0.42
2:21:32,-0.74,-0.37,-0.38
2:21:32,-0.83,-0.44,-0.33
2:21:32,-0.81,-0.46,-0.38
2:21:32,-0.82,-0.42,-0.36
2:21:32,-0.82,-0.46,-0.35
2:21:33,-0.81,-0.46,-0.34
2:21:33,-0.81,-0.46,-0.34
2:21:33,-0.81,-0.44,-0.36
2:21:33,-0.81,-0.46,-0.34
2:21:33,-0.81,-0.46,-0.34
2:21:33,-0.82,-0.45,-0.35
2:21:33,-0.82,-0.44,-0.35
3:30:37,0.90,-0.48,-0.21
3:30:37,0.88,-0.51,-0.19
3:30:37,0.85,-0.53,-0.18
3:30:37,0.88,-0.52,-0.18
3:30:37,0.96,-0.49,-0.19
3:30:37,0.90,-0.47,-0.16
3:30:37,0.90,-0.43,-0.25
3:30:37,0.93,-0.31,-0.22
3:30:37,0.96,-0.28,-0.22
3:30:38,0.96,-0.29,-0.24
3:30:38,0.94,-0.28,-0.23
3:30:38,0.93,-0.29,-0.27
3:30:38,0.97,-0.21,-0.23
3:30:38,1.00,-0.23,-0.24
3:30:38,1.03,-0.26,-0.20
3:30:38,1.04,-0.22,-0.19
3:30:38,0.88,-0.19,-0.26
3:30:38,0.98,-0.25,-0.23
3:30:38,0.98,-0.19,-0.24
3:30:39,0.95,-0.29,-0.21
3:40:32,-0.58,0.74,-0.19
3:40:32,-0.53,0.78,-0.21
3:40:32,-0.53,0.78,-0.20
3:40:32,-0.50,0.80,-0.19
3:40:32,-0.51,0.78,-0.20
3:40:32,-0.47,0.83,-0.18
3:40:32,-0.56,0.80,-0.16
3:40:33,-0.49,0.74,-0.23
3:40:33,-0.54,0.80,-0.18
3:40:33,-0.76,0.86,-0.31
3:40:33,-0.51,0.86,-0.30
3:40:33,-0.65,0.73,-0.20
3:40:33,-0.64,0.69,-0.23
3:40:33,-0.63,0.68,-0.17
3:40:33,-0.67,0.69,-0.21
3:40:33,-0.62,0.67,-0.22
3:40:33,-0.64,0.68,-0.23
3:40:34,-0.69,0.58,-0.17
3:40:34,-0.74,0.54,-0.19
4:10:49,0.66,-0.23,-0.22
4:10:49,0.77,-0.70,-0.11
4:10:49,0.37,-0.98,-0.14
4:10:49,0.51,-0.88,-0.22
4:10:49,0.52,-0.87,-0.20
4:10:50,0.49,-0.88,-0.20
4:10:50,0.46,-0.90,-0.22
4:10:50,0.48,-0.91,-0.23
4:10:50,0.41,-0.92,-0.22
4:10:50,0.36,-0.94,-0.24
4:10:50,0.37,-0.94,-0.22
4:10:50,0.34,-0.95,-0.23
4:10:50,0.40,-0.95,-0.21
4:10:50,0.58,-0.73,-0.20
4:10:50,0.17,-0.98,-0.23
4:10:51,0.25,-0.98,-0.23
4:10:51,0.25,-0.99,-0.23
4:10:51,0.20,-0.98,-0.22
4:10:51,0.25,-0.98,-0.26
4:10:51,0.30,-0.98,-0.24
4:10:51,0.28,-0.98,-0.22
4:10:51,0.27,-0.98,-0.24
4:10:51,0.28,-0.94,-0.25
4:10:51,0.30,-0.98,-0.23
4:10:51,0.40,-0.95,-0.23
4:10:52,0.35,-0.92,-0.26
4:10:52,0.39,-0.95,-0.21
4:10:52,0.44,-0.92,-0.25
4:10:52,0.34,-0.92,-0.24
4:10:52,0.38,-0.92,-0.29
4:10:52,0.44,-0.95,-0.24
4:10:52,0.47,-0.92,-0.24
4:10:52,0.34,-0.90,-0.23
4:10:52,0.42,-0.92,-0.22
4:10:52,0.42,-0.90,-0.24
4:10:53,0.46,-0.90,-0.20
4:41:33,-0.23,0.99,-0.36
4:41:33,-0.21,0.57,-0.39
4:41:33,-0.29,0.92,-0.40
4:41:33,-0.22,0.77,-0.37
4:41:33,-0.18,0.87,-0.36
4:41:33,-0.28,0.90,-0.38
4:41:33,-0.09,0.86,-0.41
4:41:33,-0.20,0.79,-0.42
4:41:34,-0.17,0.76,-0.40
4:41:34,-0.24,0.87,-0.37
4:41:34,-0.23,0.92,-0.40
4:41:34,-0.05,0.96,-0.43
4:41:34,-0.14,0.95,-0.44
4:41:34,-0.19,0.85,-0.42
4:41:34,-0.15,0.92,-0.39
4:41:34,-0.17,0.86,-0.42
4:41:34,-0.20,0.86,-0.42
4:41:34,-0.21,0.84,-0.41
4:41:35,-0.20,0.86,-0.39
4:41:35,-0.22,0.86,-0.39
5:30:1,-0.35,0.76,-0.47
5:30:1,-0.35,0.76,-0.49
5:30:1,-0.35,0.75,-0.49
5:30:2,-0.36,0.75,-0.48
5:30:2,-0.36,0.79,-0.48
5:30:2,-0.36,0.75,-0.52
5:30:2,-0.34,0.75,-0.47
5:30:2,-0.34,0.83,-0.44
5:30:2,-0.34,0.77,-0.47
5:30:2,-0.34,0.74,-0.49
5:30:2,-0.34,0.83,-0.44
5:30:2,-0.38,0.79,-0.43
5:30:2,-0.33,0.81,-0.43
5:30:3,-0.35,0.75,-0.46
5:30:3,-0.37,0.70,-0.46
5:30:3,-0.33,0.71,-0.47
5:30:3,-0.35,0.80,-0.44
5:30:3,-0.37,0.79,-0.43
5:30:3,-0.33,0.82,-0.43
5:30:3,-0.34,0.76,-0.45
5:30:25,-0.40,0.95,-0.35
5:30:25,-0.35,0.71,-0.25
5:30:26,-0.49,0.78,-0.23
5:30:26,-0.36,0.84,-0.24
5:30:26,-0.34,0.72,-0.30
5:30:26,-0.26,0.86,-0.07
5:30:26,-0.32,1.01,-0.28
5:30:26,-0.34,0.87,-0.31
5:30:26,-0.38,0.88,-0.35
5:30:26,-0.43,0.75,-0.25
5:30:26,-0.39,0.87,-0.27
5:30:26,-0.39,0.92,-0.24
5:30:26,-0.51,1.02,-0.40
5:30:27,-0.30,0.81,-0.17
5:30:27,-0.38,0.95,-0.33
5:30:27,-0.24,0.76,-0.24
5:30:27,-0.24,0.67,-0.25
5:30:27,-0.45,0.97,-0.28
5:30:27,-0.39,0.82,-0.24
5:30:27,-0.34,0.83,-0.25
5:30:27,-0.44,0.85,-0.24
5:30:27,-0.33,0.84,-0.25
5:30:27,-0.34,0.83,-0.26
5:30:28,-0.35,0.96,-0.08
5:30:28,-0.43,1.33,-0.50
5:30:28,-0.25,0.70,-0.23
5:30:28,-0.22,0.62,-0.16
5:30:28,-0.44,1.01,-0.27
5:30:28,-0.56,1.23,-0.49
5:30:35,-0.21,0.84,-0.49
5:30:35,-0.20,0.81,-0.46
5:30:35,-0.10,0.78,-0.52
5:30:35,-0.14,0.77,-0.51
5:30:35,-0.07,0.80,-0.51
5:30:35,-0.12,0.84,-0.48
5:30:35,-0.09,0.84,-0.50
5:30:36,-0.15,0.84,-0.50
5:30:36,-0.19,0.83,-0.46
5:30:36,-0.23,0.81,-0.50
5:30:36,-0.18,0.83,-0.49
5:30:36,-0.17,0.81,-0.49
5:30:36,-0.06,0.74,-0.56
5:30:36,0.03,0.93,-0.48
5:30:36,-0.18,0.82,-0.48
5:30:36,-0.21,0.83,-0.47
5:30:36,-0.18,0.83,-0.46
5:30:37,-0.17,0.83,-0.47
5:30:37,-0.12,0.88,-0.49
5:30:37,-0.14,0.82,-0.47
5:30:58,-0.46,0.74,-0.28
5:30:58,-0.48,0.74,-0.25
5:30:58,-0.50,0.83,-0.24
5:30:58,-0.47,0.84,-0.22
5:30:58,-0.50,0.82,-0.21
5:30:58,-0.50,0.79,-0.20
5:30:58,-0.51,0.80,-0.22
5:30:58,-0.52,0.76,-0.22
5:30:59,-0.51,0.79,-0.23
5:30:59,-0.53,0.78,-0.23
5:30:59,-0.49,0.78,-0.23
5:30:59,-0.54,0.76,-0.24
5:30:59,-0.49,0.80,-0.22
5:30:59,-0.49,0.79,-0.23
5:30:59,-0.49,0.79,-0.21
5:30:59,-0.49,0.80,-0.23
5:30:59,-0.48,0.80,-0.23
5:30:59,-0.48,0.82,-0.22
5:31:0,-0.48,0.80,-0.21
5:31:18,-0.46,0.74,-0.23
5:31:18,-0.57,0.86,-0.19
5:31:18,-0.51,0.77,-0.12
5:31:19,-0.56,0.78,-0.23
5:31:19,-0.61,0.74,-0.23
5:31:19,-0.57,0.74,-0.28
5:31:19,-0.57,0.73,-0.22
5:31:19,-0.60,0.73,-0.19
5:31:19,-0.62,0.76,-0.17
5:31:19,-0.61,0.72,-0.18
5:31:19,-0.60,0.73,-0.23
5:31:19,-0.58,0.74,-0.21
5:31:19,-0.59,0.74,-0.21
5:31:20,-0.58,0.75,-0.21
5:31:20,-0.58,0.75,-0.21
5:31:20,-0.59,0.80,-0.17
5:31:20,-0.56,0.73,-0.20
5:31:20,-0.58,0.75,-0.23
5:31:20,-0.56,0.77,-0.21
5:31:20,-0.58,0.72,-0.23
5:31:36,-0.67,0.69,0.29
5:31:36,-0.63,0.56,0.19
5:31:36,-0.78,0.58,0.10
5:31:36,-0.78,0.57,0.13
5:31:36,-0.79,0.57,0.12
5:31:36,-0.78,0.58,0.13
5:31:37,-0.77,0.56,0.12
5:31:37,-0.78,0.58,0.12
5:31:37,-0.77,0.60,0.12
5:31:37,-0.77,0.59,0.13
5:31:37,-0.77,0.59,0.12
5:31:37,-0.77,0.55,0.09
5:31:37,-0.74,0.58,0.09
5:31:37,-0.78,0.54,0.08
5:31:37,-0.77,0.62,0.17
5:31:37,-0.76,0.61,0.16
5:31:38,-0.77,0.59,0.10
5:31:38,-0.77,0.58,0.13
5:31:38,-0.78,0.59,0.12
5:31:38,-0.76,0.59,0.12
5:31:38,-0.77,0.58,0.12
5:31:38,-0.77,0.59,0.11
5:31:38,-0.76,0.58,0.12
5:32:7,-0.87,0.40,-0.17
5:32:8,-0.88,0.39,-0.16
5:32:8,-0.87,0.40,-0.16
5:32:8,-0.88,0.40,-0.15
5:32:8,-0.88,0.40,-0.16
5:32:8,-0.86,0.40,-0.16
5:32:8,-0.88,0.39,-0.15
5:32:8,-0.87,0.39,-0.15
5:32:8,-0.88,0.40,-0.16
5:32:8,-0.88,0.39,-0.15
5:32:8,-0.86,0.40,-0.16
5:32:9,-0.87,0.40,-0.16
5:32:9,-0.85,0.40,-0.15
5:32:9,-0.86,0.40,-0.17
5:32:9,-0.86,0.41,-0.16
5:32:9,-0.87,0.40,-0.15
5:32:9,-0.87,0.40,-0.16
5:32:9,-0.87,0.40,-0.16
5:32:9,-0.86,0.39,-0.16
5:32:9,-0.86,0.39,-0.16
5:32:16,-0.74,-0.63,-0.24
5:32:16,-0.76,-0.60,-0.23
5:32:16,-0.76,-0.62,-0.23
5:32:17,-0.59,-0.67,-0.16
5:32:17,-0.74,-0.61,-0.22
5:32:17,-0.76,-0.63,-0.24
5:32:17,-0.73,-0.62,-0.26
5:32:17,-0.75,-0.61,-0.23
5:32:17,-0.87,-0.77,-0.22
5:32:17,-0.74,-0.57,-0.21
5:32:17,-0.44,-0.72,-0.23
5:32:17,-0.71,-0.64,-0.20
5:32:17,-0.66,-0.49,-0.05
5:32:18,-0.78,-0.64,-0.24
5:32:18,-0.81,-0.70,-0.11
5:32:18,-0.78,-0.75,0.12
5:32:18,-0.65,-0.46,0.12
5:32:18,-0.10,-0.38,0.03
5:32:18,-1.11,-0.41,0.38
5:32:18,-0.75,-0.61,0.14
5:32:19,-0.38,-0.63,0.70
5:32:19,-0.35,-0.66,0.75
5:32:20,-0.34,-0.65,0.71
5:32:20,-0.34,-0.65,0.72
5:32:20,-0.35,-0.65,0.73
5:32:20,-0.35,-0.65,0.72
5:32:20,-0.37,-0.69,0.76
5:32:20,-0.44,-0.58,0.70
5:32:20,-0.47,-0.54,0.75
5:32:20,-0.73,-0.32,0.58
5:32:20,-0.69,-0.41,0.22
5:32:21,-0.78,0.21,0.23
5:32:21,-0.60,0.45,0.16
5:32:21,-0.48,0.90,-0.08
5:32:21,-0.07,0.96,0.04
5:32:21,0.18,0.87,-0.02
5:32:21,0.13,0.93,-0.08
5:32:21,0.08,1.02,-0.25
5:32:21,-0.00,1.06,-0.24
5:32:21,-0.07,0.94,-0.25
5:32:21,0.17,1.25,-0.35
5:32:21,-0.26,0.58,-0.40
5:32:22,-0.13,0.62,-0.60
5:32:22,0.20,0.23,-0.27
5:32:22,-1.92,0.10,0.45
5:32:22,0.13,-0.87,0.01
5:32:22,-0.39,-0.46,-0.08
5:32:22,-0.44,-1.01,-0.08
5:32:22,-0.23,-1.01,-0.11
5:32:22,-0.23,-1.03,-0.01
5:32:22,-0.15,-0.99,-0.06
5:32:25,-0.52,-0.88,-0.03
5:32:25,-0.52,-0.88,-0.04
5:32:25,-0.51,-0.87,-0.04
5:32:25,-0.52,-0.88,-0.04
5:32:25,-0.52,-0.89,-0.05
5:32:25,-0.51,-0.88,-0.03
5:32:25,-0.52,-0.88,-0.05
5:32:25,-0.52,-0.88,-0.05
5:32:26,-0.53,-0.87,-0.05
5:32:26,-0.53,-0.87,-0.05
5:32:26,-0.56,-0.83,-0.06
5:32:26,-0.56,-0.87,-0.06
5:32:26,-0.57,-0.85,-0.06
5:32:26,-0.56,-0.84,-0.04
5:32:26,-0.57,-0.85,-0.03
5:32:26,-0.59,-0.85,-0.07
5:32:26,-0.64,-0.72,-0.07
5:32:26,-0.59,-0.84,-0.08
5:32:27,-0.62,-0.89,0.01
5:32:27,-0.56,-0.83,-0.09
5:56:46,-0.28,0.84,-0.39
5:56:46,-0.19,0.97,-0.43
5:56:47,-0.05,0.85,-0.55
5:56:47,-0.04,0.86,-0.41
5:56:47,-0.08,0.85,-0.44
5:56:47,-0.09,0.85,-0.43
5:56:47,-0.08,0.83,-0.47
5:56:47,-0.07,0.85,-0.44
5:56:47,-0.04,0.87,-0.45
5:56:47,-0.06,0.86,-0.44
5:56:47,-0.06,0.85,-0.45
5:56:47,-0.06,0.83,-0.44
5:56:48,-0.08,0.85,-0.43
5:56:48,-0.07,0.86,-0.43
5:56:48,-0.08,0.85,-0.45
5:56:48,-0.06,0.85,-0.45
5:56:48,-0.08,0.85,-0.45
5:56:48,-0.08,0.85,-0.44
5:56:48,-0.08,0.86,-0.45
5:56:56,0.89,0.46,0.02
5:56:56,0.89,0.47,0.03
5:56:57,0.88,0.47,0.02
5:56:57,0.88,0.45,0.02
5:56:57,0.89,0.45,0.02
5:56:57,0.89,0.47,0.04
5:56:57,0.89,0.46,0.02
5:56:57,0.89,0.47,0.04
5:56:57,0.89,0.47,0.02
5:56:57,0.90,0.46,0.03
5:56:57,0.90,0.46,0.02
5:56:57,0.89,0.45,0.03
5:56:58,0.88,0.45,0.02
5:56:58,0.90,0.46,0.02
5:56:58,0.89,0.46,0.04
5:56:58,0.87,0.44,0.02
5:56:58,0.88,0.46,0.01
5:56:58,0.90,0.46,0.03
5:56:58,0.89,0.45,0.03
5:56:58,0.91,0.46,0.03
5:57:42,0.76,0.66,0.01
5:57:42,0.92,0.37,0.02
5:57:42,0.86,0.29,0.09
5:57:42,1.01,0.55,0.17
5:57:42,0.93,0.59,0.01
5:57:42,0.83,0.53,-0.00
5:57:42,0.89,0.57,-0.04
5:57:42,0.84,0.51,0.02
5:57:42,0.81,0.34,0.21
5:57:42,0.90,0.57,-0.00
5:57:43,0.75,0.57,0.07
5:57:43,0.84,0.53,0.01
5:57:43,0.85,0.51,0.03
5:57:43,0.86,0.51,0.04
5:57:43,0.81,0.56,-0.00
5:57:43,0.86,0.53,0.03
5:57:43,0.86,0.53,0.03
5:57:43,0.85,0.53,0.03
5:57:43,0.85,0.53,0.01
5:57:43,0.86,0.52,0.03
5:57:46,0.86,-0.56,0.13
5:57:46,0.88,-0.53,0.09
5:57:46,0.90,-0.50,0.11
5:57:46,0.93,-0.45,0.10
5:57:46,0.95,-0.35,0.07
5:57:46,0.99,-0.29,0.05
5:57:46,0.97,-0.24,0.01
5:57:46,1.02,0.23,0.03
5:57:47,0.99,0.21,0.00
5:57:47,1.01,0.05,0.02
5:57:47,1.01,0.14,0.01
5:57:47,1.01,0.12,0.02
5:57:47,1.00,0.13,0.01
5:57:47,1.01,0.11,0.02
5:57:47,1.01,0.11,0.02
5:57:47,0.97,0.10,0.03
5:57:47,1.01,0.12,0.05
5:57:47,1.07,0.12,0.05
5:57:48,1.02,0.05,0.04
5:57:48,1.00,0.05,0.04
5:57:48,1.01,0.06,0.03
5:57:48,1.02,0.05,0.04
5:57:48,1.01,0.04,0.02
5:57:48,1.04,0.08,0.05
5:57:48,1.06,-0.03,0.06
5:57:48,1.02,0.05,0.10
5:57:48,1.03,0.05,0.04
5:57:48,1.02,0.05,0.02
5:57:49,1.04,0.07,0.03
5:57:50,1.24,0.27,0.13
5:57:50,0.95,0.23,0.13
5:57:50,1.28,0.13,-0.11
5:57:50,1.43,0.32,0.07
5:57:50,1.44,0.24,0.08
5:57:50,1.27,0.35,0.17
5:57:51,1.14,0.28,0.13
5:57:51,1.09,0.25,0.14
5:57:51,0.86,0.07,-0.14
5:57:51,0.90,0.18,0.11
5:57:51,0.81,0.07,-0.06
5:57:51,0.98,0.14,-0.05
5:57:51,1.04,0.03,-0.01
5:57:51,1.02,0.01,0.01
5:57:51,1.00,0.02,0.01
5:57:51,1.03,0.02,0.01
5:57:52,1.02,0.01,0.02
5:57:52,1.02,0.02,0.01
5:57:52,1.02,0.01,0.02
5:57:52,1.01,0.02,0.02
5:57:52,1.00,0.02,0.06
5:57:52,0.98,-0.05,-0.05
5:57:52,1.01,0.04,-0.04
5:57:52,1.02,-0.01,0.02
5:57:52,1.02,-0.00,0.04
5:57:52,1.01,-0.00,0.04
5:57:53,1.01,0.01,0.03
5:57:53,1.02,0.02,0.02
5:57:53,1.00,0.03,0.04
5:57:53,1.02,0.04,0.02
5:57:57,0.98,0.39,0.12
5:57:57,0.94,0.31,0.16
5:57:57,0.94,0.30,0.09
5:57:57,0.98,0.30,0.18
5:57:58,0.96,0.29,0.08
5:57:58,0.90,0.35,0.21
5:57:58,0.87,0.41,0.21
5:57:58,0.90,0.45,0.24
5:57:58,0.91,0.45,0.20
5:57:58,0.85,0.51,0.36
5:57:58,0.86,0.57,0.20
5:57:58,0.85,0.44,0.23
5:57:58,0.77,0.55,0.32
5:57:58,0.78,0.50,0.28
5:57:59,0.75,0.48,0.30
5:57:59,0.79,0.54,0.31
5:57:59,0.68,0.62,0.27
5:57:59,0.65,0.57,0.24
5:57:59,0.82,0.58,0.13
6:33:36,-0.34,0.88,-0.20
6:33:36,-0.35,0.88,-0.22
6:33:36,-0.34,0.88,-0.20
6:33:37,-0.34,0.88,-0.21
6:33:37,-0.34,0.88,-0.20
6:33:37,-0.35,0.88,-0.20
6:33:37,-0.35,0.88,-0.20
6:33:37,-0.34,0.87,-0.22
6:33:37,-0.34,0.88,-0.21
6:33:37,-0.34,0.88,-0.21
6:33:37,-0.35,0.88,-0.21
6:33:37,-0.33,0.88,-0.20
6:33:37,-0.35,0.88,-0.20
6:33:38,-0.34,0.88,-0.20
6:33:38,-0.34,0.88,-0.21
6:33:38,-0.33,0.88,-0.20
6:33:38,-0.34,0.87,-0.21
6:33:38,-0.33,0.88,-0.20
6:33:38,-0.34,0.87,-0.21
6:33:55,-0.36,0.88,-0.19
6:33:55,-0.35,0.81,-0.14
6:33:55,-0.37,0.89,-0.17
6:33:55,-0.37,0.88,-0.14
6:33:55,-0.36,0.89,-0.15
6:33:55,-0.36,0.88,-0.16
6:33:55,-0.36,0.87,-0.16
6:33:56,-0.35,0.88,-0.16
6:33:56,-0.37,0.89,-0.16
6:33:56,-0.37,0.88,-0.16
6:33:56,-0.36,0.88,-0.15
6:33:56,-0.36,0.89,-0.14
6:33:56,-0.36,0.88,-0.15
6:33:56,-0.36,0.87,-0.15
6:33:56,-0.37,0.89,-0.15
6:33:56,-0.38,0.88,-0.14
6:33:56,-0.38,0.87,-0.15
6:33:57,-0.38,0.87,-0.15
6:33:57,-0.39,0.94,-0.15
6:34:9,-0.82,0.36,-0.38
6:34:9,-0.76,0.37,-0.36
6:34:9,-0.85,0.27,-0.27
6:34:9,-0.66,0.17,-0.38
6:34:9,-1.39,-0.36,-0.14
6:34:9,-0.92,0.11,-0.07
6:34:9,-0.92,0.21,-0.21
6:34:9,-0.93,0.23,-0.21
6:34:10,-0.91,0.22,-0.22
6:34:10,-0.92,0.23,-0.22
6:34:10,-0.69,0.37,-0.52
6:34:10,-0.93,0.16,-0.23
6:34:10,-0.91,0.25,-0.23
6:34:10,-0.91,0.21,-0.22
6:34:10,-0.91,0.24,-0.23
6:34:10,-0.92,0.22,-0.25
6:34:10,-0.91,0.22,-0.22
6:34:10,-0.91,0.22,-0.24
6:34:11,-0.93,0.23,-0.23
6:34:11,-0.90,0.23,-0.26
6:34:11,-0.93,0.15,-0.25
6:34:11,-0.90,0.25,-0.24
6:34:11,-1.18,0.25,0.05
6:34:11,-0.96,0.44,-0.06
6:34:12,-0.48,0.87,-0.23
6:34:12,-0.38,0.71,-0.15
6:34:12,-0.88,1.08,-0.21
6:34:13,-0.22,0.80,-0.34
6:34:13,-0.52,0.81,-0.21
6:34:13,-0.49,0.81,-0.23
6:34:13,-0.48,0.84,-0.24
6:34:13,-0.45,0.85,-0.22
6:34:13,-0.42,0.84,-0.23
6:34:13,-0.29,0.88,-0.16
6:34:13,-0.39,0.86,-0.22
6:34:13,-0.43,0.83,-0.21
6:34:13,-0.47,0.81,-0.22
6:34:14,-0.47,0.81,-0.21
6:34:14,-0.46,0.82,-0.20
6:34:14,-0.47,0.81,-0.22
6:34:14,-0.46,0.82,-0.21
6:34:14,-0.47,0.81,-0.21
6:34:14,-0.47,0.81,-0.21
6:35:3,-0.06,0.97,-0.17
6:35:3,-0.00,0.90,-0.15
6:35:3,0.06,0.95,-0.19
6:35:4,0.06,0.95,-0.19
6:35:4,0.05,0.94,-0.20
6:35:4,0.06,0.97,-0.20
6:35:4,0.06,0.94,-0.22
6:35:4,0.07,0.96,-0.20
6:35:4,0.09,0.95,-0.19
6:35:4,0.09,0.95,-0.21
6:35:4,0.05,0.98,-0.21
6:35:4,0.56,0.59,-0.31
6:35:4,0.28,1.02,-0.26
6:35:5,0.16,0.90,-0.23
6:35:5,0.14,0.93,-0.20
6:35:5,0.14,0.94,-0.19
6:35:5,0.15,0.95,-0.20
6:35:5,0.15,0.95,-0.20
6:35:5,0.14,0.95,-0.20
6:35:5,0.14,0.95,-0.20
6:51:11,-0.83,-0.42,-0.35
6:51:11,-0.83,-0.42,-0.34
6:51:11,-0.83,-0.42,-0.35
6:51:11,-0.83,-0.41,-0.34
6:51:11,-0.84,-0.41,-0.34
6:51:11,-0.83,-0.41,-0.34
6:51:11,-0.83,-0.40,-0.34
6:51:11,-0.83,-0.42,-0.34
6:51:11,-0.83,-0.41,-0.35
6:51:12,-0.83,-0.39,-0.34
6:51:12,-0.83,-0.41,-0.34
6:51:12,-0.83,-0.40,-0.36
6:51:12,-0.84,-0.40,-0.37
6:51:12,-0.84,-0.41,-0.35
6:51:12,-0.84,-0.40,-0.35
6:51:12,-0.83,-0.41,-0.34
6:51:12,-0.84,-0.41,-0.35
6:51:12,-0.84,-0.41,-0.37
6:51:12,-0.84,-0.39,-0.34
6:51:13,-0.84,-0.41,-0.35
6:51:26,-0.40,-0.89,-0.27
6:51:26,-0.39,-0.90,-0.27
6:51:27,-0.41,-0.90,-0.28
6:51:27,-0.41,-0.89,-0.30
6:51:27,-0.39,-0.90,-0.29
6:51:27,-0.40,-0.89,-0.29
6:51:27,-0.41,-0.89,-0.29
6:51:27,-0.40,-0.89,-0.28
6:51:27,-0.41,-0.88,-0.27
6:51:27,-0.40,-0.89,-0.28
6:51:27,-0.40,-0.89,-0.29
6:51:27,-0.39,-0.89,-0.27
6:51:28,-0.40,-0.90,-0.29
6:51:28,-0.41,-0.91,-0.29
6:51:28,-0.40,-0.88,-0.29
6:51:28,-0.40,-0.89,-0.28
6:51:28,-0.40,-0.89,-0.27
6:51:28,-0.39,-0.90,-0.29
6:51:28,-0.37,-0.90,-0.27
6:51:28,-0.38,-0.91,-0.28
6:51:53,0.36,-0.94,-0.22
6:51:53,0.37,-0.94,-0.22
6:51:53,0.39,-0.94,-0.22
6:51:53,0.37,-0.94,-0.22
6:51:53,0.38,-0.94,-0.22
6:51:53,0.37,-0.95,-0.22
6:51:53,0.38,-0.94,-0.22
6:51:53,0.38,-0.94,-0.23
6:51:53,0.38,-0.94,-0.23
6:51:53,0.38,-0.94,-0.22
6:51:54,0.38,-0.93,-0.23
6:51:54,0.37,-0.94,-0.24
6:51:54,0.38,-0.94,-0.24
6:51:54,0.38,-0.93,-0.23
6:51:54,0.38,-0.94,-0.23
6:51:54,0.38,-0.93,-0.22
6:51:54,0.38,-0.94,-0.22
6:51:54,0.38,-0.93,-0.22
6:51:54,0.38,-0.94,-0.22
6:52:34,-0.74,0.32,0.23
6:52:34,-1.00,-0.21,0.22
6:52:34,-0.62,-1.06,-0.27
6:52:35,-0.26,-0.91,-0.30
6:52:35,0.16,-0.90,-0.21
6:52:35,0.93,-1.12,0.38
6:52:35,0.87,-0.71,-0.13
6:52:35,0.91,-0.42,0.07
6:52:35,0.98,-0.33,0.04
6:52:35,1.17,-0.00,-0.07
6:52:35,1.54,1.41,-0.25
6:52:35,0.74,0.55,-0.25
6:52:35,0.87,0.33,-0.32
6:52:36,0.74,0.55,-0.24
6:52:36,0.85,0.45,-0.27
6:52:36,0.83,0.49,-0.27
6:52:36,0.82,0.50,-0.27
6:52:36,0.82,0.50,-0.27
6:52:36,0.82,0.50,-0.28
6:52:36,0.81,0.50,-0.27
6:52:43,0.44,0.84,0.04
6:52:43,0.51,0.80,0.04
6:52:43,0.81,0.66,0.09
6:52:43,0.81,0.58,0.09
6:52:43,0.79,0.57,0.09
6:52:44,0.79,0.57,0.09
6:52:44,0.85,0.53,0.09
6:52:44,0.84,0.56,0.09
6:52:44,0.78,0.59,0.05
6:52:44,0.89,0.44,0.58
6:52:44,0.55,0.72,0.52
6:52:44,0.37,0.70,0.45
6:52:44,0.28,0.82,0.23
6:52:44,0.75,2.00,1.11
6:52:45,0.29,0.66,0.22
6:52:45,0.55,0.85,-0.00
6:52:45,0.51,0.83,-0.05
6:52:45,0.49,0.85,-0.03
6:52:45,0.49,0.84,-0.02
6:52:45,0.49,0.85,-0.04
6:52:45,0.45,0.96,-0.08
6:52:45,0.44,0.86,0.07
6:52:45,0.52,0.48,-0.02
6:52:45,0.47,0.96,0.29
6:52:45,0.59,0.48,0.40
6:52:46,0.24,0.81,0.14
6:52:46,-0.62,0.82,0.19
6:52:46,-0.81,0.23,0.06
6:52:46,-0.44,0.79,-0.07
6:52:46,-0.72,0.73,0.16
6:52:46,-0.54,0.78,0.03
6:52:46,-0.61,0.72,0.04
6:52:46,-0.61,0.75,0.07
6:52:46,-0.61,0.75,0.06
6:52:46,-0.62,0.75,0.06
6:52:47,-0.62,0.75,0.07
6:52:47,-0.61,0.74,0.06
6:52:47,-0.62,0.73,0.05
6:52:47,-0.61,0.75,0.05
6:52:47,-0.62,0.75,0.06
6:52:47,-0.63,0.74,0.06
6:52:47,-0.59,0.77,0.06
6:52:47,-0.58,0.75,0.06
6:52:47,-0.60,0.76,0.06
6:52:47,-0.60,0.76,0.06
6:52:48,-0.59,0.77,0.06
6:52:48,-0.56,0.79,0.06
6:52:48,-0.56,0.78,0.07
7:0:25,1.02,-0.09,0.06
7:0:25,1.01,-0.10,0.07
7:0:25,1.01,-0.09,0.08
7:0:25,1.01,-0.10,0.08
7:0:25,1.02,-0.10,0.08
7:0:25,1.00,-0.10,0.07
7:0:25,1.00,-0.11,0.07
7:0:25,1.02,-0.09,0.08
7:0:26,1.01,-0.08,0.08
7:0:26,1.01,-0.10,0.08
7:0:26,1.02,-0.09,0.06
7:0:26,1.01,-0.09,0.09
7:0:26,1.02,-0.08,0.07
7:0:26,1.01,-0.08,0.07
7:0:26,1.01,-0.09,0.08
7:0:26,1.03,-0.10,0.08
7:0:26,1.02,-0.08,0.06
7:0:26,1.01,-0.09,0.09
7:0:27,1.03,-0.08,0.08
7:0:33,0.84,-0.59,-0.28
7:0:33,0.86,-0.61,-0.28
7:0:34,0.72,-0.31,-0.38
7:0:34,0.92,-0.06,-0.17
7:0:34,0.51,0.69,-0.33
7:0:34,-0.37,0.79,0.11
7:0:34,-0.42,0.78,-0.21
7:0:34,-0.86,0.14,-0.36
7:0:34,-0.33,-1.01,-0.28
7:0:34,-0.83,-0.68,-0.10
7:0:34,-0.78,-0.54,-0.22
7:0:34,-0.54,-0.91,-0.11
7:0:35,-0.77,-0.63,-0.17
7:0:35,-0.68,-0.72,-0.13
7:0:35,-0.70,-0.71,-0.14
7:0:35,-0.71,-0.71,-0.15
7:0:35,-0.70,-0.70,-0.15
7:0:35,-0.71,-0.70,-0.14
7:0:35,-0.69,-0.71,-0.15
7:0:35,-0.71,-0.71,-0.15
7:0:35,-0.71,-0.70,-0.15
7:0:35,-0.71,-0.71,-0.14
7:0:36,-0.71,-0.70,-0.14
7:0:36,-0.70,-0.71,-0.15
7:0:45,-0.79,-0.62,-0.09
7:0:46,-0.79,-0.61,-0.11
7:0:46,-0.81,-0.60,-0.10
7:0:46,-0.82,-0.55,-0.10
7:0:46,-0.82,-0.57,-0.11
7:0:46,-0.82,-0.56,-0.10
7:0:46,-0.81,-0.56,-0.10
7:0:46,-0.83,-0.55,-0.09
7:0:46,-0.85,-0.54,-0.09
7:0:46,-0.92,-0.52,-0.01
7:0:46,-0.79,-0.40,-0.18
7:0:47,-1.00,-0.37,-0.20
7:0:47,-0.82,-0.20,-0.18
7:0:47,-0.96,-0.10,-0.13
7:0:47,-0.68,-0.05,-0.44
7:0:47,-1.31,-0.21,-0.07
7:0:47,-0.92,0.32,-0.30
7:0:47,-0.71,0.35,-0.25
7:0:47,-0.84,0.07,-0.26
7:0:47,-0.91,-0.79,-0.01
7:0:47,-0.49,-0.84,-0.16
7:0:48,-0.77,-0.62,-0.18
7:0:48,-0.79,-0.61,-0.11
7:0:48,-0.79,-0.62,-0.13
7:0:48,-0.76,-0.66,-0.13
7:0:48,-0.77,-0.65,-0.13
7:0:48,-0.76,-0.65,-0.12
7:0:48,-0.76,-0.64,-0.13
7:0:48,-0.76,-0.65,-0.12
7:0:48,-0.76,-0.65,-0.12
7:0:48,-0.73,-0.69,-0.12
7:0:49,-0.69,-0.73,-0.13
7:0:49,-0.63,-0.78,-0.15
7:0:49,-0.62,-0.80,-0.14
7:0:49,-0.61,-0.80,-0.11
7:0:49,-0.62,-0.79,-0.07
7:0:49,-0.64,-0.78,-0.03
7:0:49,-0.62,-0.80,-0.06
7:0:49,-0.62,-0.80,-0.05
7:0:49,-0.66,-0.76,-0.05
7:0:49,-0.58,-0.82,-0.10
7:0:50,-0.57,-0.83,-0.09
7:0:50,-0.60,-0.82,-0.08
7:0:50,-0.59,-0.83,-0.10
7:7:31,-0.95,-0.27,-0.13
7:7:32,-0.94,-0.26,-0.14
7:7:32,-0.94,-0.25,-0.13
7:7:32,-0.94,-0.26,-0.14
7:7:32,-0.95,-0.27,-0.14
7:7:32,-0.95,-0.27,-0.14
7:7:32,-0.93,-0.27,-0.13
7:7:32,-0.94,-0.27,-0.13
7:7:32,-0.95,-0.27,-0.13
7:7:32,-0.93,-0.27,-0.14
7:7:32,-0.95,-0.28,-0.13
7:7:33,-0.94,-0.25,-0.13
7:7:33,-0.94,-0.21,-0.12
7:7:33,-0.96,-0.18,-0.15
7:7:33,-0.93,-0.22,-0.15
7:7:33,-0.96,-0.19,-0.16
7:7:33,-0.96,-0.19,-0.14
7:7:33,-0.96,-0.18,-0.15
7:7:33,-0.94,-0.24,-0.14
7:7:33,-0.95,-0.22,-0.14
7:7:37,-0.89,0.28,-0.18
7:7:37,-0.90,0.29,-0.21
7:7:37,-0.91,0.30,-0.17
7:7:37,-0.91,0.30,-0.18
7:7:37,-0.91,0.30,-0.18
7:7:37,-0.91,0.30,-0.19
7:7:37,-0.90,0.31,-0.19
7:7:38,-0.91,0.29,-0.19
7:7:38,-0.91,0.29,-0.20
7:7:38,-0.91,0.30,-0.18
7:7:38,-0.91,0.31,-0.18
7:7:38,-0.92,0.30,-0.19
7:7:38,-0.90,0.29,-0.20
7:7:38,-0.90,0.29,-0.19
7:7:38,-0.90,0.29,-0.20
7:7:38,-0.90,0.30,-0.18
7:7:38,-0.91,0.29,-0.18
7:7:39,-0.94,0.33,-0.09
7:7:39,-0.87,0.28,-0.23
7:7:40,-0.54,-0.86,-0.05
7:7:40,-0.54,-0.86,-0.05
7:7:40,-0.54,-0.86,-0.05
7:7:41,-0.54,-0.86,-0.05
7:7:41,-0.54,-0.86,-0.05
7:7:41,-0.54,-0.86,-0.05
7:7:41,-0.54,-0.86,-0.05
7:7:41,-0.54,-0.86,-0.04
7:7:41,-0.53,-0.86,-0.05
7:7:41,-0.55,-0.85,-0.05
7:7:41,-0.55,-0.86,-0.05
7:7:41,-0.55,-0.86,-0.05
7:7:41,-0.55,-0.85,-0.05
7:7:42,-0.55,-0.85,-0.05
7:7:42,-0.56,-0.85,-0.06
7:7:42,-0.55,-0.85,-0.05
7:7:42,-0.59,-0.83,-0.06
7:7:42,-0.65,-0.78,-0.07
7:7:42,-0.69,-0.74,-0.04
7:9:2,-0.98,-0.24,0.14
7:9:2,-0.96,-0.24,-0.01
7:9:2,-0.96,-0.27,0.01
7:9:2,-0.95,-0.26,-0.00
7:9:2,-0.97,-0.26,0.02
7:9:3,-0.95,-0.25,0.02
7:9:3,-0.96,-0.25,0.02
7:9:3,-0.96,-0.26,0.02
7:9:3,-0.96,-0.27,0.00
7:9:3,-0.96,-0.25,0.02
7:9:3,-0.92,-0.26,0.00
7:9:3,-0.96,-0.27,0.01
7:9:3,-0.96,-0.26,0.01
7:9:3,-0.95,-0.26,0.01
7:9:3,-0.96,-0.26,-0.01
7:9:4,-0.95,-0.27,-0.01
7:9:4,-0.95,-0.26,0.00
7:9:4,-0.96,-0.26,-0.00
7:9:4,-0.95,-0.28,0.00
7:9:4,-0.95,-0.28,0.01
7:9:4,-0.95,-0.28,-0.00
7:9:4,-0.95,-0.28,-0.03
7:9:9,0.39,-0.92,-0.14
7:9:9,0.43,-0.94,-0.14
7:9:9,0.42,-0.93,-0.14
7:9:9,0.43,-0.94,-0.14
7:9:9,0.44,-0.93,-0.12
7:9:9,0.42,-0.94,-0.14
7:9:9,0.41,-0.94,-0.15
7:9:9,0.42,-0.94,-0.13
7:9:10,0.42,-0.95,-0.12
7:9:10,0.42,-0.94,-0.13
7:9:10,0.42,-0.94,-0.13
7:9:10,0.42,-0.94,-0.13
7:9:10,0.42,-0.94,-0.12
7:9:10,0.45,-0.93,-0.12
7:9:10,0.43,-0.94,-0.14
7:9:10,0.45,-0.94,-0.12
7:9:10,0.44,-0.93,-0.12
7:9:10,0.46,-0.93,-0.13
7:9:11,0.45,-0.93,-0.11
7:9:11,0.45,-0.93,-0.11
7:10:56,0.50,-0.82,-0.25
7:10:56,-0.22,-0.55,-0.11
7:10:56,-0.79,-0.45,0.12
7:10:56,-0.35,-0.64,-0.12
7:10:56,-0.59,-0.45,-0.22
7:10:56,-0.78,-0.67,-0.16
7:10:56,-0.74,-0.67,-0.19
7:10:56,-0.73,-0.66,-0.20
7:10:56,-0.73,-0.67,-0.21
7:10:57,-0.72,-0.67,-0.19
7:10:57,-0.73,-0.66,-0.22
7:10:57,-0.73,-0.65,-0.19
7:10:57,-0.73,-0.66,-0.20
7:10:57,-0.73,-0.65,-0.20
7:10:57,-0.72,-0.67,-0.22
7:10:57,-0.72,-0.67,-0.22
7:10:57,-0.72,-0.66,-0.21
7:10:57,-0.72,-0.68,-0.20
7:10:57,-0.70,-0.68,-0.19
7:10:58,-0.66,-0.73,-0.20
7:13:51,-0.71,-0.70,-0.14
7:13:51,-0.71,-0.71,-0.11
7:13:51,-0.71,-0.71,-0.11
7:13:51,-0.70,-0.71,-0.12
7:13:52,-0.70,-0.72,-0.13
7:13:52,-0.71,-0.72,-0.12
7:13:52,-0.71,-0.71,-0.11
7:13:52,-0.70,-0.71,-0.12
7:13:52,-0.70,-0.72,-0.12
7:13:52,-0.68,-0.71,-0.12
7:13:52,-0.70,-0.72,-0.12
7:13:52,-0.69,-0.72,-0.12
7:13:52,-0.69,-0.73,-0.11
7:13:52,-0.69,-0.73,-0.11
7:13:53,-0.69,-0.73,-0.13
7:13:53,-0.68,-0.73,-0.11
7:13:53,-0.69,-0.73,-0.12
7:13:53,-0.69,-0.72,-0.12
7:13:53,-0.69,-0.69,-0.13
7:13:53,-0.70,-0.73,-0.12
7:18:0,-0.96,-0.29,0.01
7:18:0,-0.95,-0.31,-0.02
7:18:0,-0.94,-0.31,-0.01
7:18:0,-0.93,-0.31,-0.02
7:18:0,-0.94,-0.30,-0.02
7:18:0,-0.94,-0.30,-0.04
7:18:1,-0.94,-0.29,-0.01
7:18:1,-0.90,-0.31,-0.05
7:18:1,-0.96,-0.27,0.02
7:18:1,-0.92,-0.43,0.12
7:18:1,-1.21,-0.17,-0.21
7:18:1,-0.75,-0.50,-0.29
7:18:1,-0.63,-0.57,-0.45
7:18:1,-1.01,-0.23,-0.26
7:18:1,-0.88,-0.43,-0.46
7:18:1,-0.27,-0.82,-0.24
7:18:2,-0.67,-0.61,-0.14
7:18:2,-0.74,-0.59,-0.14
7:18:2,-0.94,0.30,-0.40
7:18:2,-0.98,0.33,-0.22
7:18:2,-0.89,0.18,-0.26
7:18:2,-1.18,0.07,-0.47
7:18:2,-1.00,-0.07,-0.17
7:18:2,-0.96,-0.08,-0.20
7:18:2,-0.96,-0.07,-0.21
7:18:2,-0.96,-0.07,-0.21
7:18:3,-0.96,-0.07,-0.19
7:18:3,-0.95,-0.09,-0.18
7:18:3,-0.95,-0.07,-0.20
7:18:3,-0.96,-0.08,-0.21
7:18:3,-0.96,-0.07,-0.22
7:18:3,-0.96,-0.07,-0.22
7:18:3,-0.95,-0.09,-0.22
7:18:3,-0.94,-0.09,-0.23
7:18:3,-0.96,-0.10,-0.20
7:18:3,-0.95,-0.10,-0.21
7:18:4,-0.96,-0.09,-0.20
7:18:4,-0.96,-0.09,-0.20
7:18:4,-0.95,-0.11,-0.22
7:18:7,-0.48,0.62,-0.29
7:18:7,-0.32,0.42,-0.32
7:18:7,-0.31,0.54,-0.45
7:18:7,-0.64,0.52,-0.36
7:18:7,-0.94,0.15,-0.26
7:18:7,-0.92,0.24,-0.20
7:18:7,-0.91,0.26,-0.20
7:18:8,-0.92,0.26,-0.20
7:18:8,-0.91,0.27,-0.21
7:18:8,-0.90,0.25,-0.22
7:18:8,-0.91,0.28,-0.20
7:18:8,-0.91,0.27,-0.20
7:18:8,-0.91,0.26,-0.19
7:18:8,-0.91,0.27,-0.20
7:18:8,-0.91,0.27,-0.19
7:18:8,-0.91,0.27,-0.20
7:18:8,-0.91,0.27,-0.20
7:18:9,-0.92,0.28,-0.19
7:18:9,-0.91,0.26,-0.20
7:18:9,-0.90,0.25,-0.21
7:18:9,-0.90,0.26,-0.21
7:18:9,-0.91,0.27,-0.19
7:18:9,-0.91,0.26,-0.21
7:18:9,-0.91,0.26,-0.20
7:18:9,-0.91,0.26,-0.20
7:18:9,-0.91,0.27,-0.22
7:18:15,-0.02,0.88,-0.37
7:18:15,-0.04,0.88,-0.38
7:18:16,-0.05,0.88,-0.38
7:18:16,-0.04,0.89,-0.37
7:18:16,-0.04,0.89,-0.36
7:18:16,-0.04,0.89,-0.38
7:18:16,-0.04,0.88,-0.38
7:18:16,-0.03,0.88,-0.37
7:18:16,-0.06,0.92,-0.38
7:18:16,0.06,0.87,-0.38
7:18:16,-0.01,0.88,-0.37
7:18:16,0.09,0.90,-0.36
7:18:17,0.16,0.89,-0.33
7:18:17,0.25,0.88,-0.33
7:18:17,0.29,0.88,-0.32
7:18:17,0.34,0.88,-0.31
7:18:17,0.36,0.90,-0.29
7:18:17,0.39,0.89,-0.27
7:18:17,0.46,0.82,-0.26
7:18:17,0.46,0.80,-0.28
7:18:17,0.42,0.82,-0.30
7:18:17,0.45,0.82,-0.33
7:18:18,0.47,0.86,-0.27
7:18:18,0.43,0.87,-0.27
7:18:18,0.40,0.85,-0.27
7:18:18,0.41,0.85,-0.24
7:18:18,0.34,0.89,-0.26
7:18:18,0.31,0.90,-0.25
7:18:18,0.40,0.84,-0.29
7:18:18,0.40,0.77,-0.31
7:18:18,0.30,0.82,-0.29
7:18:18,0.47,0.82,-0.28
7:18:19,0.43,0.81,-0.30
7:18:19,0.30,0.95,-0.25
7:18:19,0.21,0.96,-0.27
7:18:21,0.89,0.27,-0.38
7:18:21,0.87,0.28,-0.38
7:18:21,0.87,0.28,-0.39
7:18:22,0.87,0.29,-0.40
7:18:22,0.87,0.27,-0.38
7:18:22,0.89,0.28,-0.39
7:18:22,0.88,0.29,-0.38
7:18:22,0.88,0.28,-0.39
7:18:22,0.89,0.26,-0.37
7:18:22,0.89,0.27,-0.40
7:18:22,0.88,0.27,-0.37
7:18:22,0.88,0.28,-0.37
7:18:22,0.88,0.28,-0.37
7:18:23,0.89,0.27,-0.39
7:18:23,0.89,0.27,-0.38
7:18:23,0.89,0.28,-0.38
7:18:23,0.88,0.28,-0.40
7:18:23,0.88,0.28,-0.38
7:18:23,0.88,0.28,-0.39
7:18:23,0.89,0.28,-0.38
7:22:50,0.91,-0.36,-0.29
7:22:50,0.92,-0.36,-0.29
7:22:50,0.92,-0.36,-0.29
7:22:50,0.91,-0.38,-0.30
7:22:50,0.92,-0.33,-0.30
7:22:50,0.91,-0.36,-0.29
7:22:50,0.92,-0.38,-0.29
7:22:50,0.90,-0.38,-0.30
7:22:51,0.91,-0.37,-0.28
7:22:51,0.91,-0.38,-0.29
7:22:51,0.91,-0.37,-0.28
7:22:51,0.91,-0.37,-0.29
7:22:51,0.91,-0.36,-0.29
7:22:51,0.91,-0.37,-0.28
7:22:51,0.91,-0.37,-0.29
7:22:51,0.91,-0.38,-0.28
7:22:51,0.91,-0.37,-0.28
7:22:51,0.91,-0.38,-0.27
7:22:52,0.92,-0.38,-0.29
7:22:52,0.91,-0.37,-0.29
7:23:9,0.82,-0.57,-0.27
7:23:9,0.82,-0.57,-0.28
7:23:9,0.81,-0.56,-0.27
7:23:10,0.82,-0.55,-0.26
7:23:10,0.82,-0.56,-0.26
7:23:10,0.84,-0.55,-0.27
7:23:10,0.85,-0.52,-0.27
7:23:10,0.87,-0.51,-0.27
7:23:10,0.87,-0.48,-0.27
7:23:10,0.91,-0.42,-0.26
7:23:10,0.89,-0.44,-0.27
7:23:10,0.90,-0.42,-0.26
7:23:10,0.90,-0.43,-0.27
7:23:11,0.93,-0.43,-0.27
7:23:11,0.73,-0.59,-0.27
7:23:11,0.80,-0.60,-0.26
7:23:11,0.79,-0.61,-0.24
7:23:11,0.80,-0.60,-0.27
7:23:11,0.80,-0.59,-0.26
7:23:11,0.80,-0.60,-0.25
7:25:44,-0.20,-0.92,-0.32
7:25:44,-0.40,-0.87,-0.25
7:25:45,-0.46,-1.11,-0.19
7:25:45,-0.53,-0.97,-0.19
7:25:45,-0.51,-1.01,-0.72
7:25:45,0.14,-0.62,-0.99
7:25:45,0.29,-0.94,-0.50
7:25:45,0.16,-0.90,-0.88
7:25:45,0.20,-0.80,-0.05
7:25:45,-0.50,-0.85,-0.03
7:25:45,-0.29,-0.88,-0.31
7:25:45,-0.21,-0.91,-0.43
7:25:46,0.11,-0.80,-0.55
7:25:46,0.04,-0.88,-0.53
7:25:46,0.07,-0.86,-0.53
7:25:46,0.14,-0.85,-0.55
7:25:46,0.11,-0.88,-0.53
7:25:46,0.12,-0.87,-0.52
7:25:46,0.12,-0.87,-0.53
7:25:52,1.07,0.47,-0.22
7:25:52,0.91,0.42,-0.51
7:25:52,1.13,-0.02,-0.58
7:25:53,0.84,-0.41,-0.43
7:25:53,0.52,-0.34,0.77
7:25:53,0.93,-0.28,0.13
7:25:53,0.63,-0.67,-0.16
7:25:53,0.88,-0.25,-0.01
7:25:53,0.96,-0.38,0.03
7:25:53,0.95,-0.40,0.01
7:25:53,0.95,-0.39,0.01
7:25:53,0.96,-0.38,0.03
7:25:53,0.96,-0.38,0.01
7:25:53,0.95,-0.38,0.01
7:25:54,0.95,-0.36,0.02
7:25:54,0.98,-0.37,-0.01
7:25:54,0.95,-0.36,0.01
7:25:54,0.97,-0.36,-0.01
7:25:54,0.96,-0.36,0.01
7:25:54,0.96,-0.37,0.01
7:25:54,0.96,-0.35,-0.00
7:25:54,0.97,-0.36,-0.00
7:25:54,0.96,-0.35,-0.01
7:25:54,0.97,-0.35,0.00
7:26:1,-0.37,0.38,-0.80
7:26:1,-0.43,0.46,-0.78
7:26:2,-0.24,0.40,-0.64
7:26:2,-0.50,0.41,-1.01
7:26:2,-0.44,0.41,-0.55
7:26:2,-0.94,0.38,-0.26
7:26:2,-0.78,0.48,-0.33
7:26:2,-0.75,0.48,-0.36
7:26:2,-0.76,0.49,-0.36
7:26:2,-0.61,0.53,-0.39
7:26:2,-0.76,0.51,-0.36
7:26:2,-0.87,0.27,-0.31
7:26:3,-0.82,0.46,-0.24
7:26:3,-0.85,0.38,-0.29
7:26:3,-0.85,0.37,-0.28
7:26:3,-0.85,0.36,-0.29
7:26:3,-0.86,0.36,-0.29
7:26:3,-0.84,0.37,-0.30
7:26:3,-0.85,0.35,-0.28
7:26:3,-0.85,0.36,-0.30
7:27:7,-0.96,-0.12,-0.23
7:27:7,-0.94,-0.11,-0.25
7:27:7,-0.95,-0.11,-0.23
7:27:7,-0.95,-0.11,-0.23
7:27:7,-0.95,-0.11,-0.24
7:27:8,-0.96,-0.11,-0.23
7:27:8,-0.95,-0.10,-0.23
7:27:8,-0.95,-0.11,-0.24
7:27:8,-0.95,-0.11,-0.24
7:27:8,-0.96,-0.12,-0.24
7:27:8,-0.94,-0.12,-0.24
7:27:8,-0.95,-0.12,-0.22
7:27:8,-0.95,-0.11,-0.24
7:27:8,-0.96,-0.12,-0.26
7:27:8,-0.95,-0.10,-0.25
7:27:9,-0.95,-0.12,-0.25
7:27:9,-0.95,-0.13,-0.26
7:27:9,-0.95,-0.12,-0.24
7:27:9,-0.94,-0.15,-0.23
7:27:47,-0.97,0.13,0.13
7:27:48,-1.05,-0.08,-0.04
7:27:48,-1.08,-0.11,-0.12
7:27:48,-0.97,-0.07,-0.21
7:27:48,-0.96,-0.07,-0.21
7:27:48,-0.96,-0.08,-0.21
7:27:48,-0.96,-0.07,-0.21
7:27:48,-0.95,-0.07,-0.20
7:27:48,-0.96,-0.07,-0.20
7:27:48,-0.95,-0.07,-0.21
7:27:48,-0.96,-0.08,-0.21
7:27:49,-0.95,-0.08,-0.20
7:27:49,-0.95,-0.07,-0.21
7:27:49,-0.96,-0.07,-0.22
7:27:49,-0.95,-0.08,-0.21
7:27:49,-0.96,-0.08,-0.21
7:27:49,-0.96,-0.08,-0.21
7:27:49,-0.96,-0.08,-0.21
7:27:49,-0.96,-0.08,-0.22
7:27:57,0.82,-0.78,-0.16
7:27:57,0.67,-0.79,-0.12
7:27:57,0.45,-0.92,-0.17
7:27:57,0.47,-0.91,-0.17
7:27:57,0.45,-0.90,-0.19
7:27:57,0.46,-0.92,-0.15
7:27:57,0.46,-0.91,-0.17
7:27:58,0.44,-0.92,-0.16
7:27:58,-0.15,-1.01,-0.58
7:27:58,0.58,-0.96,-0.14
7:27:58,0.27,-1.01,-0.22
7:27:58,0.71,-1.02,-0.31
7:27:58,0.33,-0.97,0.12
7:27:58,-0.45,-0.86,-0.04
7:27:58,-0.90,-0.54,0.42
7:27:58,-0.70,-0.68,0.11
7:27:58,-0.84,-0.50,0.17
7:27:59,-0.86,-0.48,0.16
7:27:59,-0.85,-0.53,0.20
7:27:59,-0.94,-0.53,0.18
7:27:59,-0.80,-0.77,0.22
7:28:11,-0.82,-0.38,-0.21
7:28:11,-0.57,-1.11,-0.07
7:28:11,-0.25,-0.86,-0.35
7:28:11,-0.53,-0.96,-0.10
7:28:11,-0.24,-1.01,0.02
7:28:12,-0.33,-0.99,0.19
7:28:12,0.08,-0.76,-0.50
7:28:12,0.44,-0.86,-0.08
7:28:12,0.31,-1.11,-0.20
7:28:12,0.21,-0.95,-0.27
7:28:12,0.20,-0.91,-0.17
7:28:12,0.34,-0.90,-0.00
7:28:12,0.41,-0.95,-0.17
7:28:12,0.05,-0.36,-0.59
7:28:12,-0.00,-0.93,-0.44
7:28:13,0.06,-0.92,-0.46
7:28:13,0.07,-0.92,-0.45
7:28:13,0.07,-0.93,-0.45
7:28:13,0.07,-0.91,-0.44
7:28:13,0.06,-0.92,-0.45
7:28:13,0.06,-0.93,-0.45
7:28:13,0.06,-0.92,-0.43
7:28:13,0.08,-0.93,-0.45
7:28:13,0.07,-0.94,-0.44
7:28:13,0.07,-0.93,-0.45
7:28:14,0.07,-0.93,-0.44
7:28:14,0.06,-0.93,-0.44
7:28:14,0.04,-0.93,-0.44
7:34:54,0.08,-1.01,0.19
7:34:54,0.08,-1.02,0.20
7:34:54,0.06,-0.99,0.21
7:34:54,0.08,-1.00,0.21
7:34:54,0.07,-1.01,0.20
7:34:55,0.09,-1.00,0.21
7:34:55,0.09,-1.00,0.20
7:34:55,0.08,-1.00,0.20
7:34:55,0.08,-1.00,0.21
7:34:55,0.07,-0.99,0.22
7:34:55,0.09,-1.01,0.18
7:34:55,0.09,-1.01,0.18
7:34:55,0.08,-1.00,0.18
7:34:55,0.08,-0.99,0.22
7:34:55,0.09,-1.01,0.21
7:34:56,0.09,-1.02,0.20
7:34:56,0.09,-1.02,0.21
7:34:56,0.08,-1.01,0.20
7:34:56,0.10,-1.00,0.20
7:34:56,0.09,-0.99,0.20
7:50:57,0.05,-1.01,0.17
7:50:57,0.06,-1.02,0.19
7:50:57,0.05,-1.02,0.18
7:50:57,0.06,-1.01,0.19
7:50:57,0.08,-1.01,0.19
7:50:57,0.06,-1.01,0.16
7:50:57,0.06,-1.01,0.19
7:50:58,0.06,-1.02,0.18
7:50:58,0.07,-1.01,0.18
7:50:58,0.07,-1.01,0.18
7:50:58,0.07,-1.01,0.19
7:50:58,0.07,-1.01,0.19
7:50:58,0.08,-1.01,0.19
7:50:58,0.06,-1.01,0.18
7:50:58,0.07,-1.02,0.18
7:50:58,0.08,-1.01,0.18
7:50:58,0.08,-1.01,0.19
7:50:59,0.09,-1.00,0.18
7:50:59,0.08,-1.00,0.18
7:50:59,0.10,-1.01,0.18
8:3:18,0.49,-0.90,0.02
8:3:18,0.49,-0.91,0.02
8:3:18,0.50,-0.91,0.03
8:3:18,0.49,-0.90,0.03
8:3:18,0.50,-0.92,0.03
8:3:18,0.49,-0.93,0.03
8:3:18,0.49,-0.90,0.03
8:3:19,0.49,-0.91,0.02
8:3:19,0.49,-0.91,0.04
8:3:19,0.49,-0.90,0.02
8:3:19,0.49,-0.93,0.04
8:3:19,0.50,-0.91,0.03
8:3:19,0.48,-0.90,0.03
8:3:19,0.48,-0.91,0.01
8:3:19,0.50,-0.91,0.02
8:3:19,0.51,-0.92,0.00
8:3:19,0.49,-0.91,0.03
8:3:20,0.49,-0.91,0.02
8:3:20,0.49,-0.91,0.02
8:3:20,0.48,-0.91,0.01
8:4:3,-0.22,-0.97,0.15
8:4:3,-0.21,-1.01,0.17
8:4:3,-0.21,-1.00,0.15
8:4:3,-0.22,-1.00,0.16
8:4:3,-0.21,-0.99,0.15
8:4:3,-0.22,-1.00,0.15
8:4:3,-0.22,-0.99,0.15
8:4:3,-0.23,-0.99,0.15
8:4:3,-0.23,-0.99,0.17
8:4:3,-0.23,-0.97,0.17
8:4:4,-0.24,-0.99,0.17
8:4:4,-0.23,-0.99,0.15
8:4:4,-0.24,-0.99,0.18
8:4:4,-0.29,-0.97,0.15
8:4:4,-0.28,-0.98,0.14
8:4:4,-0.27,-0.98,0.15
8:4:4,-0.29,-0.98,0.15
8:4:4,-0.29,-0.97,0.13
8:4:4,-0.28,-0.98,0.15
8:4:11,-0.36,-0.91,-0.32
8:4:11,-0.37,-0.91,-0.24
8:4:11,-0.36,-0.89,-0.30
8:4:11,-0.36,-0.92,-0.28
8:4:11,-0.38,-0.90,-0.24
8:4:11,-0.41,-0.92,-0.37
8:4:11,-0.41,-0.89,-0.33
8:4:11,-0.36,-0.87,-0.36
8:4:12,-0.40,-0.86,-0.36
8:4:12,-0.36,-0.89,-0.35
8:4:12,-0.34,-0.88,-0.38
8:4:12,-0.35,-0.91,-0.34
8:4:12,-0.35,-0.89,-0.35
8:4:12,-0.32,-0.85,-0.34
8:4:12,-0.34,-0.90,-0.32
8:4:12,-0.36,-0.90,-0.33
8:4:12,-0.36,-0.90,-0.35
8:4:12,-0.34,-0.89,-0.34
8:4:13,-0.35,-0.92,-0.33
8:4:13,-0.36,-0.90,-0.34
8:4:18,-0.92,-0.48,-0.25
8:4:18,-0.77,-0.52,-0.23
8:4:19,-0.94,-0.64,-0.19
8:4:19,-0.95,-0.40,-0.18
8:4:19,-0.88,-0.44,-0.20
8:4:19,-0.88,-0.41,-0.21
8:4:19,-0.88,-0.45,-0.19
8:4:19,-0.88,-0.46,-0.18
8:4:19,-0.87,-0.47,-0.20
8:4:19,-0.87,-0.42,-0.26
8:4:19,-0.87,-0.44,-0.20
8:4:19,-0.88,-0.44,-0.19
8:4:20,-0.87,-0.45,-0.19
8:4:20,-0.89,-0.45,-0.19
8:4:20,-0.88,-0.46,-0.19
8:4:20,-0.83,-0.56,-0.21
8:4:20,-0.83,-0.55,-0.17
8:4:20,-0.82,-0.53,-0.17
8:4:20,-0.81,-0.55,-0.15
8:4:20,-0.81,-0.54,-0.16
9:0:28,-0.75,0.61,0.18
9:0:28,-0.75,0.72,0.19
9:0:28,-0.64,0.78,0.07
9:0:28,-0.59,0.78,0.09
9:0:28,-0.59,0.77,0.08
9:0:28,-0.54,0.80,0.07
9:0:28,-0.55,0.80,0.06
9:0:28,-0.79,0.64,0.05
9:0:28,-0.61,0.92,0.02
9:0:28,-0.38,0.93,0.09
9:0:29,-0.48,0.61,0.11
9:0:29,-0.87,0.52,0.18
9:0:29,-0.78,0.53,0.14
9:0:29,-0.70,0.66,0.13
9:0:29,-0.67,0.74,0.14
9:0:29,-0.68,0.69,0.09
9:0:29,-0.65,0.73,0.15
9:0:29,-0.82,0.55,0.14
9:0:29,-0.98,0.30,0.45
9:1:5,-0.91,0.17,0.38
9:1:5,-0.90,0.16,0.35
9:1:5,-0.94,0.17,0.33
9:1:5,-0.91,0.20,0.32
9:1:5,-0.92,0.14,0.37
9:1:5,-0.88,0.15,0.37
9:1:5,-0.89,0.17,0.38
9:1:5,-0.90,0.22,0.36
9:1:5,-0.88,0.22,0.37
9:1:6,-0.92,0.19,0.39
9:1:6,-0.93,0.09,0.33
9:1:6,-0.92,0.08,0.34
9:1:6,-0.90,0.07,0.35
9:1:6,-0.90,0.10,0.35
9:1:6,-0.88,0.17,0.35
9:1:6,-0.90,0.17,0.38
9:1:6,-0.90,0.18,0.36
9:1:6,-0.98,0.10,0.38
9:1:6,-0.93,0.06,0.38
10:13:48,0.51,-0.76,0.03
10:13:48,0.58,-0.80,0.02
10:13:49,0.54,-0.90,0.02
10:13:49,0.54,-0.88,0.07
10:13:49,0.55,-0.87,0.05
10:13:49,0.55,-0.87,0.05
10:13:49,0.54,-0.87,0.05
10:13:49,0.54,-0.88,0.04
10:13:49,0.53,-0.87,0.05
10:13:49,0.54,-0.88,0.05
10:13:49,0.55,-0.89,0.04
10:13:49,0.55,-0.87,0.06
10:13:50,0.56,-0.88,0.05
10:13:50,0.55,-0.88,0.06
10:13:50,0.54,-0.88,0.05
10:13:50,0.55,-0.87,0.04
10:13:50,0.54,-0.87,0.05
10:13:50,0.54,-0.88,0.06
10:13:50,0.54,-0.89,0.06
10:14:51,0.83,-0.54,-0.35
10:14:51,0.80,-0.07,-0.12
10:14:51,0.74,-0.51,-0.38
10:14:51,0.71,-0.63,-0.37
10:14:52,0.85,-0.45,-0.40
10:14:52,0.74,-0.57,-0.40
10:14:52,0.74,-0.59,-0.43
10:14:52,0.74,-0.57,-0.42
10:14:52,0.74,-0.58,-0.41
10:14:52,0.74,-0.58,-0.41
10:14:52,0.73,-0.59,-0.43
10:14:52,0.74,-0.58,-0.42
10:14:52,0.74,-0.59,-0.42
10:14:52,0.73,-0.60,-0.41
10:14:53,0.74,-0.59,-0.41
10:14:53,0.73,-0.59,-0.41
10:14:53,0.73,-0.59,-0.41
10:14:53,0.72,-0.60,-0.42
10:14:53,0.73,-0.59,-0.40
10:16:51,0.74,-0.71,-0.10
10:16:52,0.74,-0.69,-0.10
10:16:52,0.74,-0.71,-0.08
10:16:52,0.73,-0.72,-0.09
10:16:52,0.71,-0.71,-0.07
10:16:52,0.73,-0.70,-0.09
10:16:52,0.74,-0.71,-0.07
10:16:52,0.72,-0.70,-0.08
10:16:52,0.73,-0.74,-0.09
10:16:52,0.73,-0.70,-0.10
10:16:52,0.73,-0.78,-0.02
10:16:53,0.65,-0.79,0.02
10:16:53,0.69,-0.78,-0.07
10:16:53,0.67,-0.78,-0.11
10:16:53,0.67,-0.77,-0.09
10:16:53,0.67,-0.78,-0.09
10:16:53,0.66,-0.77,-0.10
10:16:53,0.68,-0.77,-0.10
10:16:53,0.68,-0.77,-0.10
10:17:4,0.74,-0.71,0.03
10:17:4,0.85,-0.75,-0.06
10:17:4,0.82,-0.77,0.11
10:17:5,0.72,-0.68,0.08
10:17:5,0.70,-0.78,0.11
10:17:5,0.71,-0.73,0.07
10:17:5,0.72,-0.74,0.08
10:17:5,0.71,-0.73,0.09
10:17:5,0.72,-0.73,0.08
10:17:5,0.72,-0.73,0.09
10:17:5,0.71,-0.73,0.08
10:17:5,0.71,-0.73,0.08
10:17:5,0.72,-0.74,0.09
10:17:6,0.71,-0.74,0.08
10:17:6,0.72,-0.74,0.08
10:17:6,0.71,-0.75,0.09
10:17:6,0.71,-0.74,0.08
10:17:6,0.71,-0.74,0.07
10:17:6,0.71,-0.75,0.09
10:21:7,0.93,0.17,-0.36
10:21:7,0.94,0.16,-0.36
10:21:8,0.92,0.17,-0.36
10:21:8,0.93,0.17,-0.37
10:21:8,0.92,0.18,-0.34
10:21:8,0.93,0.17,-0.35
10:21:8,0.93,0.17,-0.35
10:21:8,0.93,0.17,-0.37
10:21:8,0.93,0.16,-0.35
10:21:8,0.91,0.17,-0.36
10:21:8,0.93,0.17,-0.34
10:21:8,0.92,0.16,-0.35
10:21:9,0.93,0.17,-0.35
10:21:9,0.93,0.17,-0.36
10:21:9,0.93,0.16,-0.36
10:21:9,0.92,0.17,-0.35
10:21:9,0.93,0.16,-0.36
10:21:9,0.93,0.17,-0.35
10:21:9,0.94,0.16,-0.36
10:21:34,-0.45,-0.84,-0.51
10:21:34,-0.38,-0.77,-0.51
10:21:34,-0.35,-0.75,-0.53
10:21:34,-0.36,-0.76,-0.51
10:21:34,-0.39,-0.78,-0.52
10:21:34,-0.40,-0.77,-0.49
10:21:34,-0.39,-0.79,-0.47
10:21:34,-0.37,-0.81,-0.49
10:21:35,-0.36,-0.80,-0.53
10:21:35,-0.53,-0.85,-0.50
10:21:35,-0.19,-1.01,-0.43
10:21:35,-0.22,-0.95,-0.35
10:21:35,-1.31,-1.28,-0.14
10:21:35,-1.92,0.52,-0.05
10:21:35,-0.64,0.61,-0.17
10:21:35,-0.67,0.65,-0.12
10:21:35,-0.69,0.74,-0.16
10:21:35,-0.74,0.60,-0.06
10:21:36,-0.69,0.67,-0.14
10:21:36,-0.60,0.81,-0.19
10:21:36,-0.70,0.72,-0.04
10:21:36,-0.79,0.65,-0.10
10:21:36,-0.80,0.60,-0.08
10:21:36,-0.77,0.59,-0.10
10:21:36,-0.84,0.57,-0.12
10:21:36,-0.80,0.54,-0.13
10:21:36,-0.79,0.57,-0.10
10:21:36,-0.79,0.57,-0.09
10:21:37,-0.79,0.53,-0.10
10:21:37,-0.78,0.57,-0.08
10:21:37,-0.75,0.56,-0.10
10:21:41,-0.96,-0.31,-0.00
10:21:41,-0.96,-0.39,0.15
10:21:41,-0.96,-0.13,-0.18
10:21:41,-0.94,-0.14,-0.13
10:21:41,-0.96,-0.11,-0.15
10:21:41,-0.97,-0.11,-0.16
10:21:41,-0.97,-0.01,-0.13
10:21:41,-0.94,-0.07,-0.20
10:21:41,-0.89,-0.04,-0.26
10:21:41,-0.97,-0.00,-0.09
10:21:42,-0.97,-0.20,-0.19
10:21:42,-0.93,-0.25,-0.25
10:21:42,-0.96,-0.20,-0.29
10:21:42,-0.94,-0.33,-0.31
10:21:42,-0.96,-0.14,-0.32
10:21:42,-0.92,-0.07,-0.43
10:21:42,-0.94,0.00,-0.40
10:21:42,-1.01,0.01,-0.35
10:21:42,-1.14,0.13,-0.56
10:21:44,-0.69,-0.74,0.02
10:21:44,-0.79,-0.77,0.08
10:21:44,-0.29,-1.26,0.30
10:21:45,-0.97,-0.53,-0.01
10:21:45,-0.81,-0.69,-0.12
10:21:45,-0.81,-0.76,-0.09
10:21:45,-0.92,-0.24,-0.08
10:21:45,-0.80,-0.62,-0.21
10:21:45,-0.88,-0.55,-0.11
10:21:45,-0.87,-0.53,-0.12
10:21:45,-0.86,-0.50,-0.11
10:21:45,-0.92,-0.44,-0.18
10:21:45,-0.90,-0.47,-0.22
10:21:46,-0.89,-0.27,-0.29
10:21:46,-0.94,-0.31,-0.30
10:21:46,-0.89,-0.27,-0.31
10:21:46,-0.86,-0.45,-0.30
10:21:46,-0.91,-0.40,-0.27
10:21:46,-0.94,-0.41,-0.19
10:22:10,-0.42,0.99,-0.17
10:22:10,-0.44,0.86,-0.11
10:22:10,-0.42,0.86,-0.13
10:22:10,-0.48,0.84,-0.12
10:22:10,-0.37,0.89,-0.16
10:22:11,-0.39,0.88,-0.15
10:22:11,-0.41,0.87,-0.13
10:22:11,-0.41,0.88,-0.15
10:22:11,-0.43,0.86,-0.16
10:22:11,-0.38,0.88,-0.13
10:22:11,-0.42,0.87,-0.17
10:22:11,-0.41,0.87,-0.18
10:22:11,-0.41,0.86,-0.17
10:22:11,-0.42,0.88,-0.17
10:22:11,-0.41,0.88,-0.16
10:22:12,-0.36,0.88,-0.19
10:22:12,-0.37,0.85,-0.15
10:22:12,-0.29,0.92,-0.16
10:22:12,-0.32,0.94,-0.18
10:22:12,-0.18,0.95,-0.15
10:22:15,-0.09,0.96,-0.24
10:22:15,-0.05,0.97,-0.20
10:22:15,-0.06,0.95,-0.19
10:22:15,-0.07,0.99,-0.19
10:22:15,-0.08,0.98,-0.16
10:22:15,-0.09,0.94,-0.16
10:22:16,-0.12,0.93,-0.16
10:22:16,-0.13,0.94,-0.23
10:22:16,-0.15,0.93,-0.20
10:22:16,-0.19,0.93,-0.21
10:22:16,-0.17,0.94,-0.25
10:22:16,-0.19,0.94,-0.20
10:22:16,-0.20,0.96,-0.27
10:22:16,-0.25,0.94,-0.22
10:22:16,-0.24,0.92,-0.20
10:22:16,-0.28,0.91,-0.23
10:22:17,-0.28,0.90,-0.22
10:22:17,-0.27,0.92,-0.21
10:22:17,-0.28,0.91,-0.21
10:22:19,-0.23,0.84,-0.61
10:22:19,-0.57,0.86,-0.66
10:22:19,-0.40,0.68,-0.57
10:22:19,-0.49,0.70,-0.51
10:22:19,-0.42,0.71,-0.50
10:22:19,-0.44,0.70,-0.49
10:22:20,-0.42,0.63,-0.47
10:22:20,-0.59,0.67,-0.35
10:22:20,-0.65,0.67,-0.31
10:22:20,-0.63,0.65,-0.36
10:22:20,-0.70,0.67,-0.22
10:22:20,-0.73,0.64,-0.22
10:22:20,-0.70,0.62,-0.26
10:22:20,-0.74,0.59,-0.23
10:22:20,-0.75,0.61,-0.21
10:22:20,-0.92,0.45,-0.05
10:22:21,-0.87,1.49,-0.29
10:22:21,-0.64,0.40,-0.44
10:22:21,-0.71,0.55,-0.26
10:22:24,-0.24,0.91,0.16
10:22:24,-0.03,0.91,0.21
10:22:24,-0.08,0.96,0.18
10:22:24,-0.13,0.95,0.14
10:22:25,-0.27,0.94,0.14
10:22:25,-0.27,0.93,0.11
10:22:25,-0.29,0.94,0.11
10:22:25,-0.24,0.93,0.08
10:22:25,-0.24,0.97,0.09
10:22:25,-0.23,0.89,0.06
10:22:25,-0.09,1.08,-0.06
10:22:25,-0.31,0.87,-0.06
10:22:25,-0.34,0.93,-0.08
10:22:25,-0.37,0.91,-0.04
10:22:26,-0.39,0.91,-0.03
10:22:26,-0.29,0.93,-0.05
10:22:26,-0.30,0.92,-0.05
10:22:26,-0.21,0.96,-0.00
10:22:26,-0.27,0.95,-0.01
10:22:50,-0.53,0.76,-0.20
10:22:50,-0.54,0.79,-0.16
10:22:50,-0.64,0.71,-0.17
10:22:50,-0.55,0.70,-0.23
10:22:51,-0.53,0.78,-0.18
10:22:51,-0.51,0.71,-0.12
10:22:51,-0.56,0.77,-0.16
10:22:51,-0.55,0.80,-0.16
10:22:51,-0.55,0.79,-0.16
10:22:51,-0.56,0.78,-0.17
10:22:51,-0.58,0.77,-0.17
10:22:51,-0.59,0.77,-0.16
10:22:51,-0.64,0.75,-0.19
10:22:51,-0.78,0.79,-0.18
10:22:52,-0.66,0.64,-0.17
10:22:52,-0.63,0.71,-0.24
10:22:52,-0.58,0.77,-0.18
10:22:52,-0.72,1.00,0.07
10:22:52,-0.45,0.85,0.01
10:22:56,-0.97,-0.24,-0.09
10:22:56,-0.97,-0.22,-0.09
10:22:57,-0.97,-0.24,-0.09
10:22:57,-0.97,-0.24,-0.08
10:22:57,-0.96,-0.21,-0.11
10:22:57,-0.84,-0.32,-0.14
10:22:57,-0.85,-0.37,-0.07
10:22:57,-0.82,-0.58,0.13
10:22:57,-0.96,-0.36,0.08
10:22:57,-0.95,-0.31,0.04
10:22:57,-0.96,-0.29,0.03
10:22:57,-0.96,-0.30,0.03
10:22:58,-0.96,-0.20,-0.01
10:22:58,-1.01,-0.17,-0.06
10:22:58,-0.99,-0.08,-0.11
10:22:58,-0.98,-0.19,-0.05
10:22:58,-0.99,-0.20,-0.04
10:22:58,-0.98,-0.15,-0.06
10:22:58,-1.14,-0.23,-0.02
10:22:58,-0.97,-0.22,-0.07
10:22:58,-0.98,-0.21,-0.07
10:22:58,-0.89,-0.07,-0.08
10:22:59,-0.98,-0.17,-0.02
10:22:59,-0.97,-0.19,-0.05
10:22:59,-0.99,-0.18,-0.07
10:22:59,-0.98,-0.18,-0.07
10:22:59,-1.04,-0.13,-0.06
10:23:3,-1.03,-0.10,-0.09
10:23:3,-0.96,-0.20,-0.26
10:23:3,-0.96,-0.11,-0.14
10:23:3,-1.00,-0.13,-0.14
10:23:3,-0.98,-0.12,-0.20
10:23:3,-0.99,-0.09,-0.15
10:23:3,-0.97,-0.11,-0.17
10:23:3,-0.97,-0.09,-0.16
10:23:3,-1.05,-0.01,-0.10
10:23:3,-0.95,-0.06,-0.17
10:23:4,-1.00,0.18,-0.28
10:23:4,-0.81,0.16,-0.23
10:23:4,-0.80,0.35,-0.24
10:23:4,-0.87,0.33,-0.25
10:23:4,-0.92,0.33,-0.17
10:23:4,-0.91,0.31,-0.22
10:23:4,-0.98,0.31,-0.22
10:23:4,-0.96,0.34,-0.33
10:23:4,-0.63,0.46,-0.25
10:23:4,-0.83,0.50,-0.12
10:23:11,-0.19,0.94,0.12
10:23:11,-0.19,0.96,0.07
10:23:11,-0.19,0.92,0.09
10:23:11,-0.14,0.93,0.00
10:23:11,-0.19,0.95,0.04
10:23:11,-0.22,0.96,0.05
10:23:11,-0.12,0.97,0.07
10:23:11,-0.44,0.80,-0.03
10:23:12,-0.78,0.69,0.06
10:23:12,-0.71,0.65,-0.02
10:23:12,-0.83,0.63,0.04
10:23:12,-0.80,0.58,0.03
10:23:12,-0.83,0.53,0.01
10:23:12,-0.81,0.56,0.02
10:23:12,-0.80,0.54,0.01
10:23:12,-0.77,0.54,-0.01
10:23:12,-0.87,0.65,0.16
10:23:12,-0.92,0.60,0.01
10:23:13,-0.85,0.40,-0.10
10:23:13,-0.98,0.47,-0.07
10:23:13,-0.87,0.47,-0.10
10:23:13,-0.89,0.42,-0.08
10:23:13,-0.90,0.44,-0.11
10:23:13,-0.87,0.39,-0.10
10:23:13,-0.88,0.41,-0.08
10:23:13,-0.85,0.40,-0.09
10:23:13,-0.89,0.43,-0.06
10:23:13,-0.90,0.48,-0.03
10:23:14,-0.88,0.41,-0.04
10:23:14,-0.88,0.44,-0.07
10:23:14,-0.86,0.43,-0.09
10:23:14,-0.87,0.48,-0.09
10:23:14,-0.89,0.46,-0.08
10:23:14,-0.86,0.45,-0.09
10:23:14,-0.88,0.48,-0.12
10:23:14,-0.87,0.41,-0.08
10:23:14,-0.85,0.44,-0.14
10:23:14,-0.84,0.42,-0.11
10:23:15,-0.89,0.47,-0.15
10:23:15,-0.86,0.47,-0.18
10:24:7,-0.66,0.61,-0.44
10:24:7,-0.67,0.58,-0.34
10:24:8,-0.68,0.60,-0.37
10:24:8,-0.69,0.61,-0.37
10:24:8,-0.68,0.59,-0.37
10:24:8,-0.64,0.62,-0.40
10:24:8,-0.66,0.61,-0.39
10:24:8,-0.64,0.62,-0.37
10:24:8,-0.63,0.62,-0.38
10:24:8,-0.65,0.56,-0.36
10:24:8,-0.60,0.65,-0.42
10:24:8,-0.62,0.68,-0.40
10:24:9,-0.52,0.73,-0.35
10:24:9,-0.50,0.74,-0.36
10:24:9,-0.51,0.75,-0.37
10:24:9,-0.50,0.75,-0.35
10:24:9,-0.50,0.73,-0.27
10:24:9,-0.48,0.76,-0.36
10:24:9,-0.48,0.76,-0.35
10:54:4,-0.93,0.15,-0.26
10:54:5,-0.93,0.15,-0.25
10:54:5,-0.92,0.16,-0.25
10:54:5,-0.93,0.15,-0.24
10:54:5,-0.93,0.15,-0.25
10:54:5,-0.93,0.16,-0.23
10:54:5,-0.93,0.14,-0.23
10:54:5,-0.93,0.15,-0.24
10:54:5,-0.94,0.17,-0.25
10:54:5,-0.93,0.15,-0.26
10:54:5,-0.96,0.16,-0.23
10:54:6,-0.92,0.16,-0.26
10:54:6,-0.93,0.14,-0.27
10:54:6,-0.93,0.15,-0.25
10:54:6,-0.92,0.15,-0.32
10:54:6,-0.91,0.25,-0.26
10:54:6,-0.92,0.16,-0.29
10:54:6,-0.93,0.16,-0.27
10:54:6,-0.95,0.11,-0.28
10:54:6,-0.93,0.10,-0.27
11:31:34,-0.85,-0.52,-0.17
11:31:34,-0.86,-0.54,-0.15
11:31:34,-0.83,-0.53,-0.15
11:31:34,-0.84,-0.54,-0.16
11:31:34,-0.84,-0.52,-0.17
11:31:34,-0.83,-0.52,-0.18
11:31:35,-0.83,-0.53,-0.15
11:31:35,-0.82,-0.53,-0.18
11:31:35,-0.83,-0.52,-0.17
11:31:35,-0.83,-0.52,-0.17
11:31:35,-0.83,-0.52,-0.16
11:31:35,-0.83,-0.52,-0.16
11:31:35,-0.84,-0.53,-0.16
11:31:35,-0.84,-0.53,-0.15
11:31:35,-0.85,-0.52,-0.15
11:31:35,-0.85,-0.54,-0.15
11:31:36,-0.81,-0.54,-0.20
11:31:36,-0.86,-0.56,-0.15
11:31:36,-0.81,-0.55,-0.18
11:31:38,-0.64,-0.79,-0.11
11:31:39,-0.64,-0.79,-0.13
11:31:39,-0.64,-0.79,-0.13
11:31:39,-0.62,-0.80,-0.13
11:31:39,-0.61,-0.80,-0.12
11:31:39,-0.64,-0.78,-0.15
11:31:39,-0.62,-0.78,-0.14
11:31:39,-0.61,-0.80,-0.14
11:31:39,-0.63,-0.79,-0.11
11:31:39,-0.60,-0.79,-0.12
11:31:39,-0.61,-0.82,-0.10
11:31:40,-0.59,-0.84,-0.10
11:31:40,-0.62,-0.83,-0.10
11:31:40,-0.60,-0.79,-0.14
11:31:40,-0.64,-0.82,-0.11
11:31:40,-0.61,-0.80,-0.14
11:31:40,-0.61,-0.79,-0.11
11:31:40,-0.60,-0.81,-0.12
11:31:40,-0.58,-0.83,-0.10
11:31:40,-0.63,-0.77,-0.14
11:31:42,-0.23,-0.89,-0.21
11:31:42,-0.06,-1.02,-0.15
11:31:42,-0.44,-1.63,-0.51
11:31:42,-0.23,-0.97,-0.14
11:31:42,-0.16,-0.07,-0.42
11:31:42,0.18,-1.04,0.10
11:31:42,0.10,-1.03,0.05
11:31:42,0.12,-1.02,0.05
11:31:42,0.16,-1.03,0.08
11:31:43,0.12,-1.03,0.06
11:31:43,0.14,-1.15,0.12
11:31:43,0.23,-1.00,0.10
11:31:43,0.11,-1.02,0.04
11:31:43,0.17,-1.02,0.07
11:31:43,0.17,-1.02,0.07
11:31:43,0.16,-1.02,0.06
11:31:43,0.15,-1.03,0.06
11:31:43,0.16,-1.02,0.06
11:31:43,0.17,-1.02,0.05
11:31:44,0.16,-1.02,0.05
11:31:44,0.17,-1.01,0.06
11:31:44,0.19,-1.02,0.07
11:31:44,0.17,-1.02,0.06
11:31:44,0.17,-1.02,0.06
11:31:44,0.17,-1.02,0.06
11:31:44,0.17,-1.04,0.07
11:31:56,0.33,0.81,-0.43
11:31:56,0.33,0.82,-0.42
11:31:56,0.36,0.83,-0.44
11:31:56,0.34,0.80,-0.43
11:31:57,0.36,0.81,-0.42
11:31:57,0.35,0.80,-0.46
11:31:57,0.41,0.80,-0.46
11:31:57,0.36,0.83,-0.46
11:31:57,0.36,0.81,-0.42
11:31:57,0.39,0.84,-0.35
11:31:57,0.36,0.87,-0.27
11:31:57,0.29,0.88,-0.25
11:31:57,0.25,0.91,-0.28
11:31:57,0.28,0.88,-0.25
11:31:58,0.37,0.85,-0.21
11:31:58,0.16,1.02,-0.01
11:31:58,0.31,0.94,-0.09
11:31:58,0.27,0.94,-0.06
11:31:58,0.35,0.91,-0.04
11:31:59,0.16,0.96,0.15
11:31:59,0.14,0.96,0.15
11:32:0,0.13,0.96,0.14
11:32:0,0.13,0.96,0.15
11:32:0,0.13,0.96,0.13
11:32:0,0.13,0.96,0.14
11:32:0,0.19,0.97,0.14
11:32:0,0.18,0.98,0.20
11:32:0,0.18,0.96,0.14
11:32:0,0.21,0.96,0.13
11:32:0,0.15,0.95,0.13
11:32:0,0.13,0.95,0.12
11:32:1,0.12,0.95,0.11
11:32:1,0.11,0.96,0.14
11:32:1,0.11,0.93,0.13
11:32:1,0.09,0.96,0.13
11:32:1,0.10,0.96,0.14
11:32:1,0.09,0.96,0.12
11:32:1,0.09,0.95,0.13
11:32:7,-0.95,0.11,-0.29
11:32:7,-0.93,0.27,-0.25
11:32:7,-0.94,0.06,-0.29
11:32:7,-0.93,0.07,-0.29
11:32:7,-0.96,0.09,-0.27
11:32:7,-0.93,0.07,-0.25
11:32:7,-0.94,0.15,-0.21
11:32:7,-0.89,0.24,-0.28
11:32:8,-0.90,0.28,-0.26
11:32:8,-0.87,0.42,-0.36
11:32:8,-0.80,0.51,-0.24
11:32:8,-0.75,0.53,-0.25
11:32:8,-0.60,0.75,-0.17
11:32:8,-0.71,0.59,-0.24
11:32:8,-0.64,0.70,-0.20
11:32:8,-0.68,0.65,-0.21
11:32:8,-0.69,0.63,-0.22
11:32:8,-0.69,0.65,-0.22
11:32:9,-0.68,0.65,-0.20
11:32:9,-0.67,0.66,-0.21
11:32:9,-0.67,0.66,-0.21
11:32:9,-0.68,0.65,-0.22
11:32:9,-0.67,0.66,-0.21
11:32:9,-0.68,0.65,-0.21
11:32:9,-0.68,0.65,-0.23
11:32:9,-0.67,0.65,-0.22
11:32:9,-0.66,0.66,-0.22
11:32:9,-0.67,0.67,-0.20
11:32:10,-0.66,0.67,-0.20
11:32:10,-0.65,0.71,-0.25
11:32:10,-0.62,0.73,-0.25
11:32:10,-0.58,0.72,-0.22
11:32:10,-0.62,0.73,-0.19
11:32:18,0.72,0.69,-0.00
11:32:18,0.72,0.68,-0.01
11:32:18,0.71,0.68,-0.01
11:32:18,0.66,0.72,0.03
11:32:18,0.67,0.72,0.04
11:32:18,0.69,0.72,0.03
11:32:18,0.69,0.72,-0.01
11:32:18,0.71,0.71,-0.02
11:32:18,0.71,0.72,-0.05
11:32:18,0.63,0.73,-0.01
11:32:19,0.56,0.75,0.00
11:32:19,0.68,0.69,-0.06
11:32:19,0.67,0.72,-0.04
11:32:19,0.66,0.74,-0.02
11:32:19,0.64,0.74,-0.02
11:32:19,0.71,0.73,-0.00
11:32:19,0.66,0.74,-0.01
11:32:19,0.68,0.73,-0.02
11:32:19,0.66,0.73,-0.01
11:33:39,-0.07,0.93,-0.33
11:33:39,-0.11,0.90,-0.33
11:33:39,-0.10,0.91,-0.32
11:33:39,-0.10,0.89,-0.34
11:33:39,-0.16,0.90,-0.31
11:33:39,-0.12,0.91,-0.31
11:33:39,-0.11,0.90,-0.32
11:33:39,-0.12,0.90,-0.32
11:33:39,-0.13,0.91,-0.31
11:33:39,-0.13,0.90,-0.32
11:33:40,-0.13,0.91,-0.33
11:33:40,-0.13,0.90,-0.32
11:33:40,-0.13,0.90,-0.30
11:33:40,-0.13,0.90,-0.32
11:33:40,-0.13,0.90,-0.33
11:33:40,-0.14,0.89,-0.33
11:33:40,-0.13,0.91,-0.32
11:33:40,-0.14,0.90,-0.31
11:33:40,-0.11,0.92,-0.32
11:33:40,-0.11,0.90,-0.32
11:36:57,0.33,0.83,-0.35
11:36:57,0.40,0.79,-0.43
11:36:57,0.31,0.81,-0.38
11:36:58,0.36,0.75,-0.44
11:36:58,0.39,0.81,-0.54
11:36:58,0.28,0.81,-0.52
11:36:58,0.12,0.72,-0.61
11:36:58,0.17,0.69,-0.64
11:36:58,0.15,0.70,-0.67
11:36:58,0.17,0.70,-0.64
11:36:58,0.15,0.69,-0.65
11:36:58,0.15,0.74,-0.65
11:36:58,0.13,0.70,-0.65
11:36:59,0.17,0.68,-0.67
11:36:59,0.20,0.69,-0.67
11:36:59,0.05,0.71,-0.68
11:36:59,0.08,0.70,-0.68
11:36:59,0.05,0.71,-0.62
11:36:59,0.04,0.69,-0.70
11:36:59,0.02,0.71,-0.70
11:37:1,-0.66,0.47,-0.49
11:37:1,-0.66,0.52,-0.49
11:37:1,-0.67,0.47,-0.51
11:37:2,-0.66,0.48,-0.50
11:37:2,-0.67,0.51,-0.48
11:37:2,-0.65,0.49,-0.50
11:37:2,-0.67,0.50,-0.48
11:37:2,-0.66,0.48,-0.48
11:37:2,-0.67,0.50,-0.50
11:37:2,-0.66,0.47,-0.50
11:37:2,-0.68,0.51,-0.51
11:37:2,-0.66,0.49,-0.50
11:37:2,-0.67,0.50,-0.49
11:37:3,-0.67,0.49,-0.48
11:37:3,-0.65,0.51,-0.45
11:37:3,-0.68,0.50,-0.50
11:37:3,-0.67,0.48,-0.52
11:37:3,-0.68,0.49,-0.49
11:37:3,-0.68,0.50,-0.52
11:37:3,-0.67,0.53,-0.48
11:38:41,-0.93,-0.06,0.38
11:38:41,-0.90,0.02,0.30
11:38:42,-0.92,-0.06,0.14
11:38:42,-1.02,0.10,0.21
11:38:42,-0.84,0.20,0.08
11:38:42,-0.95,0.13,0.09
11:38:42,-0.88,-0.25,0.19
11:38:42,-0.98,-0.32,0.16
11:38:42,-0.97,-0.10,0.12
11:38:42,-0.98,-0.08,0.12
11:38:42,-0.97,-0.22,0.14
11:38:42,-0.96,-0.21,0.14
11:38:43,-0.97,-0.13,0.15
11:38:43,-0.96,-0.21,0.13
11:38:43,-0.97,-0.15,0.13
11:38:43,-0.96,-0.16,0.13
11:38:43,-0.97,-0.17,0.13
11:38:43,-0.97,-0.18,0.13
11:38:43,-0.96,-0.17,0.13
11:38:43,-0.98,-0.17,0.13
11:38:53,-0.95,-0.01,-0.13
11:38:53,-0.97,-0.04,-0.14
11:38:53,-0.98,-0.02,-0.13
11:38:53,-0.99,-0.03,-0.11
11:38:54,-0.97,-0.02,-0.13
11:38:54,-0.97,-0.03,-0.11
11:38:54,-0.97,-0.04,-0.14
11:38:54,-0.98,-0.04,-0.13
11:38:54,-0.98,-0.03,-0.11
11:38:54,-0.98,-0.03,-0.11
11:38:54,-0.98,-0.03,-0.14
11:38:54,-0.98,-0.03,-0.12
11:38:54,-0.98,-0.03,-0.12
11:38:54,-0.98,-0.03,-0.13
11:38:55,-0.98,-0.03,-0.12
11:38:55,-0.97,-0.04,-0.12
11:38:55,-0.97,-0.03,-0.11
11:38:55,-0.99,-0.03,-0.12
11:38:55,-0.98,-0.03,-0.12
11:38:55,-0.98,-0.03,-0.12
11:39:13,-0.88,0.20,-0.18
11:39:13,-1.08,-0.15,-0.08
11:39:14,-0.92,0.29,-0.16
11:39:14,-1.06,0.06,-0.11
11:39:14,-0.98,0.37,-0.30
11:39:14,-1.07,0.39,-0.25
11:39:14,-1.03,0.30,-0.09
11:39:14,-0.96,0.21,-0.16
11:39:14,-0.97,0.05,-0.23
11:39:14,-0.97,0.01,-0.13
11:39:14,-0.97,0.00,-0.14
11:39:14,-0.97,0.00,-0.15
11:39:15,-0.91,0.01,-0.20
11:39:15,-1.13,0.25,-0.63
11:39:15,-0.80,-0.24,0.13
11:39:15,-0.96,0.03,-0.07
11:39:15,-1.00,-0.04,-0.03
11:39:15,-0.97,0.01,-0.08
11:39:15,-0.98,0.04,-0.09
11:39:15,-0.98,0.05,-0.08
11:39:26,-0.99,0.14,0.23
11:39:27,-1.13,0.08,0.29
11:39:27,-0.96,0.06,0.24
11:39:27,-0.96,0.03,0.23
11:39:27,-0.97,0.04,0.24
11:39:27,-0.97,0.05,0.22
11:39:27,-0.96,0.04,0.22
11:39:27,-0.96,0.04,0.23
11:39:27,-0.95,0.04,0.22
11:39:27,-0.96,0.04,0.23
11:39:27,-0.95,0.05,0.24
11:39:28,-0.96,0.06,0.22
11:39:28,-0.96,0.05,0.22
11:39:28,-0.97,0.05,0.22
11:39:28,-0.96,0.05,0.22
11:39:28,-0.95,0.11,0.21
11:39:28,-0.96,0.10,0.21
11:39:28,-0.96,0.10,0.22
11:39:28,-0.96,0.07,0.20
11:39:54,-0.90,0.34,-0.12
11:39:54,-0.91,0.34,-0.13
11:39:54,-0.90,0.34,-0.12
11:39:54,-0.90,0.33,-0.14
11:39:54,-0.90,0.33,-0.13
11:39:54,-0.91,0.35,-0.13
11:39:54,-0.91,0.34,-0.13
11:39:54,-0.90,0.36,-0.12
11:39:55,-0.89,0.34,-0.13
11:39:55,-0.90,0.34,-0.14
11:39:55,-0.91,0.36,-0.14
11:39:55,-0.90,0.34,-0.14
11:39:55,-0.90,0.33,-0.16
11:39:55,-0.89,0.34,-0.15
11:39:55,-0.90,0.35,-0.14
11:39:55,-0.90,0.36,-0.16
11:39:55,-0.90,0.36,-0.16
11:39:55,-0.89,0.36,-0.14
11:39:56,-0.90,0.36,-0.15
11:39:56,-0.89,0.36,-0.14
11:40:21,-0.95,-0.35,-0.14
11:40:21,-0.92,-0.37,-0.11
11:40:21,-0.92,-0.35,-0.11
11:40:21,-0.93,-0.35,-0.09
11:40:21,-0.92,-0.35,-0.10
11:40:21,-0.94,-0.34,-0.11
11:40:21,-0.92,-0.34,-0.11
11:40:21,-0.93,-0.35,-0.10
11:40:21,-0.93,-0.35,-0.11
11:40:22,-0.93,-0.34,-0.10
11:40:22,-0.93,-0.35,-0.11
11:40:22,-0.92,-0.34,-0.08
11:40:22,-0.93,-0.34,-0.09
11:40:22,-0.92,-0.34,-0.11
11:40:22,-0.93,-0.34,-0.11
11:40:22,-0.93,-0.35,-0.10
11:40:22,-0.93,-0.35,-0.10
11:40:22,-0.93,-0.34,-0.11
11:40:22,-0.92,-0.36,-0.12
11:42:55,-0.96,0.04,0.22
11:42:55,-0.95,0.04,0.20
11:42:55,-0.97,0.06,0.21
11:42:55,-0.95,0.04,0.19
11:42:55,-0.90,0.03,0.13
11:42:56,-1.27,0.23,0.34
11:42:56,-0.91,0.38,0.48
11:42:56,-0.90,0.31,0.28
11:42:56,-0.90,0.31,0.26
11:42:56,-0.90,0.31,0.25
11:42:56,-0.91,0.30,0.23
11:42:56,-0.90,0.30,0.25
11:42:56,-0.90,0.31,0.24
11:42:56,-0.91,0.30,0.24
11:42:56,-0.93,0.33,0.25
11:42:57,-0.92,0.27,0.20
11:42:57,-0.91,0.28,0.20
11:42:57,-0.92,0.27,0.21
11:42:57,-0.92,0.26,0.19
11:43:21,-0.92,0.34,-0.11
11:43:21,-0.93,0.35,-0.07
11:43:21,-1.14,0.38,-0.43
11:43:21,-1.14,0.02,-0.19
11:43:22,-1.01,0.08,-0.01
11:43:22,-0.96,0.04,-0.02
11:43:22,-0.98,0.04,-0.03
11:43:22,-0.99,0.03,-0.02
11:43:22,-0.99,0.03,-0.02
11:43:22,-0.99,0.04,-0.03
11:43:22,-0.99,0.03,-0.02
11:43:22,-0.99,0.03,-0.02
11:43:22,-0.99,0.02,-0.03
11:43:22,-0.99,0.03,-0.03
11:43:23,-1.00,0.03,-0.03
11:43:23,-0.99,0.03,-0.04
11:43:23,-0.98,0.02,-0.03
11:43:23,-1.00,0.04,-0.02
11:43:23,-0.99,0.03,-0.02
11:43:23,-0.98,0.04,-0.02
11:43:23,-0.99,0.03,-0.01
11:43:23,-1.00,0.03,-0.03
11:43:23,-0.99,0.03,-0.04
11:43:23,-0.99,0.04,-0.02
11:49:40,-0.80,-0.02,0.57
11:49:40,-0.82,-0.00,0.57
11:49:40,-0.83,-0.02,0.60
11:49:40,-0.81,0.01,0.58
11:49:40,-0.82,0.01,0.55
11:49:40,-0.82,0.01,0.55
11:49:40,-0.82,0.00,0.56
11:49:40,-0.82,0.02,0.56
11:49:41,-0.79,0.01,0.55
11:49:41,-0.81,0.02,0.63
11:49:41,-0.83,0.04,0.54
11:49:41,-0.82,0.06,0.54
11:49:41,-0.83,0.05,0.54
11:49:41,-0.83,0.04,0.56
11:49:41,-0.83,0.03,0.56
11:49:41,-0.83,0.06,0.56
11:49:41,-0.83,0.05,0.54
11:49:41,-0.83,0.03,0.53
11:49:42,-0.84,0.05,0.52
11:49:46,-0.90,0.25,0.30
11:49:46,-0.89,0.27,0.28
11:49:47,-0.90,0.29,0.29
11:49:47,-0.91,0.27,0.28
11:49:47,-0.91,0.27,0.30
11:49:47,-0.87,0.30,0.32
11:49:47,-0.90,0.27,0.27
11:49:47,-0.91,0.26,0.27
11:49:47,-0.92,0.25,0.25
11:49:47,-0.90,0.26,0.24
11:49:47,-1.03,0.38,0.45
11:49:47,-0.90,0.23,0.27
11:49:48,-0.92,0.23,0.31
11:49:48,-0.91,0.24,0.31
11:49:48,-0.91,0.24,0.30
11:49:48,-0.92,0.23,0.29
11:49:48,-0.92,0.23,0.28
11:49:48,-0.90,0.23,0.28
11:49:48,-0.92,0.23,0.29
11:51:53,-0.21,0.95,0.10
11:51:53,-0.20,0.95,0.11
11:51:53,-0.21,0.95,0.09
11:51:53,-0.21,0.94,0.09
11:51:53,-0.21,0.94,0.10
11:51:53,-0.22,0.95,0.10
11:51:53,-0.22,0.95,0.11
11:51:53,-0.22,0.95,0.10
11:51:53,-0.22,0.95,0.10
11:51:54,-0.22,0.95,0.11
11:51:54,-0.23,0.95,0.10
11:51:54,-0.23,0.94,0.10
11:51:54,-0.23,0.95,0.10
11:51:54,-0.23,0.93,0.09
11:51:54,-0.23,0.94,0.10
11:51:54,-0.24,0.94,0.11
11:51:54,-0.24,0.94,0.12
11:51:54,-0.23,0.94,0.11
11:51:54,-0.23,0.94,0.10
11:51:55,-0.24,0.94,0.10
11:54:16,-0.71,0.64,-0.21
11:54:16,-0.69,0.66,-0.21
11:54:16,-0.70,0.65,-0.20
11:54:16,-0.69,0.65,-0.20
11:54:16,-0.70,0.66,-0.21
11:54:17,-0.66,0.66,-0.21
11:54:17,-0.68,0.67,-0.20
11:54:17,-0.68,0.67,-0.20
11:54:17,-0.67,0.67,-0.21
11:54:17,-0.68,0.66,-0.19
11:54:17,-0.67,0.67,-0.20
11:54:17,-0.68,0.67,-0.19
11:54:17,-0.69,0.67,-0.19
11:54:17,-0.68,0.66,-0.20
11:54:17,-0.67,0.67,-0.20
11:54:18,-0.68,0.67,-0.21
11:54:18,-0.68,0.67,-0.20
11:54:18,-0.67,0.66,-0.19
11:54:18,-0.69,0.68,-0.20
11:54:18,-0.68,0.66,-0.20
11:55:44,-0.33,0.92,0.08
11:55:44,-0.34,0.90,0.05
11:55:44,-0.34,0.91,0.09
11:55:44,-0.35,0.91,0.09
11:55:45,-0.34,0.91,0.09
11:55:45,-0.36,0.91,0.09
11:55:45,-0.35,0.91,0.09
11:55:45,-0.35,0.91,0.10
11:55:45,-0.34,0.91,0.09
11:55:45,-0.35,0.90,0.10
11:55:45,-0.35,0.90,0.10
11:55:45,-0.35,0.91,0.09
11:55:45,-0.35,0.90,0.10
11:55:45,-0.36,0.90,0.09
11:55:46,-0.36,0.89,0.09
11:55:46,-0.36,0.91,0.10
11:55:46,-0.36,0.90,0.10
11:55:46,-0.37,0.89,0.08
11:55:46,-0.37,0.90,0.10
12:4:46,-0.92,-0.01,0.39
12:4:47,-0.92,-0.05,0.40
12:4:47,-0.87,-0.02,0.30
12:4:47,-0.88,0.03,0.38
12:4:47,-0.91,-0.11,0.44
12:4:47,-0.91,-0.05,0.34
12:4:47,-0.96,-0.06,0.45
12:4:47,-0.89,-0.12,0.34
12:4:47,-1.02,-0.08,0.23
12:4:47,-0.74,-0.34,0.36
12:4:47,-0.35,-0.51,0.31
12:4:48,-1.07,-0.58,-0.12
12:4:48,-0.96,-0.13,-0.22
12:4:48,-0.95,0.04,-0.27
12:4:48,-0.92,0.19,-0.36
12:4:48,-1.04,-0.03,-0.32
12:4:48,-0.80,0.14,-0.32
12:4:48,-0.90,0.12,-0.33
12:4:48,-0.91,0.09,-0.29
12:4:48,-0.94,0.16,-0.23
12:4:48,-1.08,0.09,-0.17
12:4:49,-0.79,0.15,-0.25
12:4:49,-0.87,0.14,-0.31
12:4:49,-0.95,0.01,-0.25
12:4:49,-0.97,0.16,-0.26
12:4:49,-1.19,-0.02,-0.28
12:4:49,-0.73,-0.19,-0.35
12:4:49,-0.78,0.02,-0.33
12:4:49,-0.74,-0.29,-0.18
12:4:49,-0.78,-0.03,-0.33
12:4:49,-0.88,-0.11,-0.56
12:4:50,-0.89,-0.10,-0.46
12:4:50,-0.88,-0.15,-0.46
12:4:50,-0.91,-0.16,-0.49
12:4:50,-0.93,-0.08,-0.46
12:4:50,-0.87,-0.17,-0.43
12:4:50,-0.78,-0.21,-0.45
12:4:50,-0.80,-0.13,-0.50
12:4:50,-0.87,-0.08,-0.43
12:4:50,-1.04,-0.40,-0.50
12:4:50,-0.90,-0.11,-0.45
12:4:51,-0.87,-0.14,-0.43
12:4:51,-1.01,-0.19,-0.47
12:4:51,-0.89,-0.03,-0.40
12:4:51,-0.90,0.08,-0.38
12:4:51,-0.67,0.10,-0.31
12:4:51,-1.03,-0.04,-0.69
12:4:51,-0.88,-0.07,-0.69
12:4:51,-0.75,0.15,-0.53
12:4:53,-0.97,0.03,-0.26
12:4:53,-1.01,-0.06,-0.20
12:4:53,-1.16,-0.08,-0.14
12:4:53,-0.96,-0.14,-0.16
12:4:54,-0.96,-0.14,-0.22
12:4:54,-0.95,-0.13,-0.21
12:4:54,-1.00,-0.04,-0.28
12:4:54,-0.97,-0.10,-0.21
12:4:54,-0.97,-0.09,-0.23
12:4:54,-0.99,-0.04,-0.17
12:4:54,-0.94,0.06,-0.26
12:4:54,-1.00,0.08,-0.14
12:4:54,-1.12,-0.58,-0.22
12:4:54,-0.91,0.58,0.07
12:4:55,-0.97,0.10,-0.02
12:4:55,-0.97,0.10,-0.08
12:4:55,-1.01,0.01,-0.08
12:4:55,-0.95,-0.02,-0.11
12:4:55,-0.99,-0.01,-0.08
12:5:2,-1.06,0.33,-0.34
12:5:3,0.29,1.23,-0.06
12:5:3,-0.97,-0.18,-0.19
12:5:3,-0.69,-0.49,-0.16
12:5:3,-0.68,-0.55,0.10
12:5:3,-0.65,-0.79,-0.10
12:5:3,0.08,-0.86,0.16
12:5:3,-0.43,-0.95,0.03
12:5:3,-0.23,-0.93,-0.39
12:5:3,-0.36,-0.93,-0.07
12:5:3,-0.38,-0.96,-0.01
12:5:4,-0.37,-0.96,-0.02
12:5:4,-0.35,-0.97,-0.03
12:5:4,-0.35,-0.99,-0.01
12:5:4,-0.35,-0.94,0.06
12:5:4,-0.31,-0.58,0.09
12:5:4,-0.31,-0.94,0.01
12:5:4,-0.30,-0.98,-0.00
12:5:4,-0.32,-0.98,-0.02
12:5:4,-0.30,-1.00,0.01
12:5:4,-0.30,-0.98,-0.01
12:5:5,-0.28,-0.98,-0.02
12:5:5,0.40,-1.01,0.32
12:5:5,-0.21,-0.98,0.03
12:5:5,-0.26,-1.00,-0.02
12:5:7,-0.23,-0.99,0.03
12:5:7,-0.21,-0.99,-0.01
12:5:7,-0.24,-0.98,0.01
12:5:7,-0.21,-1.02,0.06
12:5:7,-0.21,-1.02,0.05
12:5:7,-0.15,-0.99,0.06
12:5:7,-0.09,-1.00,0.00
12:5:7,-0.11,-0.97,-0.00
12:5:8,-0.13,-1.05,0.04
12:5:8,-0.28,-1.19,-0.08
12:5:8,-0.31,-1.04,0.15
12:5:8,0.17,-0.70,-0.40
12:5:8,-0.17,-1.02,-0.03
12:5:8,-0.15,-1.02,-0.04
12:5:8,-0.18,-1.01,-0.06
12:5:8,-0.12,-0.99,-0.03
12:5:8,-0.23,-1.09,0.11
12:5:8,-0.13,-1.02,-0.02
12:5:9,-0.16,-1.02,0.02
12:5:9,-0.26,-0.95,-0.08
12:5:9,-0.07,-1.05,-0.18
12:5:9,-0.21,-1.00,-0.01
12:5:9,-0.17,-1.00,-0.03
12:5:9,-0.13,-1.06,0.00
12:5:9,-0.22,-0.86,-0.10
12:5:9,-0.06,-1.09,-0.07
12:5:9,-0.08,-1.03,-0.02
12:5:9,-0.10,-1.04,-0.03
12:5:10,-0.12,-0.99,-0.05
12:5:10,-0.02,-1.05,0.04
12:5:10,-0.03,-1.02,-0.12
12:5:10,-0.02,-1.02,-0.02
12:37:18,-0.89,-0.44,-0.12
12:37:19,-0.89,-0.44,-0.11
12:37:19,-0.90,-0.44,-0.10
12:37:19,-0.89,-0.45,-0.12
12:37:19,-0.89,-0.44,-0.12
12:37:19,-0.90,-0.44,-0.10
12:37:19,-0.89,-0.45,-0.10
12:37:19,-0.89,-0.45,-0.11
12:37:19,-0.89,-0.44,-0.11
12:37:19,-0.88,-0.45,-0.11
12:37:19,-0.89,-0.44,-0.10
12:37:20,-0.90,-0.44,-0.11
12:37:20,-0.89,-0.45,-0.11
12:37:20,-0.89,-0.44,-0.10
12:37:20,-0.88,-0.44,-0.11
12:37:20,-0.88,-0.44,-0.10
12:37:20,-0.89,-0.45,-0.12
12:37:20,-0.88,-0.44,-0.10
12:37:20,-0.89,-0.44,-0.12
13:27:3,-1.01,0.10,-0.04
13:27:3,-0.68,-0.09,-0.09
13:27:3,-1.06,-0.26,-0.29
13:27:4,-0.76,-0.57,-0.15
13:27:4,-0.24,-0.98,-0.02
13:27:4,-0.03,-1.00,-0.06
13:27:4,-0.88,-0.00,-0.34
13:27:4,-0.61,-0.62,-0.12
13:27:4,-1.00,-0.20,-0.04
13:27:4,-0.97,-0.14,-0.05
13:27:4,-0.95,-0.18,-0.05
13:27:4,-0.97,-0.16,-0.08
13:27:4,-0.97,-0.16,-0.06
13:27:4,-0.96,-0.18,-0.06
13:27:5,-0.98,-0.18,-0.05
13:27:5,-0.97,-0.18,-0.06
13:27:5,-0.97,-0.17,-0.06
13:27:5,-0.97,-0.17,-0.07
13:27:5,-0.97,-0.17,-0.07
13:27:5,-0.97,-0.17,-0.06
13:27:5,-0.97,-0.18,-0.06
13:27:5,-0.97,-0.18,-0.06
13:27:5,-0.97,-0.18,-0.06
13:27:7,-0.93,-0.24,-0.25
13:27:8,-0.93,-0.22,-0.24
13:27:8,-0.93,-0.21,-0.26
13:27:8,-0.93,-0.22,-0.23
13:27:8,-0.92,-0.22,-0.25
13:27:8,-0.93,-0.23,-0.23
13:27:8,-0.93,-0.22,-0.24
13:27:8,-0.94,-0.22,-0.24
13:27:8,-0.93,-0.23,-0.26
13:27:8,-0.94,-0.23,-0.23
13:27:8,-0.93,-0.22,-0.25
13:27:9,-0.93,-0.22,-0.23
13:27:9,-0.93,-0.23,-0.23
13:27:9,-0.92,-0.23,-0.25
13:27:9,-0.92,-0.23,-0.24
13:27:9,-0.94,-0.24,-0.22
13:27:9,-0.96,-0.22,-0.26
13:27:9,-0.94,-0.22,-0.22
13:27:9,-0.99,-0.23,-0.20
13:27:9,-0.82,-0.33,-0.33
13:27:15,-0.80,-0.45,-0.41
13:27:15,-0.71,-0.46,-0.40
13:27:15,-1.08,-0.25,-0.34
13:27:15,-0.91,-0.08,-0.18
13:27:15,-0.92,-0.08,-0.26
13:27:15,-0.95,0.01,-0.24
13:27:15,-0.95,-0.00,-0.24
13:27:16,-0.96,-0.01,-0.23
13:27:16,-0.96,-0.00,-0.24
13:27:16,-0.95,-0.01,-0.22
13:27:16,-0.95,-0.01,-0.23
13:27:16,-0.95,-0.01,-0.22
13:27:16,-0.95,-0.01,-0.24
13:27:16,-0.95,-0.01,-0.23
13:27:16,-0.96,-0.03,-0.24
13:27:16,-0.95,-0.02,-0.23
13:27:16,-0.95,-0.03,-0.24
13:27:17,-0.94,-0.04,-0.24
13:27:17,-0.95,-0.04,-0.24
13:27:17,-0.95,-0.03,-0.23
13:27:27,-0.34,-0.96,0.07
13:27:27,-0.23,-1.04,0.10
13:27:27,-0.01,-1.00,0.02
13:27:27,1.21,-1.34,0.50
13:27:27,0.69,-0.79,-0.03
13:27:27,0.63,-0.85,0.01
13:27:27,0.61,-0.89,-0.00
13:27:28,0.57,-0.87,0.02
13:27:28,0.58,-0.88,0.02
13:27:28,0.59,-0.86,0.01
13:27:28,0.59,-0.86,0.01
13:27:28,0.59,-0.85,0.02
13:27:28,0.59,-0.86,0.01
13:27:28,0.58,-0.86,0.00
13:27:28,0.59,-0.86,0.01
13:27:28,0.59,-0.86,0.01
13:27:28,0.58,-0.87,0.02
13:27:29,0.59,-0.86,0.01
13:27:29,0.57,-0.84,-0.01
13:27:29,0.60,-0.85,0.04
13:27:29,0.59,-0.86,0.03
13:27:35,0.67,-0.50,-0.12
13:27:35,1.05,-0.07,-0.33
13:27:35,0.98,-0.23,-0.04
13:27:35,0.73,-0.64,-0.19
13:27:36,0.92,-0.70,-0.20
13:27:36,0.99,-0.50,-0.20
13:27:36,0.99,-0.32,-0.19
13:27:36,0.91,-0.16,-0.26
13:27:36,0.98,-0.26,-0.22
13:27:36,0.88,-0.23,-0.20
13:27:36,2.00,-1.89,-0.74
13:27:36,0.51,-0.85,0.11
13:27:36,0.73,-0.74,-0.08
13:27:36,0.71,-0.76,-0.08
13:27:36,0.73,-0.75,-0.07
13:27:37,0.71,-0.74,-0.08
13:27:37,0.72,-0.75,-0.08
13:27:37,0.71,-0.75,-0.08
13:27:37,0.71,-0.74,-0.07
13:27:37,0.71,-0.76,-0.07
13:27:37,0.72,-0.74,-0.06
13:27:37,0.72,-0.75,-0.08
13:27:37,0.71,-0.75,-0.07
13:27:37,0.73,-0.75,-0.07
13:27:37,0.72,-0.76,-0.07
13:27:38,0.71,-0.77,-0.09
13:27:38,0.69,-0.78,-0.08
13:27:38,0.69,-0.77,-0.09
13:27:38,0.69,-0.77,-0.09
13:27:38,0.69,-0.77,-0.09
13:27:38,0.70,-0.77,-0.08
13:27:38,0.70,-0.77,-0.09
13:27:38,0.69,-0.76,-0.08
13:27:38,0.69,-0.78,-0.09
13:28:49,-0.14,0.97,0.10
13:28:50,-0.15,0.95,0.10
13:28:50,-0.15,0.95,0.11
13:28:50,-0.16,0.95,0.10
13:28:50,-0.15,0.95,0.11
13:28:50,-0.15,0.96,0.11
13:28:50,-0.15,0.96,0.10
13:28:50,-0.16,0.95,0.11
13:28:50,-0.16,0.95,0.10
13:28:50,-0.15,0.94,0.11
13:28:50,-0.15,0.95,0.10
13:28:51,-0.15,0.94,0.09
13:28:51,-0.16,0.96,0.12
13:28:51,-0.16,0.95,0.11
13:28:51,-0.17,0.97,0.09
13:28:51,-0.15,0.93,0.07
13:28:51,-0.18,0.98,0.08
13:28:51,-0.17,0.97,0.06
13:28:51,-0.18,0.93,0.11
15:4:26,-0.19,-0.99,-0.19
15:4:26,-0.19,-0.99,-0.20
15:4:26,-0.20,-0.98,-0.21
15:4:26,-0.23,-0.87,-0.19
15:4:26,-0.34,-1.01,-0.17
15:4:26,-0.16,-1.00,-0.20
15:4:26,-0.21,-0.98,-0.19
15:4:26,-0.15,-1.00,-0.21
15:4:27,-0.19,-0.99,-0.19
15:4:27,-0.20,-1.00,-0.18
15:4:27,-0.18,-0.98,-0.19
15:4:27,-0.17,-0.99,-0.19
15:4:27,-0.21,-1.00,-0.19
15:4:27,-0.21,-1.00,-0.18
15:4:27,-0.20,-1.00,-0.20
15:4:27,-0.19,-0.99,-0.20
15:4:27,-0.18,-0.98,-0.20
15:4:27,-0.18,-1.01,-0.19
15:4:28,-0.19,-1.00,-0.18
15:4:40,-0.83,-0.62,-0.13
15:4:40,-0.75,-0.63,-0.16
15:4:40,-0.82,-0.58,-0.12
15:4:40,-0.77,-0.61,-0.05
15:4:40,-0.71,-0.66,-0.19
15:4:40,-0.79,-0.67,-0.07
15:4:40,-0.83,-0.58,-0.09
15:4:40,-0.65,-0.74,-0.21
15:4:41,-0.70,-0.67,-0.18
15:4:41,-0.77,-0.65,-0.12
15:4:41,-0.64,-0.75,-0.19
15:4:41,-0.67,-0.76,-0.17
15:4:41,-0.54,-0.77,-0.22
15:4:41,-0.59,-0.79,-0.21
15:4:41,-0.59,-0.82,-0.17
15:4:41,-0.60,-0.79,-0.18
15:4:41,-0.61,-0.78,-0.20
15:4:41,-0.65,-0.82,-0.18
15:4:42,-0.60,-0.82,-0.19
15:5:5,-0.76,-0.50,-0.39
15:5:5,-0.77,-0.52,-0.38
15:5:5,-0.78,-0.52,-0.39
15:5:5,-0.78,-0.46,-0.39
15:5:6,-0.77,-0.50,-0.38
15:5:6,-0.77,-0.51,-0.38
15:5:6,-0.77,-0.51,-0.37
15:5:6,-0.78,-0.50,-0.38
15:5:6,-0.77,-0.50,-0.37
15:5:6,-0.78,-0.51,-0.39
15:5:6,-0.77,-0.49,-0.37
15:5:6,-0.77,-0.51,-0.38
15:5:6,-0.76,-0.50,-0.37
15:5:6,-0.77,-0.50,-0.38
15:5:7,-0.78,-0.50,-0.37
15:5:7,-0.77,-0.50,-0.39
15:5:7,-0.78,-0.52,-0.38
15:5:7,-0.77,-0.51,-0.38
15:5:7,-0.77,-0.51,-0.38
15:55:2,-0.58,-0.82,-0.27
15:55:2,-0.35,-0.87,-0.35
15:55:2,-0.53,-0.88,-0.27
15:55:2,-0.54,-0.78,-0.29
15:55:2,-0.58,-0.82,-0.31
15:55:2,-0.53,-0.82,-0.30
15:55:2,-0.53,-0.80,-0.29
15:55:2,-0.56,-0.81,-0.29
15:55:2,-0.53,-0.83,-0.29
15:55:3,-0.53,-0.80,-0.29
15:55:3,-0.53,-0.80,-0.29
15:55:3,-0.57,-0.83,-0.29
15:55:3,-0.54,-0.82,-0.30
15:55:3,-0.51,-0.85,-0.29
15:55:3,-0.52,-0.83,-0.28
15:55:3,-0.52,-0.83,-0.28
15:55:3,-0.52,-0.85,-0.26
15:55:3,-0.54,-0.82,-0.27
15:55:3,-0.51,-0.84,-0.27
15:55:8,-0.53,-0.83,-0.25
15:55:8,-0.48,-0.90,-0.26
15:55:8,-0.32,-1.05,-0.34
15:55:8,-0.38,-0.87,-0.34
15:55:8,-0.35,-0.90,-0.31
15:55:8,-0.36,-0.90,-0.32
15:55:8,-0.34,-0.92,-0.33
15:55:8,-0.35,-0.90,-0.33
15:55:9,-0.36,-0.90,-0.30
15:55:9,-0.35,-0.90,-0.33
15:55:9,-0.30,-0.91,-0.32
15:55:9,-0.33,-0.81,-0.28
15:55:9,-0.53,-0.83,-0.25
15:55:9,-0.46,-0.86,-0.27
15:55:9,-0.36,-0.82,-0.28
15:55:9,-0.49,-0.91,-0.22
15:55:9,-0.63,-0.79,-0.23
15:55:9,-0.46,-0.92,-0.24
15:55:10,-0.72,-0.59,-0.19
15:55:20,0.28,-0.97,0.23
15:55:20,0.28,-0.97,0.24
15:55:20,0.34,-0.96,0.19
15:55:20,0.28,-0.96,0.18
15:55:20,0.30,-0.97,0.19
15:55:20,0.31,-0.97,0.18
15:55:20,0.30,-0.97,0.19
15:55:20,0.30,-0.97,0.20
15:55:21,0.30,-0.97,0.19
15:55:21,0.30,-0.99,0.19
15:55:21,0.31,-0.97,0.20
15:55:21,0.31,-0.97,0.19
15:55:21,0.28,-0.98,0.21
15:55:21,0.29,-0.97,0.20
15:55:21,0.31,-0.97,0.20
15:55:21,0.30,-0.98,0.21
15:55:21,0.30,-0.98,0.20
15:55:21,0.30,-0.97,0.20
15:55:22,0.30,-0.96,0.20
15:55:22,0.29,-0.97,0.20
15:55:29,0.50,-0.85,0.23
15:55:29,0.52,-0.86,0.27
15:55:29,0.54,-0.86,0.27
15:55:29,0.53,-0.86,0.25
15:55:30,0.53,-0.85,0.25
15:55:30,0.55,-0.86,0.24
15:55:30,0.55,-0.84,0.24
15:55:30,0.52,-0.84,0.26
15:55:30,0.54,-0.86,0.25
15:55:30,0.55,-0.84,0.25
15:55:30,0.57,-0.85,0.26
15:55:30,0.55,-0.83,0.27
15:55:30,0.55,-0.85,0.26
15:55:30,0.56,-0.84,0.26
15:55:31,0.57,-0.84,0.23
15:55:31,0.56,-0.82,0.27
15:55:31,0.55,-0.84,0.25
15:55:31,0.53,-0.85,0.26
15:55:31,0.57,-0.82,0.24
15:55:31,0.56,-0.84,0.24
17:3:11,-0.29,-0.52,0.32
17:3:11,-0.37,-0.59,0.58
17:3:11,-0.44,-0.58,0.44
17:3:12,-0.33,-1.30,0.01
17:3:12,-0.23,-1.00,-0.15
17:3:12,-0.21,-0.97,-0.27
17:3:12,-0.20,-0.98,-0.26
17:3:12,-0.18,-0.97,-0.27
17:3:12,-0.16,-0.97,-0.29
17:3:12,-0.11,-0.99,-0.27
17:3:12,-0.12,-0.99,-0.28
17:3:12,-0.11,-0.98,-0.28
17:3:12,-0.11,-0.99,-0.28
17:3:13,-0.11,-0.99,-0.26
17:3:13,-0.11,-1.00,-0.27
17:3:13,-0.13,-0.99,-0.26
17:3:13,-0.13,-0.98,-0.25
17:3:13,-0.08,-0.97,-0.28
17:3:13,-0.14,-0.99,-0.25
17:3:13,-0.14,-0.97,-0.26
17:3:13,-0.06,-1.02,-0.29
17:3:13,-0.08,-1.00,-0.26
17:3:13,-0.09,-0.98,-0.25
17:3:14,-0.10,-0.99,-0.26
17:3:14,-0.09,-1.00,-0.26
17:3:15,-0.34,-1.00,-0.07
17:3:15,-0.32,-1.07,-0.09
17:3:15,-0.32,-0.98,-0.07
17:3:15,-1.03,-0.00,-0.13
17:3:15,-0.39,-0.96,-0.07
17:3:15,-0.66,-0.80,0.08
17:3:16,-0.31,-1.06,-0.21
17:3:16,-0.47,-0.90,-0.16
17:3:16,-0.34,-1.04,-0.02
17:3:16,-0.15,-1.08,-0.04
17:3:16,-0.24,-0.97,-0.04
17:3:16,-0.25,-1.04,-0.10
17:3:16,-0.20,-1.04,-0.12
17:3:16,-0.35,-0.91,-0.03
17:3:16,-0.27,-1.02,-0.08
17:3:16,-0.60,-0.82,0.12
17:3:17,-0.42,-0.94,0.00
17:3:17,-0.37,-0.92,0.02
17:3:17,-0.27,-0.96,-0.07
17:3:17,-0.24,-0.99,-0.12
17:3:17,-0.16,-1.05,-0.16
17:3:17,-0.07,-1.00,-0.21
17:3:17,-0.06,-1.01,-0.23
17:3:17,-0.03,-0.99,-0.22
17:3:17,-0.08,-1.02,-0.20
17:3:23,0.05,-1.02,0.20
17:3:23,0.04,-1.00,0.21
17:3:23,0.04,-1.02,0.20
17:3:23,0.04,-1.01,0.19
17:3:24,0.04,-1.02,0.20
17:3:24,0.04,-1.02,0.19
17:3:24,0.03,-1.01,0.20
17:3:24,0.05,-1.02,0.18
17:3:24,0.05,-1.01,0.20
17:3:24,0.05,-1.04,0.20
17:3:24,0.07,-1.02,0.20
17:3:24,0.07,-1.02,0.19
17:3:24,0.08,-1.01,0.19
17:3:24,0.08,-1.02,0.20
17:3:25,0.07,-0.99,0.22
17:3:25,0.07,-1.01,0.22
17:3:25,0.08,-1.03,0.22
17:3:25,0.11,-1.00,0.22
17:3:25,0.07,-1.12,0.31
17:3:30,-0.84,0.12,-0.37
17:3:30,-0.89,0.15,-0.32
17:3:30,-0.91,0.20,-0.30
17:3:31,-0.90,0.20,-0.32
17:3:31,-0.90,0.20,-0.30
17:3:31,-0.89,0.21,-0.31
17:3:31,-0.90,0.24,-0.25
17:3:31,-0.86,0.41,-0.32
17:3:31,-0.84,0.33,-0.11
17:3:31,-0.83,0.46,-0.10
17:3:31,-0.95,0.39,-0.32
17:3:31,-0.87,0.53,-0.13
17:3:31,-0.82,0.49,-0.15
17:3:32,-0.81,0.49,-0.16
17:3:32,-0.89,0.45,-0.01
17:3:32,-0.82,0.40,-0.13
17:3:32,-0.76,0.57,-0.16
17:3:32,-0.83,0.47,-0.15
17:3:32,-0.86,0.50,-0.16
17:3:32,-0.82,0.50,-0.11
17:3:32,-0.84,0.51,-0.16
17:3:32,-0.81,0.48,-0.11
17:3:32,-0.86,0.47,-0.10
17:3:33,-0.84,0.72,-0.06
17:3:33,-0.87,0.44,-0.08
17:3:33,-0.85,0.43,-0.08
17:3:33,-0.83,0.47,-0.14
17:3:33,-0.82,0.49,-0.14
17:3:38,0.76,-0.12,0.12
17:3:38,1.38,0.52,1.37
17:3:38,0.80,0.41,0.34
17:3:38,0.84,0.44,0.42
17:3:38,0.76,0.50,0.33
17:3:38,0.88,0.45,0.43
17:3:39,0.77,0.61,0.34
17:3:39,0.84,0.49,0.42
17:3:39,0.82,0.55,0.42
17:3:39,0.74,0.53,0.36
17:3:39,0.79,0.51,0.34
17:3:39,0.79,0.51,0.34
17:3:39,0.79,0.52,0.34
17:3:39,0.79,0.51,0.33
17:3:39,0.79,0.50,0.33
17:3:39,0.78,0.49,0.38
17:3:40,0.80,0.49,0.34
17:3:40,0.80,0.51,0.34
17:3:40,0.77,0.50,0.35
17:3:40,0.69,0.56,0.33
17:3:45,-0.26,0.94,0.12
17:3:45,-0.25,0.92,0.11
17:3:45,-0.26,0.93,0.12
17:3:46,-0.26,0.94,0.12
17:3:46,-0.25,0.92,0.10
17:3:46,-0.28,0.91,0.11
17:3:46,-0.28,0.95,0.09
17:3:46,-0.25,0.93,0.07
17:3:46,-0.20,0.93,0.07
17:3:46,-0.19,0.95,0.05
17:3:46,-0.12,0.95,0.04
17:3:46,-0.11,0.97,0.04
17:3:46,-0.07,0.95,0.03
17:3:47,-0.10,0.95,0.02
17:3:47,-0.11,0.95,0.06
17:3:47,-0.11,0.96,0.06
17:3:47,-0.11,0.97,0.03
17:3:47,-0.10,0.96,0.07
17:3:47,-0.14,0.93,0.09
17:3:47,-0.06,0.88,-0.11
17:4:2,-0.15,1.01,-0.31
17:4:3,0.30,0.84,0.06
17:4:3,-0.42,0.84,-0.16
17:4:3,-0.44,0.80,-0.08
17:4:3,-0.29,1.14,0.02
17:4:3,-0.51,0.71,-0.47
17:4:3,-0.63,0.77,-0.22
17:4:3,-0.66,0.76,-0.55
17:4:3,-0.75,0.62,-0.44
17:4:3,-0.58,0.46,-0.37
17:4:3,-0.75,0.58,-0.50
17:4:4,-0.43,0.50,-0.56
17:4:4,-0.70,0.43,-0.54
17:4:4,-0.58,0.65,-0.48
17:4:4,-0.55,0.38,-0.55
17:4:4,-0.59,0.48,-0.48
17:4:4,-0.26,1.01,-0.38
17:4:4,0.20,0.54,-0.47
17:4:4,0.13,0.89,-0.28
17:4:4,-0.02,0.91,-0.23
17:4:4,-0.00,0.96,-0.19
17:4:5,-0.10,0.97,-0.20
17:4:5,0.21,0.95,-0.13
17:4:5,0.24,0.91,-0.18
17:4:5,0.21,0.91,-0.14
17:4:5,0.26,0.93,-0.09
17:4:5,0.30,0.93,-0.09
17:4:5,0.28,0.93,-0.14
17:4:5,0.27,0.93,-0.14
17:4:5,0.34,0.98,-0.11
17:4:5,0.28,0.91,-0.13
17:4:6,0.29,0.92,-0.14
17:4:6,0.28,0.93,-0.13
17:4:6,0.28,0.93,-0.13
17:4:6,0.31,0.95,-0.14
17:4:6,0.25,0.92,-0.10
17:4:6,0.26,0.93,-0.13
17:4:6,0.30,0.96,-0.13
17:4:6,0.25,0.70,-0.06
17:4:6,0.48,0.87,-0.08
17:4:6,0.52,0.99,0.04
17:4:7,0.19,1.03,-0.12
17:4:7,0.37,1.04,-0.20
17:4:7,0.20,0.94,-0.07
17:4:7,0.27,0.95,-0.07
17:25:17,0.34,0.76,0.54
17:25:17,0.21,0.85,0.52
17:25:17,0.09,0.86,0.49
17:25:17,0.06,0.92,0.53
17:25:17,0.03,0.88,0.43
17:25:17,0.02,0.87,0.44
17:25:17,0.06,0.87,0.44
17:25:17,0.02,0.87,0.45
17:25:18,0.02,0.87,0.45
17:25:18,0.01,0.87,0.46
17:25:18,0.02,0.87,0.45
17:25:18,0.02,0.87,0.45
17:25:18,0.02,0.87,0.45
17:25:18,0.01,0.87,0.45
17:25:18,0.02,0.88,0.45
17:25:18,0.02,0.88,0.45
17:25:18,0.01,0.88,0.46
17:25:18,0.01,0.88,0.45
17:25:19,0.02,0.89,0.44
17:25:22,-0.53,0.77,-0.24
17:25:22,-0.54,0.78,-0.22
17:25:22,-0.52,0.78,-0.22
17:25:22,-0.53,0.79,-0.23
17:25:22,-0.52,0.77,-0.21
17:25:22,-0.58,0.75,-0.21
17:25:22,-0.49,0.80,-0.22
17:25:23,-0.50,0.79,-0.20
17:25:23,-0.49,0.80,-0.21
17:25:23,-0.49,0.79,-0.21
17:25:23,-0.51,0.80,-0.22
17:25:23,-0.46,0.86,-0.22
17:25:23,-0.46,0.85,-0.18
17:25:23,-0.47,0.83,-0.20
17:25:23,-0.46,0.82,-0.20
17:25:23,-0.46,0.83,-0.20
17:25:23,-0.47,0.81,-0.19
17:25:24,-0.57,0.65,-0.21
17:25:24,-0.42,0.82,-0.19
17:25:24,-0.43,0.86,-0.20
17:25:30,-0.69,0.61,-0.30
17:25:30,-0.71,0.60,-0.28
17:25:30,-0.70,0.60,-0.29
17:25:30,-0.69,0.61,-0.28
17:25:30,-0.70,0.58,-0.28
17:25:31,-0.70,0.60,-0.28
17:25:31,-0.69,0.60,-0.29
17:25:31,-0.70,0.61,-0.29
17:25:31,-0.70,0.60,-0.30
17:25:31,-0.69,0.61,-0.29
17:25:31,-0.69,0.61,-0.29
17:25:31,-0.69,0.61,-0.28
17:25:31,-0.69,0.60,-0.30
17:25:31,-0.69,0.61,-0.29
17:25:31,-0.70,0.61,-0.29
17:25:32,-0.69,0.60,-0.27
17:25:32,-0.68,0.61,-0.29
17:25:32,-0.70,0.61,-0.29
17:25:32,-0.69,0.60,-0.29
17:25:34,-0.93,0.24,-0.10
17:25:34,-0.94,0.23,-0.11
17:25:34,-0.95,0.22,-0.10
17:25:34,-0.94,0.23,-0.11
17:25:34,-0.94,0.22,-0.12
17:25:35,-0.94,0.22,-0.12
17:25:35,-0.95,0.21,-0.13
17:25:35,-0.90,0.26,-0.13
17:25:35,-0.92,0.25,-0.15
17:25:35,-0.95,0.21,-0.10
17:25:35,-0.95,0.21,-0.11
17:25:35,-0.95,0.22,-0.10
17:25:35,-0.96,0.21,-0.12
17:25:35,-0.95,0.21,-0.10
17:25:35,-0.94,0.21,-0.11
17:25:36,-0.93,0.18,-0.14
17:25:36,-0.98,0.07,-0.13
17:25:36,-0.94,0.22,-0.12
17:25:36,-0.95,0.21,-0.09
19:39:33,-0.54,0.71,-0.68
19:39:33,-1.01,0.26,-0.38
19:39:33,-0.36,0.43,-0.12
19:39:33,-0.31,-0.43,0.52
19:39:33,-0.67,-0.41,0.61
19:39:33,-0.65,-0.69,0.27
19:39:33,-0.60,-0.80,0.24
19:39:34,-0.58,-0.81,0.28
19:39:34,-0.57,-0.82,0.27
19:39:34,-0.56,-0.81,0.29
19:39:34,-0.57,-0.80,0.26
19:39:34,-0.56,-0.80,0.27
19:39:34,-0.57,-0.81,0.27
19:39:34,-0.56,-0.80,0.27
19:39:34,-0.56,-0.81,0.27
19:39:34,-0.56,-0.80,0.27
19:39:34,-0.56,-0.82,0.28
19:39:35,-0.56,-0.81,0.27
19:39:35,-0.55,-0.80,0.26
19:39:38,-0.66,-0.80,0.03
19:39:38,-0.58,-0.75,0.03
19:39:38,-0.59,-0.84,0.06
19:39:38,-0.59,-0.82,0.04
19:39:39,-0.56,-0.84,0.04
19:39:39,-0.61,-0.89,0.08
19:39:39,-0.58,-0.86,0.16
19:39:39,-0.84,-0.67,-0.04
19:39:39,-0.57,-0.94,-0.31
19:39:39,-0.73,-0.73,-0.11
19:39:39,-0.78,-0.66,-0.27
19:39:39,-0.84,-0.51,-0.16
19:39:39,-0.81,-0.49,-0.17
19:39:39,-0.84,-0.39,-0.09
19:39:40,-0.84,0.33,0.29
19:39:40,-0.93,0.11,0.14
19:39:40,-0.98,-0.07,0.34
19:39:40,-0.93,-0.13,0.24
19:39:40,-0.91,-0.27,0.23
19:39:40,-0.86,-0.35,0.16
19:39:40,-0.90,-0.33,0.17
19:39:40,-0.98,-0.08,0.39
19:39:40,-1.05,-0.30,0.19
19:39:41,-0.75,-0.59,0.11
19:39:41,-0.44,-1.00,-0.04
19:39:41,-0.68,-0.76,0.10
19:39:41,-0.67,-0.75,0.07
19:39:41,-0.68,-0.75,0.06
19:39:41,-0.68,-0.75,0.07
19:39:41,-0.70,-0.74,0.07
19:39:41,-0.66,-0.74,0.10
19:39:41,-0.68,-0.74,0.09
19:39:41,-0.68,-0.77,0.07
19:39:41,-0.29,-1.41,-0.44
19:39:42,-0.48,-0.95,-0.07
19:39:42,-0.71,-0.79,0.21
19:39:42,-0.11,-1.05,-0.01
19:39:42,0.16,-1.01,0.09
19:39:42,0.44,-0.77,0.11
19:39:42,0.58,-0.84,0.13
19:39:42,0.64,-0.82,0.12
19:39:42,0.62,-0.82,0.10
19:39:42,0.61,-0.82,0.11
19:39:42,0.63,-0.82,0.11
19:39:43,0.62,-0.81,0.13
19:39:43,0.65,-0.82,0.11
19:39:43,0.63,-0.82,0.13
19:39:43,0.62,-0.84,0.12
19:39:43,0.62,-0.83,0.09
19:39:43,0.70,-0.83,0.08
19:39:43,0.62,-0.82,0.11
19:39:43,0.47,-0.85,0.10
19:39:43,0.48,-0.85,-0.18
19:39:43,0.67,-0.79,-0.15
19:39:44,0.64,-0.80,-0.15
19:39:44,0.62,-0.80,-0.15
19:39:44,0.64,-0.79,-0.14
19:39:44,0.63,-0.81,-0.14
19:39:51,0.77,-0.39,0.58
19:39:51,0.73,-0.37,0.63
19:39:51,0.77,-0.43,0.58
19:39:51,0.72,-0.44,0.57
19:39:52,0.74,-0.43,0.58
19:39:52,0.73,-0.50,0.52
19:39:52,0.73,-0.44,0.56
19:39:52,0.73,-0.51,0.50
19:39:52,0.75,-0.46,0.53
19:39:52,0.75,-0.51,0.55
19:39:52,0.74,-0.48,0.51
19:39:52,0.75,-0.49,0.50
19:39:52,0.75,-0.49,0.52
19:39:52,0.75,-0.48,0.52
19:39:53,0.75,-0.47,0.51
19:39:53,0.74,-0.47,0.52
19:39:53,0.74,-0.47,0.54
19:39:53,0.75,-0.48,0.54
19:39:53,0.76,-0.47,0.51
19:39:53,0.75,-0.49,0.50
21:26:39,0.65,-0.84,-0.06
21:26:39,0.73,-1.00,-0.31
21:26:40,0.59,-0.84,-0.03
21:26:40,0.62,-0.77,-0.00
21:26:40,0.57,-0.79,-0.04
21:26:40,0.59,-0.80,-0.00
21:26:40,0.65,-0.84,0.09
21:26:40,0.73,-0.76,0.10
21:26:40,0.75,-0.72,0.01
21:26:40,0.77,-0.67,-0.05
21:26:40,0.73,-0.73,-0.05
21:26:40,0.70,-0.76,0.02
21:26:41,0.64,-0.83,0.06
21:26:41,0.67,-0.76,0.03
21:26:41,0.67,-0.78,0.03
21:26:41,0.67,-0.81,0.06
21:26:41,0.69,-0.79,0.03
21:26:41,0.66,-0.79,0.03
21:26:41,0.69,-0.75,0.02
21:26:43,0.02,-0.99,-0.23
21:26:43,0.04,-1.02,-0.21
21:26:43,0.05,-1.01,-0.21
21:26:43,0.09,-1.02,-0.19
21:26:43,0.17,-1.01,-0.28
21:26:44,0.60,-1.31,0.23
21:26:44,0.97,-0.58,-0.31
21:26:44,0.86,-0.57,-0.21
21:26:44,0.48,-0.70,0.07
21:26:44,0.67,-0.86,0.11
21:26:44,0.30,-1.11,0.25
21:26:44,0.35,-1.03,0.22
21:26:44,0.34,-1.08,-0.03
21:26:44,0.27,-0.79,0.13
21:26:44,0.13,-1.10,0.11
21:26:45,0.44,-0.72,0.40
21:26:45,0.38,-0.89,0.40
21:26:45,0.31,-0.84,0.38
21:26:45,0.64,-0.43,-0.56
21:26:45,0.54,-0.87,-0.14
21:26:45,0.59,-0.85,-0.11
21:26:45,0.64,-0.75,-0.11
21:26:45,0.62,-0.82,-0.11
21:26:45,0.59,-0.83,-0.13
21:26:45,0.64,-0.80,-0.12
21:26:46,0.63,-0.82,-0.12
21:26:46,0.62,-0.81,-0.11
21:26:46,0.62,-0.83,-0.12
21:26:46,0.63,-0.82,-0.12
21:26:46,0.63,-0.81,-0.10
21:26:46,0.62,-0.82,-0.12
21:26:46,0.62,-0.82,-0.11
21:26:46,0.62,-0.82,-0.11
21:26:46,0.62,-0.83,-0.10
21:26:46,0.61,-0.80,-0.13
21:26:47,0.61,-0.82,-0.10
21:26:47,0.63,-0.82,-0.12
21:26:47,0.63,-0.82,-0.12
21:26:47,0.64,-0.82,-0.12
21:27:2,0.75,-0.72,0.05
21:27:2,0.77,-0.72,0.06
21:27:2,0.75,-0.70,0.05
21:27:2,0.76,-0.71,0.05
21:27:2,0.43,-0.84,0.14
21:27:2,0.83,-0.62,0.00
21:27:2,0.83,-0.62,0.01
21:27:3,0.83,-0.62,0.02
21:27:3,0.83,-0.60,0.02
21:27:3,0.83,-0.61,0.01
21:27:3,0.83,-0.61,0.01
21:27:3,0.84,-0.62,0.00
21:27:3,0.84,-0.60,0.02
21:27:3,0.83,-0.62,0.00
21:27:3,0.83,-0.61,0.01
21:27:3,0.83,-0.61,0.01
21:27:3,0.83,-0.62,0.02
21:27:4,0.82,-0.63,0.03
21:27:4,0.83,-0.62,0.01
