0:51:48,0.62,-0.70,-0.28
0:51:48,0.64,-0.77,-0.27
0:51:48,0.64,-0.72,-0.27
0:51:48,0.66,-0.73,-0.28
0:51:48,0.65,-0.74,-0.26
0:51:48,0.68,-0.74,-0.25
0:51:48,0.65,-0.74,-0.24
0:51:49,0.66,-0.75,-0.23
0:51:49,0.67,-0.74,-0.24
0:51:49,0.67,-0.74,-0.24
0:51:49,0.66,-0.75,-0.25
0:51:49,0.66,-0.75,-0.25
0:51:49,0.66,-0.75,-0.24
0:51:49,0.66,-0.74,-0.25
0:51:49,0.66,-0.75,-0.24
0:51:49,0.66,-0.75,-0.25
0:51:49,0.65,-0.74,-0.24
0:51:50,0.66,-0.75,-0.25
0:51:50,0.65,-0.74,-0.25
1:21:50,0.66,-0.42,0.36
1:21:50,0.78,-0.52,0.66
1:21:51,0.66,-0.55,0.46
1:21:51,0.59,-0.59,0.47
1:21:51,0.48,-0.94,0.48
1:21:51,0.44,-0.94,0.43
1:21:51,0.42,-1.09,-0.23
1:21:51,0.33,-1.04,0.28
1:21:51,-0.22,-1.20,0.05
1:21:51,0.26,-0.93,0.22
1:21:51,0.18,-1.01,-0.04
1:21:51,0.31,-0.84,0.03
1:21:52,0.03,-0.79,0.13
1:21:52,-0.11,-1.12,-0.02
1:21:52,-0.07,-0.75,0.09
1:21:52,-0.09,-1.03,0.15
1:21:52,0.04,-1.02,0.11
1:21:52,0.12,-1.06,-0.07
1:21:52,0.02,-1.20,-0.08
1:21:52,-0.52,-0.64,-0.07
1:21:52,-0.09,-0.91,0.04
1:21:52,-0.50,-1.17,-0.17
1:21:53,0.25,-1.34,-0.04
1:21:53,-0.02,-1.43,-0.26
1:21:53,-0.55,-0.68,-0.17
1:21:53,-0.23,-0.91,-0.15
1:21:53,-0.25,-0.69,-0.11
1:21:53,-0.08,-0.92,0.03
1:21:53,-0.15,-1.00,-0.07
1:21:53,-0.28,-0.79,-0.17
1:21:53,-0.49,-0.84,-0.15
1:21:53,-0.33,-0.85,-0.22
1:21:54,-0.12,-0.92,-0.13
1:21:54,-0.24,-0.93,-0.19
1:21:54,-0.22,-1.01,-0.23
1:21:54,-0.12,-1.07,-0.20
1:21:54,-0.15,-1.08,-0.22
1:21:54,-0.28,-0.79,-0.13
1:21:54,-0.46,-0.86,-0.31
1:21:54,-0.05,-0.93,-0.15
1:21:54,-0.10,-0.99,-0.18
1:21:54,-0.09,-1.03,-0.19
1:21:55,-0.15,-1.02,-0.15
1:21:59,-0.58,-1.06,-0.22
1:21:59,-0.41,-0.88,-0.17
1:21:59,-0.36,-0.90,-0.16
1:21:59,-0.51,-0.95,-0.14
1:21:59,-0.41,-0.87,-0.16
1:21:59,-0.45,-0.88,-0.14
1:21:59,-0.39,-0.83,-0.02
1:21:59,-0.43,-1.03,-0.18
1:22:0,-0.26,-0.92,-0.13
1:22:0,-0.42,-0.94,-0.17
1:22:0,-0.38,-0.94,-0.15
1:22:0,-0.38,-0.84,-0.15
1:22:0,-0.34,-0.89,-0.10
1:22:0,-0.79,-0.68,-0.51
1:22:0,-0.05,-1.57,0.19
1:22:0,-0.55,-0.70,-0.15
1:22:0,-0.33,-1.07,-0.36
1:22:0,-0.43,-0.73,-0.21
1:22:1,-0.39,-0.96,-0.18
1:22:2,-0.53,-0.85,-0.25
1:22:2,-0.38,-1.06,-0.17
1:22:3,-0.40,-0.79,-0.12
1:22:3,-0.37,-0.89,-0.17
1:22:3,-0.40,-0.93,-0.14
1:22:3,-0.42,-0.86,-0.19
1:22:3,-0.43,-0.83,-0.18
1:22:3,-0.46,-0.74,-0.17
1:22:3,-0.35,-0.73,-0.09
1:22:3,-0.47,-0.88,-0.13
1:22:3,-0.45,-0.89,-0.14
1:22:3,-0.49,-0.90,-0.18
1:22:4,-0.52,-0.93,-0.20
1:22:4,-0.47,-0.91,-0.11
1:22:4,-0.51,-0.91,-0.09
1:22:4,-0.21,-0.84,-0.15
1:22:4,-0.32,-0.97,-0.00
1:22:4,-0.36,-0.51,-0.24
1:22:4,-0.72,-0.62,-0.12
1:22:4,-0.87,-0.64,-0.38
1:22:6,-0.36,-0.96,-0.22
1:22:6,-0.23,-1.02,-0.13
1:22:6,-0.27,-1.00,-0.21
1:22:6,-0.22,-1.07,-0.13
1:22:6,-0.23,-0.98,-0.18
1:22:7,-0.25,-1.03,-0.17
1:22:7,-0.20,-0.94,-0.18
1:22:7,-0.25,-0.84,-0.13
1:22:7,-0.37,-0.96,-0.07
1:22:7,-0.07,-1.74,0.06
1:22:7,-0.33,-0.67,-0.28
1:22:7,-0.30,-0.80,-0.09
1:22:7,-0.63,-0.27,-0.09
1:22:7,-0.29,-1.18,-0.25
1:22:7,-0.30,-0.96,-0.16
1:22:8,-0.02,-0.99,-0.20
1:22:8,-0.29,-1.26,-0.24
1:22:8,-0.17,-1.22,-0.26
1:22:8,-0.30,-0.91,-0.28
1:22:8,-0.45,-0.83,-0.24
1:22:8,-0.14,-0.97,-0.14
1:22:8,-0.43,-0.70,-0.31
1:22:8,0.04,-0.84,-0.25
1:22:8,0.52,-1.64,-0.19
1:22:8,0.09,-1.20,-0.39
1:22:9,-0.18,-0.84,-0.31
1:22:9,-0.04,-0.95,-0.36
1:22:9,-0.02,-0.97,-0.34
1:22:9,-0.05,-0.97,-0.34
1:22:9,-0.05,-0.97,-0.35
1:22:9,-0.05,-0.95,-0.35
1:22:9,-0.08,-0.89,-0.35
1:22:9,0.04,-1.00,-0.30
1:22:9,-0.03,-0.95,-0.34
1:22:9,-0.04,-0.97,-0.35
1:22:10,-0.13,-0.92,-0.37
1:22:10,-0.11,-0.86,-0.26
1:22:10,-0.11,-0.93,-0.34
1:22:14,-0.50,-1.11,0.00
1:22:14,-0.27,-0.97,0.08
1:22:14,-0.11,-0.92,0.28
1:22:14,0.03,-0.89,-0.23
1:22:14,-0.11,-1.01,-0.23
1:22:14,-0.09,-0.76,-0.33
1:22:14,-0.12,-1.16,-0.22
1:22:14,-0.02,-1.04,-0.16
1:22:14,-0.20,-1.04,-0.15
1:22:14,-0.37,-0.89,-0.16
1:22:15,-0.64,-0.79,-0.15
1:22:15,-0.75,-0.54,-0.25
1:22:15,-0.89,-0.47,-0.12
1:22:15,-0.88,-0.46,-0.14
1:22:15,-0.88,-0.44,-0.11
1:22:15,-0.90,-0.43,-0.13
1:22:15,-0.92,-0.41,-0.11
1:22:15,-0.91,-0.41,-0.11
1:22:15,-0.90,-0.41,-0.11
1:22:15,-0.91,-0.41,-0.12
1:22:15,-0.90,-0.40,-0.11
1:22:16,-0.91,-0.41,-0.12
1:22:16,-0.91,-0.41,-0.11
1:22:16,-0.91,-0.41,-0.11
1:22:16,-0.91,-0.41,-0.12
1:22:16,-0.91,-0.40,-0.13
1:22:16,-0.92,-0.40,-0.09
1:22:16,-0.91,-0.40,-0.11
1:22:16,-0.92,-0.39,-0.10
1:22:16,-0.91,-0.40,-0.10
1:22:16,-0.91,-0.39,-0.09
1:22:17,-0.91,-0.39,-0.10
1:22:17,-0.91,-0.39,-0.10
1:22:25,-0.88,-0.08,-0.30
1:22:25,-1.46,-0.35,-0.19
1:22:26,-1.15,-0.35,0.25
1:22:26,-0.97,-0.19,0.22
1:22:26,-0.84,0.10,0.55
1:22:26,-1.24,-0.43,0.00
1:22:26,-1.02,-0.32,-0.02
1:22:26,-0.95,-0.24,-0.09
1:22:26,-1.01,-0.30,-0.05
1:22:26,-0.96,-0.23,0.01
1:22:26,-0.79,-0.58,-0.08
1:22:26,-0.96,-0.15,-0.08
1:22:27,-0.98,-0.15,-0.06
1:22:27,-0.99,-0.07,-0.06
1:22:27,-0.99,-0.06,0.00
1:22:27,-1.00,-0.00,-0.01
1:22:27,-0.97,0.01,0.02
1:22:27,-0.97,0.09,0.06
1:22:27,-0.99,0.11,0.07
1:22:27,-0.97,0.13,0.10
1:22:27,-0.95,0.19,0.07
1:22:27,-0.95,0.25,0.08
1:22:28,-0.93,0.29,0.08
1:22:29,-0.10,0.96,0.19
1:22:29,-0.07,0.96,0.14
1:22:29,-0.06,0.98,0.15
1:22:29,-0.03,0.93,0.12
1:22:30,-0.05,0.96,0.14
1:22:30,-0.05,0.97,0.15
1:22:30,-0.03,0.96,0.15
1:22:30,-0.03,0.97,0.15
1:22:30,-0.01,0.96,0.14
1:22:30,-0.01,0.95,0.13
1:22:30,-0.01,0.98,0.12
1:22:30,-0.00,0.97,0.13
1:22:30,0.03,0.94,0.10
1:22:30,0.02,0.96,0.11
1:22:31,0.00,1.00,0.12
1:22:31,0.04,0.96,0.09
1:22:31,0.04,0.97,0.13
1:22:31,0.02,0.98,0.14
1:22:31,0.01,0.97,0.14
1:22:31,-0.00,0.97,0.13
1:22:54,-0.21,0.94,0.15
1:22:54,-0.22,0.94,0.13
1:22:54,-0.21,0.95,0.13
1:22:54,-0.21,0.96,0.14
1:22:54,-0.21,0.94,0.14
1:22:55,-0.21,0.93,0.13
1:22:55,-0.21,0.95,0.13
1:22:55,-0.19,0.95,0.13
1:22:55,-0.21,0.94,0.13
1:22:55,-0.21,0.95,0.14
1:22:55,-0.20,0.94,0.13
1:22:55,-0.21,0.95,0.13
1:22:55,-0.21,0.94,0.12
1:22:55,-0.21,0.95,0.13
1:22:55,-0.21,0.94,0.12
1:22:56,-0.21,0.94,0.12
1:22:56,-0.21,0.95,0.13
1:22:56,-0.21,0.95,0.13
1:22:56,-0.21,0.95,0.15
1:23:14,-0.09,0.95,0.18
1:23:14,-0.10,0.95,0.16
1:23:14,-0.11,0.95,0.19
1:23:14,-0.12,0.95,0.16
1:23:14,-0.12,0.96,0.16
1:23:14,-0.14,0.95,0.16
1:23:14,-0.12,0.94,0.15
1:23:15,-0.13,0.95,0.15
1:23:15,-0.13,0.95,0.15
1:23:15,-0.13,0.95,0.14
1:23:15,-0.13,0.95,0.13
1:23:15,-0.13,0.96,0.15
1:23:15,-0.12,0.95,0.15
1:23:15,-0.12,0.96,0.15
1:23:15,-0.12,0.94,0.15
1:23:15,-0.13,0.96,0.15
1:23:15,-0.12,0.95,0.13
1:23:16,-0.11,0.97,0.15
1:23:16,-0.11,0.96,0.14
1:23:16,-0.12,0.96,0.15
3:31:22,0.24,-1.01,0.03
3:31:22,0.23,-1.01,0.04
3:31:23,0.24,-1.00,0.03
3:31:23,0.22,-1.02,0.02
3:31:23,0.23,-1.00,0.03
3:31:23,0.24,-1.00,0.04
3:31:23,0.19,-1.01,0.02
3:31:23,0.20,-1.02,0.01
3:31:23,0.19,-1.01,0.05
3:31:23,0.18,-1.02,0.05
3:31:23,0.11,-0.99,0.05
3:31:23,0.23,-1.03,0.11
3:31:24,0.10,-1.21,0.03
3:31:24,0.14,-1.02,0.05
3:31:24,0.07,-1.03,0.04
3:31:24,0.16,-1.11,0.11
3:31:24,0.13,-1.07,0.13
3:31:24,0.18,-1.06,0.19
3:31:24,0.26,-1.11,0.21
3:31:24,0.37,-0.98,0.12
3:31:25,0.10,-1.01,0.07
3:31:26,0.19,-1.01,0.15
3:31:26,0.15,-1.03,0.11
3:31:26,0.25,-1.00,0.13
3:31:26,0.13,-1.02,0.10
3:31:26,0.13,-1.01,0.09
3:31:26,0.19,-1.03,0.08
3:31:26,0.12,-1.01,0.09
3:31:26,0.12,-1.03,0.11
3:31:26,0.10,-1.05,0.12
3:31:26,0.14,-1.03,0.08
3:31:29,-0.72,-0.72,0.11
3:31:29,-0.73,-0.71,0.13
3:31:29,-0.79,-0.65,0.13
3:31:29,-0.68,-0.68,0.08
3:31:29,-0.68,-0.76,0.14
3:31:30,-0.76,-0.73,0.14
3:31:30,-0.61,-0.75,0.13
3:31:30,-0.70,-0.77,0.14
3:31:30,-0.83,-0.76,0.11
3:31:30,-0.73,-0.77,0.19
3:31:30,-0.68,-0.67,0.10
3:31:30,-0.72,-0.70,0.15
3:31:30,-0.68,-0.73,0.12
3:31:30,-0.69,-0.72,0.16
3:31:30,-0.72,-0.68,0.15
3:31:31,-0.76,-0.63,0.11
3:31:31,-0.75,-0.77,0.17
3:31:31,-0.78,-0.73,0.18
3:31:31,-0.74,-0.67,0.14
4:33:55,-0.95,0.26,0.01
4:33:55,-0.94,0.25,-0.04
4:33:55,-0.94,0.26,-0.03
4:33:55,-0.94,0.25,-0.04
4:33:55,-0.94,0.26,-0.03
4:33:55,-0.95,0.26,-0.04
4:33:55,-0.94,0.25,-0.05
4:33:56,-0.94,0.27,-0.03
4:33:56,-0.94,0.26,-0.02
4:33:56,-0.92,0.26,-0.05
4:33:56,-0.90,0.36,0.01
4:33:56,-0.93,0.27,-0.02
4:33:56,-0.94,0.28,-0.04
4:33:56,-0.93,0.28,-0.02
4:33:56,-0.94,0.27,-0.04
4:33:56,-0.94,0.27,-0.04
4:33:56,-0.94,0.26,-0.04
4:33:57,-0.95,0.27,-0.03
4:33:57,-0.93,0.26,-0.02
5:45:20,-0.98,0.23,0.01
5:45:20,-0.93,0.24,-0.01
5:45:20,-0.90,0.24,0.02
5:45:21,-0.98,0.22,0.01
5:45:21,-0.92,0.23,0.01
5:45:21,-0.97,0.25,-0.01
5:45:21,-1.00,0.14,-0.02
5:45:21,-0.93,0.30,0.00
5:45:21,-0.90,0.32,-0.02
5:45:21,-0.90,0.32,-0.01
5:45:21,-0.90,0.37,-0.01
5:45:21,-0.91,0.37,-0.03
5:45:21,-0.91,0.36,-0.00
5:45:22,-0.86,0.33,-0.02
5:45:22,-0.92,0.36,0.01
5:45:22,-0.92,0.36,0.01
5:45:22,-0.92,0.34,-0.03
5:45:22,-0.90,0.34,-0.03
5:45:22,-0.90,0.39,-0.02
5:45:22,-0.90,0.36,-0.02
6:9:30,-0.25,0.94,0.11
6:9:31,-0.25,0.93,0.11
6:9:31,-0.24,0.94,0.11
6:9:31,-0.25,0.94,0.11
6:9:31,-0.23,0.93,0.11
6:9:31,-0.19,0.93,0.07
6:9:31,-0.22,0.97,0.10
6:9:31,-0.30,0.90,0.01
6:9:31,-0.27,0.91,0.06
6:9:31,-0.15,1.10,0.09
6:9:31,-0.53,0.78,0.01
6:9:32,0.07,1.86,0.25
6:9:32,-1.51,0.23,0.39
6:9:32,0.24,0.68,-0.09
6:9:32,0.11,0.38,-0.50
6:9:32,-0.36,0.73,-0.21
6:9:32,-0.16,0.89,-0.19
6:9:32,-0.40,0.91,-0.26
6:9:32,-0.17,0.92,-0.18
6:9:32,-0.21,0.89,-0.14
6:9:32,-0.41,0.94,-0.03
6:9:33,-0.13,0.90,0.05
6:9:33,0.30,0.86,-0.22
6:9:33,0.34,0.93,-0.28
6:9:33,0.21,0.91,-0.22
6:9:33,0.31,0.84,-0.22
6:9:33,0.42,0.79,0.05
6:9:33,-0.10,1.08,0.03
6:9:33,-0.24,1.08,-0.06
6:9:33,-0.05,1.04,0.01
6:9:33,0.05,0.96,-0.01
6:9:34,-0.14,0.88,-0.00
6:9:34,-0.29,1.01,0.10
6:9:34,-0.21,0.99,0.09
6:9:34,-0.38,0.72,-0.19
6:9:34,-0.57,-0.09,-0.00
6:9:34,-0.94,0.04,-0.03
6:9:34,-2.00,-1.62,0.33
6:9:34,-0.60,-0.88,0.02
6:9:34,-0.52,-0.61,-0.24
6:9:34,-0.43,-1.22,-0.11
6:9:35,-0.76,-1.11,-0.23
6:9:35,-0.05,-1.15,-0.20
6:9:35,0.12,-0.83,-0.25
6:9:35,-0.79,-1.20,-0.20
6:9:35,-0.76,-0.51,-0.25
6:9:35,-1.00,-0.13,-0.29
6:9:35,-0.78,-0.46,-0.34
6:9:35,-0.79,-0.40,-0.39
6:9:35,-0.71,-0.29,-0.37
6:9:35,-0.68,0.53,0.58
6:9:36,-0.79,0.26,0.09
6:9:36,-0.95,0.01,0.32
6:9:36,-0.83,-0.20,0.18
6:9:36,-0.65,-0.28,0.20
6:9:36,-0.83,-0.52,0.15
6:9:36,-0.90,-0.54,0.10
6:9:36,-0.68,-0.58,0.09
6:9:36,-1.16,-0.25,-0.07
6:9:36,-0.67,-0.68,-0.01
6:9:37,0.03,-0.33,0.20
6:9:37,-0.09,-1.02,0.05
6:9:37,-0.08,-1.02,0.09
6:9:37,-0.06,-0.95,0.07
6:9:37,-0.12,-1.04,0.10
6:9:37,-0.12,-1.03,0.08
6:9:37,-0.11,-1.02,0.09
6:9:37,-0.13,-1.03,0.08
6:9:37,-0.16,-1.01,0.09
6:9:37,-0.16,-1.02,0.07
6:9:37,-0.17,-1.02,0.06
6:9:38,-0.16,-1.01,0.06
6:9:38,-0.17,-1.01,0.06
6:9:38,-0.17,-1.02,0.06
6:9:38,-0.17,-1.01,0.04
6:9:38,-0.18,-1.01,0.05
6:9:38,-0.17,-1.02,0.04
6:9:38,-0.18,-1.01,0.06
6:9:38,-0.18,-1.00,0.03
6:9:38,-0.19,-1.01,0.05
6:9:38,-0.19,-1.01,0.05
6:9:42,-0.19,-0.99,-0.10
6:9:43,-0.17,-1.00,-0.09
6:9:43,-0.16,-1.02,-0.10
6:9:43,-0.18,-1.02,-0.07
6:9:43,-0.18,-1.02,-0.09
6:9:43,-0.17,-1.01,-0.08
6:9:43,-0.18,-1.01,-0.08
6:9:43,-0.18,-1.01,-0.08
6:9:43,-0.18,-1.02,-0.07
6:9:43,-0.18,-1.02,-0.09
6:9:43,-0.18,-1.00,-0.08
6:9:44,-0.17,-1.01,-0.09
6:9:44,-0.17,-1.01,-0.08
6:9:44,-0.16,-1.02,-0.09
6:9:44,-0.18,-1.03,-0.07
6:9:44,-0.16,-1.00,-0.09
6:9:44,-0.17,-1.01,-0.04
6:9:44,-0.24,-1.00,-0.03
6:9:44,-0.20,-1.02,-0.06
6:9:44,-0.27,-0.99,-0.09
6:9:52,-0.75,-0.68,0.04
6:9:52,-0.73,-0.70,0.06
6:9:52,-0.75,-0.68,0.07
6:9:52,-0.74,-0.67,0.05
6:9:52,-0.76,-0.65,0.05
6:9:52,-0.76,-0.67,0.05
6:9:52,-0.76,-0.67,0.04
6:9:52,-0.75,-0.67,0.04
6:9:52,-0.77,-0.67,0.03
6:9:52,-0.76,-0.68,0.03
6:9:53,-0.76,-0.66,0.03
6:9:53,-0.75,-0.67,0.04
6:9:53,-0.76,-0.65,0.04
6:9:53,-0.78,-0.66,0.03
6:9:53,-0.76,-0.66,0.03
6:9:53,-0.75,-0.67,0.04
6:9:53,-0.76,-0.67,0.04
6:9:53,-0.76,-0.66,0.04
6:9:53,-0.77,-0.67,0.03
6:9:53,-0.75,-0.67,0.02
6:10:5,-1.00,-0.30,0.02
6:10:5,-0.98,-0.18,-0.00
6:10:5,-0.96,-0.29,0.01
6:10:5,-0.96,-0.27,0.01
6:10:5,-0.95,-0.25,0.02
6:10:5,-0.96,-0.25,-0.01
6:10:5,-0.96,-0.24,0.00
6:10:5,-0.96,-0.25,-0.00
6:10:5,-0.97,-0.24,0.00
6:10:5,-0.96,-0.26,0.00
6:10:6,-0.96,-0.24,0.01
6:10:6,-0.94,-0.31,0.02
6:10:6,-0.95,-0.28,0.02
6:10:6,-0.96,-0.19,-0.01
6:10:6,-0.96,-0.22,-0.00
6:10:6,-0.97,-0.21,-0.00
6:10:6,-0.98,-0.30,0.04
6:10:6,-0.96,-0.24,-0.00
6:10:6,-0.95,-0.26,0.01
6:10:11,-0.54,-1.13,0.21
6:10:11,-0.40,-1.17,0.15
6:10:11,-0.38,-1.07,0.68
6:10:11,0.04,-0.97,-0.11
6:10:11,-0.00,-1.02,0.03
6:10:11,0.02,-1.02,-0.03
6:10:11,0.08,-1.02,-0.07
6:10:11,0.31,-1.01,-0.11
6:10:11,0.39,-0.86,-0.19
6:10:11,0.19,-1.05,-0.20
6:10:12,0.02,-0.96,-0.52
6:10:12,-0.04,-0.99,-0.34
6:10:12,-0.05,-0.96,-0.35
6:10:12,0.02,-0.96,-0.38
6:10:12,0.03,-0.98,-0.35
6:10:12,0.04,-0.96,-0.36
6:10:12,0.12,-0.95,-0.30
6:10:12,0.12,-1.01,-0.32
6:10:12,0.17,-0.97,-0.33
6:10:12,0.30,-1.03,-0.18
6:10:13,0.06,-0.92,-0.45
6:10:13,0.05,-1.10,-0.01
6:10:13,0.08,-1.02,-0.24
6:10:13,-0.07,-1.10,-0.08
6:10:13,0.06,-1.34,-0.45
6:10:13,0.22,-1.00,-0.26
6:10:15,0.64,-0.80,-0.20
6:10:15,0.64,-0.78,-0.21
6:10:15,0.65,-0.79,-0.20
6:10:15,0.64,-0.78,-0.20
6:10:15,0.64,-0.80,-0.19
6:10:15,0.63,-0.79,-0.20
6:10:15,0.63,-0.79,-0.21
6:10:15,0.63,-0.80,-0.19
6:10:15,0.63,-0.81,-0.19
6:10:16,0.64,-0.79,-0.22
6:10:16,0.64,-0.81,-0.18
6:10:16,0.61,-0.80,-0.21
6:10:16,0.62,-0.79,-0.21
6:10:16,0.62,-0.80,-0.21
6:10:16,0.62,-0.80,-0.22
6:10:16,0.64,-0.80,-0.20
6:10:16,0.63,-0.80,-0.20
6:10:16,0.63,-0.79,-0.22
6:10:16,0.63,-0.80,-0.21
6:10:18,0.94,-0.37,-0.16
6:10:18,0.97,-0.31,-0.14
6:10:18,0.95,-0.36,-0.16
6:10:19,0.95,-0.36,-0.14
6:10:19,0.93,-0.40,-0.11
6:10:19,0.91,-0.48,-0.08
6:10:19,0.91,-0.48,-0.10
6:10:19,0.90,-0.49,-0.08
6:10:19,0.91,-0.50,-0.10
6:10:19,0.88,-0.50,-0.09
6:10:19,0.89,-0.52,-0.07
6:10:19,1.08,-0.77,0.22
6:10:19,0.44,0.29,0.66
6:10:20,1.00,-1.35,0.33
6:10:20,0.98,-0.43,0.02
6:10:20,0.84,-0.58,0.06
6:10:20,0.85,-0.60,0.09
6:10:20,0.86,-0.57,0.10
6:10:20,0.85,-0.56,0.10
6:10:20,0.83,-0.56,0.10
6:10:20,0.88,-0.62,0.13
6:10:20,0.83,-0.62,0.10
6:10:20,0.85,-0.56,0.07
6:10:21,0.85,-0.56,0.09
6:10:21,0.86,-0.59,0.13
6:10:21,0.86,-0.55,0.14
6:10:21,0.83,-0.57,0.14
6:10:21,0.92,-0.63,0.23
6:10:21,0.86,-0.67,0.15
6:10:21,0.86,-0.55,0.20
6:10:21,0.84,-0.54,0.14
6:10:21,0.80,-0.58,0.12
6:10:21,0.86,-0.58,0.14
6:10:22,0.88,-0.58,0.14
6:10:24,0.92,-0.42,0.21
6:10:24,0.93,-0.39,0.20
6:10:24,0.93,-0.41,0.19
6:10:24,0.93,-0.40,0.18
6:10:24,0.92,-0.46,0.21
6:10:25,0.93,-0.46,0.17
6:10:25,0.94,-0.36,0.24
6:10:25,0.83,-0.53,0.15
6:10:25,0.80,-0.57,0.14
6:10:25,0.82,-0.61,0.14
6:10:25,0.83,-0.62,0.14
6:10:25,0.85,-0.59,0.16
6:10:25,0.81,-0.62,0.15
6:10:25,0.83,-0.60,0.14
6:10:25,0.83,-0.59,0.13
6:10:26,0.83,-0.63,0.15
6:10:26,0.80,-0.65,0.17
6:10:26,0.81,-0.66,0.14
6:10:26,0.79,-0.61,0.17
6:10:26,0.78,-0.58,0.15
6:42:1,-0.92,0.30,0.07
6:42:1,-0.93,0.30,0.07
6:42:1,-0.93,0.30,0.06
6:42:2,-0.92,0.31,0.04
6:42:2,-0.93,0.29,0.06
6:42:2,-0.92,0.30,0.05
6:42:2,-0.92,0.29,0.05
6:42:2,-0.94,0.30,0.04
6:42:2,-0.91,0.32,0.00
6:42:2,-0.94,0.29,0.04
6:42:2,-0.93,0.30,0.06
6:42:2,-0.92,0.29,0.05
6:42:2,-0.94,0.28,0.06
6:42:3,-0.93,0.31,0.06
6:42:3,-0.94,0.29,0.06
6:42:3,-0.94,0.29,0.05
6:42:3,-0.94,0.29,0.01
6:42:3,-0.93,0.35,0.01
6:42:3,-1.02,0.21,-0.01
6:44:34,-0.14,0.97,0.06
6:44:34,-0.14,0.96,0.06
6:44:34,-0.11,0.98,0.05
6:44:34,-0.14,0.95,0.06
6:44:35,-0.12,0.96,0.08
6:44:35,-0.13,0.95,0.05
6:44:35,-0.12,0.96,0.03
6:44:35,-0.13,0.97,0.06
6:44:35,-0.12,0.95,0.06
6:44:35,-0.13,0.96,0.06
6:44:35,-0.13,0.96,0.06
6:44:35,-0.13,0.96,0.07
6:44:35,-0.14,0.96,0.05
6:44:35,-0.14,0.96,0.06
6:44:36,-0.14,0.96,0.07
6:44:36,-0.14,0.97,0.07
6:44:36,-0.13,0.96,0.06
6:44:36,-0.15,0.96,0.05
6:44:36,-0.15,0.95,0.05
6:54:8,0.46,-0.73,-0.50
6:54:8,0.48,-0.96,-0.36
6:54:9,0.39,-1.08,-0.23
6:54:9,0.60,-0.87,-0.09
6:54:9,0.83,-0.62,-0.01
6:54:9,0.91,-0.50,-0.02
6:54:9,0.90,-0.54,0.02
6:54:9,0.99,-0.32,0.02
6:54:9,0.84,0.33,-0.14
6:54:9,0.66,0.73,-0.11
6:54:9,0.85,0.51,-0.02
6:54:9,0.82,0.56,-0.08
6:54:10,0.86,0.52,-0.03
6:54:10,0.85,0.52,-0.04
6:54:10,0.84,0.52,-0.05
6:54:10,0.84,0.52,-0.04
6:54:10,0.84,0.53,-0.06
6:54:10,0.86,0.53,-0.04
6:54:10,0.84,0.56,-0.05
7:17:25,-0.91,0.33,0.10
7:17:25,-0.91,0.32,0.09
7:17:25,-0.92,0.32,0.09
7:17:26,-0.93,0.32,0.10
7:17:26,-0.91,0.31,0.10
7:17:26,-0.91,0.32,0.10
7:17:26,-0.92,0.31,0.10
7:17:26,-0.93,0.33,0.10
7:17:26,-0.91,0.30,0.12
7:17:26,-0.91,0.31,0.08
7:17:26,-0.92,0.32,0.08
7:17:26,-0.93,0.33,0.08
7:17:26,-0.91,0.34,0.08
7:17:27,-0.92,0.37,0.11
7:17:27,-0.85,0.30,0.04
7:17:27,-0.94,0.33,0.12
7:17:27,-0.90,0.34,0.12
7:17:27,-0.90,0.35,0.09
7:17:27,-0.92,0.35,0.09
7:17:27,-0.91,0.35,0.09
7:17:57,-0.86,-0.48,-0.15
7:17:57,-0.99,-0.43,-0.19
7:17:57,-0.26,-0.94,0.04
7:17:57,0.08,-1.00,-0.19
7:17:57,-0.58,-1.06,0.08
7:17:57,-0.92,-0.48,0.07
7:17:57,-0.94,-0.19,-0.39
7:17:57,-0.96,-0.09,-0.14
7:17:57,-0.85,0.69,0.04
7:17:57,-0.89,0.08,0.04
7:17:58,-0.86,0.51,0.05
7:17:58,-0.96,0.31,0.05
7:17:58,-0.93,0.34,0.06
7:17:58,-0.90,0.36,0.04
7:17:58,-0.90,0.35,0.03
7:17:58,-0.90,0.36,0.03
7:17:58,-0.90,0.35,0.03
7:17:58,-0.90,0.36,0.03
7:17:58,-0.90,0.36,0.03
7:17:58,-0.90,0.37,0.03
7:17:59,-0.92,0.36,0.05
7:17:59,-0.91,0.36,0.03
7:17:59,-0.90,0.36,0.04
7:17:59,-0.90,0.36,0.03
7:17:59,-0.91,0.35,0.03
7:17:59,-0.91,0.36,0.03
7:17:59,-0.91,0.36,0.03
7:17:59,-0.91,0.36,0.04
7:18:7,-0.93,0.30,0.04
7:18:7,-0.93,0.30,0.04
7:18:7,-0.93,0.29,0.06
7:18:7,-0.94,0.29,0.03
7:18:7,-0.93,0.28,0.03
7:18:7,-0.93,0.29,0.04
7:18:7,-0.93,0.29,0.03
7:18:7,-0.93,0.29,0.04
7:18:8,-0.93,0.29,0.03
7:18:8,-0.93,0.30,0.04
7:18:8,-0.93,0.30,0.06
7:18:8,-0.91,0.28,0.05
7:18:8,-0.94,0.27,0.00
7:18:8,-0.93,0.28,0.01
7:18:8,-0.93,0.29,0.04
7:18:8,-0.94,0.29,0.03
7:18:8,-0.92,0.30,0.08
7:18:8,-0.94,0.27,0.06
7:18:9,-0.94,0.28,0.06
7:18:9,-0.93,0.28,0.07
7:18:14,-0.53,0.70,-0.35
7:18:14,-1.01,0.30,-0.08
7:18:14,-1.10,-0.43,0.24
7:18:14,-0.99,-0.01,-0.11
7:18:14,-0.99,-0.14,-0.07
7:18:14,-0.97,-0.14,-0.12
7:18:14,-0.97,-0.12,-0.12
7:18:15,-0.97,-0.12,-0.11
7:18:15,-0.97,-0.11,-0.10
7:18:15,-0.97,-0.11,-0.11
7:18:15,-0.98,-0.12,-0.11
7:18:15,-0.98,-0.12,-0.10
7:18:15,-0.96,-0.12,-0.10
7:18:15,-0.98,-0.12,-0.11
7:18:15,-0.97,-0.13,-0.11
7:18:15,-0.97,-0.11,-0.10
7:18:15,-0.97,-0.12,-0.10
7:18:16,-0.96,-0.12,-0.11
7:18:16,-0.96,-0.13,-0.10
7:18:16,-0.98,-0.12,-0.11
7:18:16,-0.96,-0.13,-0.11
7:18:16,-0.97,-0.12,-0.11
7:18:21,-0.96,0.15,-0.24
7:18:21,-0.85,0.05,-0.21
7:18:21,-0.90,0.26,0.00
7:18:21,-0.91,0.34,-0.15
7:18:21,-0.92,0.29,-0.14
7:18:21,-0.90,0.30,-0.15
7:18:21,-0.91,0.31,-0.14
7:18:21,-0.94,0.26,-0.13
7:18:21,-0.92,0.25,-0.16
7:18:21,-0.93,0.22,-0.18
7:18:22,-0.93,0.22,-0.15
7:18:22,-0.94,0.24,-0.16
7:18:22,-0.94,0.23,-0.17
7:18:22,-0.92,0.24,-0.16
7:18:22,-0.92,0.23,-0.15
7:18:22,-0.93,0.23,-0.15
7:18:22,-0.93,0.23,-0.16
7:18:22,-0.93,0.23,-0.16
7:18:22,-0.93,0.24,-0.16
7:18:30,-0.60,-0.72,-0.37
7:18:30,-0.60,-0.72,-0.37
7:18:30,-0.60,-0.72,-0.35
7:18:31,-0.62,-0.72,-0.37
7:18:31,-0.61,-0.72,-0.36
7:18:31,-0.61,-0.72,-0.37
7:18:31,-0.62,-0.71,-0.37
7:18:31,-0.62,-0.71,-0.36
7:18:31,-0.63,-0.71,-0.36
7:18:31,-0.76,-0.56,-0.33
7:18:31,-0.93,-0.44,-0.24
7:18:31,-0.88,-0.57,-0.17
7:18:31,-0.72,-0.64,-0.23
7:18:32,-0.66,-0.66,-0.14
7:18:32,-0.70,-0.78,0.36
7:18:32,-0.86,-0.73,0.12
7:18:32,-0.78,-0.67,0.08
7:18:32,-0.76,-0.66,0.05
7:18:32,-0.76,-0.67,0.04
7:18:35,-0.97,-0.23,-0.07
7:18:35,-0.95,-0.22,-0.07
7:18:35,-0.96,-0.21,-0.07
7:18:35,-0.96,-0.21,-0.08
7:18:35,-0.96,-0.21,-0.06
7:18:36,-0.96,-0.20,-0.06
7:18:36,-0.96,-0.19,-0.08
7:18:36,-0.97,-0.19,-0.07
7:18:36,-0.96,-0.20,-0.08
7:18:36,-0.96,-0.18,-0.06
7:18:36,-0.97,-0.18,-0.06
7:18:36,-0.98,-0.17,-0.08
7:18:36,-0.96,-0.19,-0.07
7:18:36,-0.97,-0.17,-0.08
7:18:36,-0.97,-0.17,-0.05
7:18:37,-0.98,-0.17,-0.08
7:18:37,-0.97,-0.17,-0.08
7:18:37,-0.96,-0.17,-0.07
7:18:37,-0.98,-0.17,-0.08
7:18:48,1.01,0.31,0.06
7:18:48,0.69,0.12,-0.15
7:18:48,0.93,0.29,-0.39
7:18:48,0.92,0.25,-0.12
7:18:48,0.17,0.39,0.51
7:18:48,0.86,0.53,0.07
7:18:48,0.84,0.54,0.07
7:18:48,0.84,0.54,0.09
7:18:48,0.84,0.54,0.08
7:18:48,0.84,0.55,0.07
7:18:49,0.83,0.54,0.08
7:18:49,0.84,0.54,0.08
7:18:49,0.85,0.54,0.08
7:18:49,0.84,0.55,0.07
7:18:49,0.84,0.54,0.07
7:18:49,0.83,0.53,0.07
7:18:49,0.83,0.56,0.07
7:18:49,0.84,0.54,0.07
7:18:49,0.84,0.55,0.08
7:18:49,0.83,0.56,0.10
7:18:53,-0.88,-0.46,0.07
7:18:54,-0.89,-0.46,0.08
7:18:54,-0.88,-0.47,0.09
7:18:54,-0.89,-0.47,0.09
7:18:54,-0.88,-0.47,0.09
7:18:54,-0.80,-0.33,0.11
7:18:54,-0.55,-0.78,0.14
7:18:54,-0.88,-0.53,0.08
7:18:54,-0.46,-0.81,0.08
7:18:54,-0.59,-0.81,0.03
7:18:54,-0.82,-0.60,0.01
7:18:55,-0.87,-0.50,0.00
7:18:55,-0.80,-0.58,-0.00
7:18:55,-0.82,-0.59,0.01
7:18:55,-0.82,-0.59,-0.01
7:18:55,-0.81,-0.59,0.01
7:18:55,-0.82,-0.59,0.01
7:18:55,-0.82,-0.59,0.01
7:18:55,-0.81,-0.59,0.01
7:18:55,-0.82,-0.60,0.00
7:18:55,-0.82,-0.57,0.02
7:18:56,-0.82,-0.57,0.02
7:18:56,-0.83,-0.57,0.02
7:18:56,-0.83,-0.58,0.01
7:18:56,-0.82,-0.55,0.02
7:18:56,-0.84,-0.55,0.02
7:18:56,-0.84,-0.55,0.01
7:18:56,-0.84,-0.55,0.03
7:18:56,-0.84,-0.54,0.03
7:18:56,-0.84,-0.55,0.02
7:19:1,-0.98,0.13,-0.01
7:19:1,-0.96,0.13,-0.03
7:19:1,-0.96,0.13,-0.02
7:19:1,-1.00,-0.13,0.19
7:19:1,-0.96,-0.15,0.01
7:19:1,-0.98,-0.13,0.06
7:19:1,-0.98,-0.14,0.04
7:19:1,-0.98,-0.14,0.07
7:19:1,-0.99,-0.03,0.07
7:19:1,-0.97,-0.08,0.06
7:19:2,-0.99,-0.08,0.07
7:19:2,-0.98,-0.09,0.07
7:19:2,-0.98,-0.07,0.07
7:19:2,-0.97,-0.17,0.03
7:19:2,-0.98,-0.15,0.06
7:19:2,-0.98,-0.17,0.05
7:19:2,-0.98,-0.16,0.05
7:19:2,-0.98,-0.16,0.04
7:19:2,-0.99,-0.15,0.05
7:19:15,0.42,-0.83,0.11
7:19:15,0.21,-0.85,-0.01
7:19:15,-0.15,-1.30,0.02
7:19:15,-0.48,-0.68,0.06
7:19:15,-0.98,1.15,-0.02
7:19:15,0.32,0.56,-0.44
7:19:15,0.95,-0.20,0.11
7:19:15,0.91,0.75,0.02
7:19:15,0.94,0.26,-0.09
7:19:15,0.90,0.44,-0.04
7:19:16,0.95,0.35,-0.01
7:19:16,0.92,0.39,-0.04
7:19:16,0.94,0.37,-0.04
7:19:16,0.94,0.38,-0.03
7:19:16,0.94,0.38,-0.05
7:19:16,0.93,0.37,-0.04
7:19:16,0.95,0.36,-0.03
7:19:16,0.94,0.37,-0.05
7:19:16,0.95,0.34,-0.02
7:19:16,0.96,0.34,-0.01
7:19:17,0.95,0.34,-0.03
7:19:17,0.94,0.34,-0.02
7:19:17,0.95,0.33,-0.04
7:19:17,0.94,0.35,-0.03
7:19:17,0.94,0.33,-0.03
7:19:22,0.76,0.59,-0.20
7:19:22,0.77,0.59,-0.22
7:19:22,0.77,0.60,-0.21
7:19:22,0.77,0.60,-0.22
7:19:22,0.76,0.61,-0.21
7:19:22,0.76,0.61,-0.20
7:19:22,0.77,0.62,-0.21
7:19:22,0.75,0.60,-0.21
7:19:22,0.75,0.61,-0.21
7:19:23,0.75,0.60,-0.20
7:19:23,0.76,0.61,-0.20
7:19:23,0.76,0.59,-0.21
7:19:23,0.75,0.62,-0.21
7:19:23,0.76,0.61,-0.22
7:19:23,0.76,0.61,-0.21
7:19:23,0.76,0.61,-0.21
7:19:23,0.74,0.62,-0.20
7:19:23,0.75,0.61,-0.20
7:19:23,0.75,0.62,-0.20
7:19:31,0.25,-1.00,0.14
7:19:31,0.28,-1.00,0.14
7:19:32,0.27,-0.99,0.13
7:19:32,0.28,-0.99,0.14
7:19:32,0.28,-0.99,0.14
7:19:32,0.28,-0.99,0.14
7:19:32,0.27,-0.99,0.14
7:19:32,0.28,-0.99,0.13
7:19:32,0.28,-0.99,0.14
7:19:32,0.28,-1.00,0.15
7:19:32,0.29,-0.99,0.14
7:19:32,0.22,-1.02,0.14
7:19:33,0.17,-1.02,0.16
7:19:33,0.15,-1.01,0.17
7:19:33,0.08,-1.02,0.17
7:19:33,0.06,-1.01,0.16
7:19:33,0.05,-1.01,0.17
7:19:33,0.09,-1.01,0.16
7:19:33,0.07,-1.03,0.17
7:19:33,0.06,-1.02,0.16
7:19:41,0.50,-0.85,-0.33
7:19:41,0.55,-0.81,-0.32
7:19:41,0.62,-0.77,-0.31
7:19:41,0.57,-0.79,-0.31
7:19:42,0.56,-0.80,-0.31
7:19:42,0.61,-0.79,-0.31
7:19:42,0.57,-0.80,-0.32
7:19:42,0.57,-0.80,-0.32
7:19:42,0.59,-0.77,-0.33
7:19:42,0.59,-0.78,-0.31
7:19:42,0.58,-0.79,-0.32
7:19:42,0.59,-0.78,-0.32
7:19:42,0.59,-0.79,-0.31
7:19:42,0.59,-0.78,-0.33
7:19:43,0.60,-0.79,-0.32
7:19:43,0.66,-0.72,-0.32
7:19:43,0.66,-0.74,-0.33
7:19:43,0.67,-0.73,-0.32
7:19:43,0.66,-0.72,-0.31
7:19:59,0.44,0.83,-0.26
7:19:59,0.44,0.83,-0.25
7:19:59,0.44,0.84,-0.26
7:19:59,0.45,0.84,-0.26
7:20:0,0.44,0.83,-0.26
7:20:0,0.45,0.83,-0.26
7:20:0,0.45,0.83,-0.25
7:20:0,0.45,0.83,-0.25
7:20:0,0.45,0.84,-0.25
7:20:0,0.47,0.82,-0.26
7:20:0,0.46,0.84,-0.26
7:20:0,0.44,0.83,-0.27
7:20:0,0.44,0.82,-0.26
7:20:0,0.45,0.83,-0.25
7:20:1,0.46,0.83,-0.26
7:20:1,0.43,0.84,-0.26
7:20:1,0.43,0.84,-0.24
7:20:1,0.44,0.84,-0.25
7:20:1,0.44,0.84,-0.26
7:20:13,0.89,0.46,0.02
7:20:13,0.88,0.48,0.03
7:20:13,0.85,0.54,0.03
7:20:13,0.77,0.65,0.05
7:20:13,0.79,0.61,0.03
7:20:13,0.74,0.66,0.03
7:20:13,0.74,0.66,0.02
7:20:13,0.79,0.60,0.04
7:20:14,0.79,0.62,0.03
7:20:14,0.80,0.59,0.02
7:20:14,0.80,0.60,0.03
7:20:14,0.80,0.59,0.02
7:20:14,0.80,0.60,0.02
7:20:14,0.81,0.59,0.03
7:20:14,0.76,0.64,0.02
7:20:14,0.79,0.59,0.03
7:20:14,0.80,0.61,0.03
7:20:14,0.81,0.59,0.02
7:20:15,0.81,0.57,0.01
7:20:32,0.96,0.28,-0.11
7:20:32,0.96,0.28,-0.10
7:20:33,0.96,0.28,-0.11
7:20:33,0.96,0.26,-0.11
7:20:33,0.96,0.27,-0.11
7:20:33,0.97,0.24,-0.10
7:20:33,0.96,0.27,-0.11
7:20:33,0.96,0.26,-0.10
7:20:33,0.97,0.26,-0.12
7:20:33,0.98,0.25,-0.11
7:20:33,0.96,0.25,-0.12
7:20:33,0.96,0.25,-0.12
7:20:34,0.97,0.24,-0.11
7:20:34,0.98,0.25,-0.10
7:20:34,0.97,0.24,-0.11
7:20:34,0.97,0.26,-0.11
7:20:34,0.97,0.26,-0.10
7:20:34,0.97,0.26,-0.11
7:20:34,0.97,0.25,-0.10
7:20:34,0.98,0.25,-0.11
7:20:44,1.03,0.07,0.01
7:20:45,1.01,0.05,0.00
7:20:45,1.00,0.09,-0.01
7:20:45,1.01,0.07,0.01
7:20:45,1.01,0.10,0.01
7:20:45,1.01,0.10,0.01
7:20:45,1.00,0.12,0.01
7:20:45,1.00,0.12,0.01
7:20:45,1.01,0.12,0.01
7:20:45,1.02,0.12,0.02
7:20:45,1.00,0.11,0.01
7:20:46,1.00,0.12,0.01
7:20:46,1.00,0.12,-0.00
7:20:46,1.01,0.13,-0.00
7:20:46,1.00,0.14,-0.00
7:20:46,0.99,0.14,-0.00
7:20:46,0.99,0.18,-0.00
7:20:46,1.00,0.19,0.01
7:20:46,0.99,0.16,0.00
7:20:55,0.86,-0.55,-0.15
7:20:55,0.86,-0.54,-0.13
7:20:55,0.87,-0.54,-0.14
7:20:56,0.87,-0.54,-0.13
7:20:56,0.87,-0.54,-0.14
7:20:56,0.86,-0.54,-0.15
7:20:56,0.88,-0.54,-0.13
7:20:56,0.85,-0.54,-0.13
7:20:56,0.85,-0.55,-0.15
7:20:56,0.86,-0.55,-0.15
7:20:56,0.85,-0.56,-0.15
7:20:56,0.85,-0.57,-0.16
7:20:56,0.85,-0.55,-0.14
7:20:57,0.86,-0.54,-0.15
7:20:57,0.86,-0.54,-0.16
7:20:57,0.85,-0.55,-0.16
7:20:57,0.86,-0.55,-0.15
7:20:57,0.85,-0.56,-0.16
7:20:57,0.86,-0.56,-0.14
7:21:30,1.01,0.05,-0.13
7:21:30,1.00,0.06,-0.12
7:21:30,1.01,0.06,-0.12
7:21:30,1.00,0.06,-0.12
7:21:30,1.01,0.05,-0.12
7:21:30,1.01,0.05,-0.13
7:21:30,1.01,0.06,-0.12
7:21:30,1.00,0.05,-0.13
7:21:30,1.01,0.05,-0.13
7:21:31,1.00,0.06,-0.11
7:21:31,1.00,0.06,-0.14
7:21:31,1.01,0.07,-0.13
7:21:31,1.01,0.06,-0.13
7:21:31,1.00,0.08,-0.13
7:21:31,1.02,0.07,-0.13
7:21:31,1.01,0.06,-0.13
7:21:31,1.00,0.07,-0.12
7:21:31,1.01,0.07,-0.12
7:21:31,1.01,0.07,-0.11
7:21:50,0.74,-0.71,0.10
7:21:50,0.74,-0.70,0.08
7:21:50,0.75,-0.70,0.09
7:21:50,0.74,-0.71,0.09
7:21:50,0.74,-0.71,0.11
7:21:50,0.75,-0.70,0.11
7:21:50,0.75,-0.69,0.11
7:21:50,0.75,-0.70,0.10
7:21:51,0.75,-0.69,0.12
7:21:51,0.77,-0.68,0.09
7:21:51,0.77,-0.69,0.09
7:21:51,0.77,-0.70,0.11
7:21:51,0.74,-0.71,0.11
7:21:51,0.74,-0.70,0.10
7:21:51,0.74,-0.71,0.10
7:21:51,0.74,-0.71,0.10
7:21:51,0.72,-0.72,0.10
7:21:51,0.73,-0.75,0.09
7:21:52,0.73,-0.73,0.10
7:21:52,0.73,-0.72,0.08
7:22:15,0.67,-0.79,0.10
7:22:15,0.66,-0.79,0.09
7:22:15,0.66,-0.79,0.11
7:22:15,0.66,-0.79,0.10
7:22:15,0.67,-0.80,0.10
7:22:16,0.65,-0.79,0.09
7:22:16,0.66,-0.79,0.09
7:22:16,0.65,-0.79,0.08
7:22:16,0.65,-0.80,0.11
7:22:16,0.64,-0.82,0.08
7:22:16,0.63,-0.81,0.11
7:22:16,0.62,-0.83,0.08
7:22:16,0.64,-0.83,0.12
7:22:16,0.62,-0.84,0.08
7:22:16,0.64,-0.84,0.08
7:22:17,0.64,-0.82,0.07
7:22:17,0.64,-0.81,0.06
7:22:17,0.63,-0.82,0.09
7:22:17,0.60,-0.82,0.09
7:23:35,-0.85,-0.51,-0.11
7:23:35,-0.85,-0.50,-0.09
7:23:35,-0.85,-0.52,-0.10
7:23:35,-0.86,-0.51,-0.09
7:23:35,-0.86,-0.52,-0.08
7:23:35,-0.86,-0.52,-0.10
7:23:35,-0.85,-0.51,-0.10
7:23:35,-0.87,-0.52,-0.09
7:23:35,-0.87,-0.52,-0.11
7:23:35,-0.86,-0.51,-0.10
7:23:36,-0.87,-0.51,-0.10
7:23:36,-0.86,-0.51,-0.09
7:23:36,-0.85,-0.52,-0.10
7:23:36,-0.85,-0.51,-0.08
7:23:36,-0.86,-0.51,-0.10
7:23:36,-0.85,-0.51,-0.11
7:23:36,-0.86,-0.51,-0.11
7:23:36,-0.86,-0.52,-0.09
7:23:36,-0.86,-0.51,-0.11
7:23:45,-0.92,-0.32,-0.26
7:23:45,-0.91,-0.34,-0.25
7:23:45,-0.91,-0.32,-0.24
7:23:45,-0.90,-0.33,-0.26
7:23:45,-0.90,-0.32,-0.26
7:23:46,-0.91,-0.31,-0.26
7:23:46,-0.90,-0.34,-0.27
7:23:46,-0.91,-0.34,-0.24
7:23:46,-0.90,-0.37,-0.26
7:23:46,-0.89,-0.38,-0.23
7:23:46,-0.90,-0.37,-0.25
7:23:46,-0.91,-0.41,-0.24
7:23:46,-0.96,-0.46,-0.36
7:23:46,-0.91,-0.01,-0.34
7:23:46,-0.97,-0.32,-0.21
7:23:47,-0.92,-0.32,-0.29
7:23:47,-0.92,-0.33,-0.17
7:23:47,-1.00,-0.05,-0.23
7:23:47,-1.19,-0.36,-0.45
7:23:47,-0.67,-0.24,-0.55
7:23:47,-0.82,-0.42,-0.32
7:23:47,-0.84,-0.40,-0.32
7:23:47,-0.84,-0.43,-0.32
7:23:47,-0.84,-0.45,-0.31
7:23:47,-0.82,-0.42,-0.31
7:23:48,-0.83,-0.47,-0.30
7:23:48,-0.70,-0.58,-0.32
7:23:48,-0.87,-0.44,-0.26
7:23:48,0.98,-0.75,-0.05
7:23:48,-1.07,0.41,-0.20
7:23:48,-0.70,-0.10,-0.27
7:23:48,-0.94,0.22,-0.14
7:23:48,-1.00,0.10,-0.13
7:23:48,-0.97,0.13,-0.14
7:23:48,-0.94,0.17,-0.16
7:23:49,-0.97,0.16,-0.17
7:23:49,-0.90,0.31,-0.07
7:23:49,-0.97,0.16,-0.14
7:23:49,-0.72,0.43,-0.09
7:23:49,-1.02,0.06,-0.27
7:23:49,-1.01,-0.13,-0.13
7:23:49,-0.95,-0.11,-0.17
7:23:49,-0.97,-0.07,-0.19
7:23:49,-0.84,0.01,-0.23
7:23:49,-1.00,0.02,-0.24
7:23:50,-0.67,-0.29,-0.35
7:23:50,-1.00,-0.16,-0.01
7:23:50,-1.07,-0.55,-0.04
7:23:50,-1.04,-0.02,-0.08
7:23:50,-1.04,-0.06,-0.02
7:23:50,-0.96,-0.05,-0.06
7:23:50,-0.83,0.16,-0.12
7:23:50,-0.69,-0.46,-0.02
7:23:50,-0.57,-0.82,-0.25
7:23:50,0.53,-2.00,0.05
7:23:51,-0.46,-1.13,-0.12
7:23:51,-0.33,-0.96,-0.14
7:23:51,-0.21,-0.99,-0.22
7:23:51,-0.26,-0.99,-0.17
7:23:51,-0.21,-1.00,-0.16
7:23:51,-0.18,-1.01,-0.18
7:23:51,-0.24,-1.01,-0.16
7:23:51,0.17,-1.02,-0.05
7:23:51,-0.30,-1.36,-0.04
7:23:51,-0.46,-1.03,-0.11
7:23:52,-0.31,-0.96,-0.17
7:23:52,-0.29,-0.97,-0.16
7:23:52,-0.33,-0.93,-0.18
7:23:52,-0.32,-0.97,-0.17
7:23:52,-0.21,-0.89,-0.08
7:23:52,-0.40,-0.94,-0.08
7:23:52,-0.48,-0.89,-0.15
7:23:52,-0.47,-0.88,-0.19
7:23:52,-0.43,-0.91,-0.15
7:23:59,0.12,-1.02,-0.14
7:23:59,0.05,-1.02,-0.12
7:23:59,0.08,-1.01,-0.16
7:23:59,0.08,-1.01,-0.15
7:23:59,0.07,-1.02,-0.16
7:23:59,0.06,-1.01,-0.16
7:23:59,0.06,-1.02,-0.17
7:24:0,0.07,-1.02,-0.16
7:24:0,0.06,-0.95,-0.21
7:24:0,0.26,-1.13,-0.14
7:24:0,0.02,-1.10,-0.12
7:24:0,0.07,-1.01,-0.17
7:24:0,0.13,-1.08,0.08
7:24:0,0.17,-1.00,-0.02
7:24:0,0.20,-0.98,-0.23
7:24:0,0.31,-1.01,-0.23
7:24:0,0.20,-0.90,-0.26
7:24:1,0.25,-0.94,-0.11
7:24:1,0.19,-1.01,-0.06
7:24:2,0.80,-0.02,0.65
7:24:3,1.00,-0.08,0.20
7:24:3,0.95,-0.21,-0.18
7:24:3,0.96,-0.24,-0.12
7:24:3,1.01,-0.23,-0.15
7:24:3,0.98,-0.26,-0.22
7:24:3,1.07,-0.20,-0.05
7:24:3,1.00,-0.09,-0.13
7:24:3,0.99,-0.03,-0.12
7:24:3,0.99,0.03,-0.19
7:24:3,0.99,0.00,-0.15
7:24:4,1.00,-0.05,-0.17
7:24:4,1.00,-0.04,-0.15
7:24:4,1.00,-0.08,-0.17
7:24:4,0.98,-0.13,-0.20
7:24:4,0.98,-0.16,-0.23
7:24:4,0.97,-0.22,-0.17
7:24:4,0.92,-0.09,-0.25
7:24:4,0.99,-0.17,-0.21
7:24:4,0.93,0.29,-0.30
7:24:4,0.44,-0.08,-0.33
7:24:5,1.01,0.09,-0.23
7:24:5,0.97,0.23,-0.11
7:24:5,0.96,0.25,-0.11
7:24:5,0.89,0.34,-0.13
7:24:5,0.97,0.33,-0.14
7:24:5,0.96,0.17,-0.19
7:24:5,0.51,0.73,-0.24
7:24:5,0.95,0.21,-0.20
7:24:5,0.92,0.35,-0.13
7:24:7,0.82,0.52,-0.22
7:24:7,0.81,0.45,-0.27
7:24:7,0.66,0.50,0.30
7:24:7,0.89,0.12,-0.43
7:24:7,0.92,0.20,-0.25
7:24:8,0.96,0.14,-0.25
7:24:8,1.04,0.06,-0.17
7:24:8,0.94,0.20,-0.29
7:24:8,0.96,0.15,-0.29
7:24:8,0.98,0.11,-0.26
7:24:8,0.98,0.07,-0.23
7:24:8,1.00,0.04,-0.30
7:24:8,0.98,0.10,-0.23
7:24:8,0.98,-0.02,-0.21
7:24:8,0.93,-0.05,-0.32
7:24:9,0.93,0.10,-0.22
7:24:9,0.84,0.30,-0.37
7:24:9,0.93,0.44,-0.13
7:24:9,0.93,0.45,-0.14
7:24:9,0.89,0.41,-0.16
7:24:9,0.95,0.38,-0.17
7:24:9,0.96,0.14,-0.19
7:24:9,0.97,0.23,-0.16
7:24:9,0.91,0.28,-0.12
7:24:41,-0.67,0.73,0.04
7:24:41,-0.50,0.95,-0.64
7:24:41,-1.03,0.77,-0.67
7:24:41,-0.85,0.43,-0.27
7:24:41,-0.85,0.39,-0.27
7:24:41,-0.82,0.35,-0.26
7:24:42,-0.92,0.32,-0.25
7:24:42,-0.92,0.30,-0.15
7:24:42,-0.90,0.33,-0.20
7:24:42,-0.75,0.30,-0.31
7:24:42,-0.91,0.34,-0.17
7:24:42,-0.88,0.39,-0.19
7:24:42,-0.89,0.29,-0.23
7:24:42,-0.85,0.36,-0.16
7:24:42,-0.93,0.32,-0.24
7:24:42,-0.32,0.51,0.07
7:24:43,-0.20,0.10,-0.17
7:24:43,-0.96,-0.12,-0.24
7:24:43,-0.99,-0.05,-0.17
7:24:43,-1.01,-0.18,-0.19
7:24:43,-0.90,-0.25,-0.14
7:24:43,-0.89,-0.39,-0.14
7:24:43,-0.82,-0.56,-0.18
7:24:43,-0.92,-0.50,-0.15
7:24:43,-1.14,0.23,-0.11
7:24:43,-0.55,-0.28,-0.17
7:24:44,-0.91,-0.29,-0.03
7:24:44,-0.94,-0.22,-0.03
7:24:44,-0.92,-0.38,0.02
7:24:44,-0.93,-0.38,-0.00
7:24:44,-0.92,-0.35,0.00
7:24:44,-0.93,-0.35,0.02
7:24:44,-0.93,-0.40,0.06
7:24:44,-0.92,-0.40,0.01
7:24:44,-0.92,-0.36,-0.03
7:24:44,-0.94,-0.33,-0.09
7:24:45,-0.93,-0.33,-0.04
7:24:45,-0.92,-0.38,0.00
7:24:45,-0.93,-0.34,0.05
7:24:45,-0.92,-0.33,-0.03
7:24:54,-0.87,-0.39,-0.14
7:24:54,-0.75,-0.43,-0.15
7:24:54,-0.99,-0.53,0.10
7:24:54,-0.88,-0.29,0.02
7:24:54,-0.45,-0.34,-0.37
7:24:55,-0.80,-0.50,-0.11
7:24:55,-0.85,-0.61,-0.08
7:24:55,-0.80,-0.55,-0.08
7:24:55,-0.79,-0.60,-0.06
7:24:55,-0.83,-0.63,0.00
7:24:55,-0.86,-0.67,0.17
7:24:55,-0.42,-0.86,0.22
7:24:55,-0.74,-0.62,0.05
7:24:55,-0.73,-0.71,0.12
7:24:55,-0.70,-0.72,0.10
7:24:56,-0.72,-0.70,0.10
7:24:56,-0.72,-0.71,0.10
7:24:56,-0.74,-0.69,0.09
7:24:56,-0.74,-0.70,0.07
7:24:56,-0.76,-0.67,0.09
7:24:56,-0.81,-0.60,0.07
7:24:56,-0.80,-0.63,0.09
7:24:56,-0.76,-0.64,0.08
7:24:56,-0.75,-0.66,0.08
7:24:56,-0.73,-0.68,0.07
7:24:57,-0.72,-0.72,0.09
7:24:57,-0.80,-0.64,0.08
7:24:57,-0.69,-0.75,0.09
7:24:57,-0.72,-0.63,0.18
7:24:57,-0.82,-0.71,0.20
7:24:57,-0.83,-0.53,0.08
7:24:57,-0.91,-0.42,0.07
7:24:57,-0.92,-0.39,0.06
7:25:3,-0.82,-0.48,-0.15
7:25:3,-0.90,-0.45,-0.11
7:25:3,-0.88,-0.45,-0.13
7:25:3,-0.88,-0.43,-0.11
7:25:3,-0.94,-0.42,-0.03
7:25:3,-0.91,-0.40,-0.02
7:25:3,-0.91,-0.39,-0.01
7:25:3,-0.93,-0.40,0.01
7:25:3,-0.91,-0.38,0.01
7:25:4,-0.93,-0.41,0.02
7:25:4,-0.91,-0.39,0.01
7:25:4,-0.92,-0.40,0.06
7:25:4,-0.96,-0.39,0.07
7:25:4,-0.92,-0.39,0.04
7:25:4,-0.93,-0.38,0.05
7:25:4,-0.93,-0.39,0.05
7:25:4,-0.93,-0.38,0.05
7:25:4,-0.92,-0.37,0.08
7:25:4,-0.93,-0.37,0.07
7:29:33,-0.97,-0.21,-0.11
7:29:33,-0.94,-0.24,-0.10
7:29:33,-0.97,-0.23,-0.10
7:29:33,-0.96,-0.21,-0.08
7:29:33,-0.94,-0.22,-0.11
7:29:33,-0.97,-0.22,-0.06
7:29:33,-0.97,-0.21,-0.10
7:29:33,-0.97,-0.22,-0.09
7:29:34,-0.95,-0.22,-0.15
7:29:34,-0.95,-0.22,-0.09
7:29:34,-0.99,-0.16,-0.06
7:29:34,-0.96,-0.25,-0.09
7:29:34,-0.98,-0.13,-0.09
7:29:34,-0.94,-0.11,-0.04
7:29:34,-0.91,-0.08,-0.10
7:29:34,-0.99,-0.05,0.00
7:29:34,-1.01,0.06,-0.03
7:29:34,-0.70,0.04,0.27
7:29:35,-0.47,0.22,-1.28
7:29:35,-0.61,-0.22,-0.13
7:29:35,-0.91,-0.04,-0.06
7:29:35,-0.98,-0.04,-0.07
7:29:35,-0.97,-0.06,-0.09
7:29:35,-0.99,-0.08,-0.12
7:29:35,-0.98,-0.06,-0.11
7:29:35,-0.98,-0.03,-0.14
7:29:35,-0.98,-0.06,-0.14
7:29:35,-0.97,-0.01,-0.13
7:29:36,-0.99,-0.08,-0.13
7:29:36,-0.97,-0.02,-0.17
7:29:36,-0.96,-0.00,-0.20
7:29:36,-0.97,-0.01,-0.17
7:29:36,-0.97,0.01,-0.18
7:29:36,-0.96,0.05,-0.20
7:29:36,-0.98,-0.01,-0.15
7:29:36,-0.99,0.07,-0.15
7:29:36,-0.98,0.07,-0.15
7:29:36,-0.77,0.04,-0.14
7:29:37,-0.94,-0.05,-0.16
7:29:39,-0.87,-0.48,-0.08
7:29:39,-0.87,-0.52,-0.07
7:29:39,-0.88,-0.52,-0.06
7:29:39,-0.86,-0.51,-0.06
7:29:39,-0.87,-0.49,-0.07
7:29:40,-0.88,-0.47,-0.07
7:29:40,-0.88,-0.46,-0.06
7:29:40,-1.02,-0.52,-0.08
7:29:40,-1.02,-0.44,-0.08
7:29:40,0.17,-0.42,0.42
7:29:40,-0.70,-0.64,-0.39
7:29:40,-0.54,-0.67,-0.08
7:29:40,-0.73,-0.63,-0.26
7:29:40,-0.75,-0.63,-0.24
7:29:40,-0.73,-0.66,-0.24
7:29:41,-0.72,-0.66,-0.26
7:29:41,-0.73,-0.64,-0.25
7:29:41,-0.74,-0.65,-0.24
7:29:41,-0.74,-0.64,-0.25
7:29:41,-0.73,-0.63,-0.25
7:29:41,-0.73,-0.65,-0.25
7:29:41,-0.74,-0.62,-0.27
7:29:41,-0.73,-0.63,-0.26
7:29:41,-0.74,-0.65,-0.24
7:29:41,-0.72,-0.67,-0.25
7:29:42,-0.71,-0.68,-0.24
7:29:42,-0.71,-0.70,-0.25
7:29:42,-0.68,-0.75,-0.26
7:29:42,-0.64,-0.74,-0.27
7:29:47,-0.52,-0.89,-0.11
7:29:47,-0.50,-0.88,-0.13
7:29:47,-0.53,-0.85,-0.14
7:29:48,-0.53,-0.86,-0.13
7:29:48,-0.55,-0.85,-0.14
7:29:48,-0.53,-0.86,-0.14
7:29:48,-0.51,-0.87,-0.13
7:29:48,-0.50,-0.87,-0.14
7:29:48,-0.48,-0.88,-0.11
7:29:48,-0.46,-0.89,-0.14
7:29:48,-0.50,-0.89,-0.14
7:29:48,-0.31,-0.93,-0.17
7:29:48,-0.27,-0.98,-0.23
7:29:49,-0.21,-0.99,-0.21
7:29:49,-0.16,-0.95,-0.19
7:29:49,-0.04,-1.03,-0.18
7:29:49,-0.16,-1.01,-0.20
7:29:49,-0.19,-0.97,-0.35
7:29:49,-0.37,-0.91,-0.15
7:29:52,-0.06,-1.16,0.12
7:29:52,-0.11,-1.10,-0.09
7:29:52,-0.12,-1.02,-0.09
7:29:52,-0.12,-1.02,-0.10
7:29:52,-0.12,-1.04,-0.12
7:29:53,-0.11,-0.98,-0.09
7:29:53,-0.06,-0.99,-0.24
7:29:53,-0.12,-1.03,-0.07
7:29:53,-0.12,-1.04,-0.09
7:29:53,-0.12,-1.02,-0.13
7:29:53,-0.16,-1.02,-0.13
7:29:53,-0.17,-0.96,-0.15
7:29:53,-0.09,-0.96,-0.10
7:29:53,-0.15,-1.02,-0.05
7:29:53,-0.15,-1.02,-0.06
7:29:54,-0.16,-1.02,-0.09
7:29:54,-0.15,-1.02,-0.12
7:29:54,-0.17,-1.01,-0.06
7:29:54,-0.22,-1.04,-0.02
8:3:13,0.04,-1.00,-0.12
8:3:14,0.08,-1.02,-0.12
8:3:14,0.07,-0.99,-0.11
8:3:14,0.53,-1.04,0.04
8:3:14,0.47,-0.84,0.02
8:3:14,0.51,-0.14,-0.35
8:3:14,-0.16,1.76,0.55
8:3:14,-1.07,0.96,0.24
8:3:14,-0.35,0.47,-0.16
8:3:14,-0.43,0.74,-0.13
8:3:14,-0.56,0.74,-0.16
8:3:15,-0.55,0.78,-0.09
8:3:15,-0.57,0.76,-0.10
8:3:15,-0.58,0.77,-0.09
8:3:15,-0.57,0.77,-0.10
8:3:15,-0.44,0.83,-0.18
8:3:15,-0.58,0.85,-0.10
8:3:15,-0.35,0.96,-0.07
8:3:15,-0.00,0.68,-0.43
8:3:15,-0.13,1.21,-0.18
8:3:15,0.43,0.65,-0.32
8:3:16,0.48,0.91,-0.23
8:3:16,0.56,0.91,-0.22
8:3:16,0.63,0.34,-0.47
8:3:16,0.76,0.47,-0.29
8:3:16,0.82,0.55,-0.26
8:3:18,-0.30,0.70,-0.20
8:3:18,-0.59,0.98,-0.13
8:3:18,-0.01,1.01,-0.28
8:3:18,0.24,0.92,-0.16
8:3:18,-0.05,0.96,-0.17
8:3:18,0.23,0.92,-0.16
8:3:18,0.12,0.88,-0.03
8:3:18,0.20,0.93,-0.02
8:3:18,0.14,0.96,0.02
8:3:19,-0.07,0.99,0.09
8:3:19,0.06,0.93,0.12
8:3:19,-0.04,0.85,0.15
8:3:19,-0.52,0.56,0.04
8:3:19,-0.94,0.46,0.11
8:3:19,-0.75,0.41,-0.16
8:3:19,-0.76,0.60,0.05
8:3:19,-0.68,0.63,0.14
8:3:19,-0.47,0.75,0.08
8:3:19,-0.50,0.83,0.06
8:3:20,-0.47,0.84,0.06
8:3:20,-0.36,0.82,-0.10
8:3:20,-0.40,0.87,-0.08
8:3:20,-0.44,0.87,-0.10
8:3:20,-0.41,0.83,-0.06
8:3:20,-0.32,0.84,-0.11
8:3:20,-0.38,0.84,-0.10
8:3:20,-0.55,0.82,-0.04
8:3:20,-0.49,0.83,-0.03
8:3:20,-0.54,0.87,-0.06
8:3:21,-0.48,0.84,-0.08
8:3:21,-0.46,0.84,-0.07
8:3:21,-0.48,0.85,-0.06
8:3:21,-0.47,0.84,-0.07
8:3:21,-0.47,0.84,-0.06
8:3:35,0.96,0.19,-0.26
8:3:35,0.95,0.20,-0.26
8:3:35,0.95,0.20,-0.27
8:3:35,0.97,0.17,-0.26
8:3:35,0.96,0.19,-0.26
8:3:36,0.96,0.18,-0.25
8:3:36,0.96,0.18,-0.27
8:3:36,0.96,0.18,-0.26
8:3:36,0.96,0.18,-0.27
8:3:36,0.96,0.18,-0.25
8:3:36,0.96,0.19,-0.26
8:3:36,0.96,0.17,-0.25
8:3:36,0.95,0.18,-0.27
8:3:36,0.95,0.18,-0.27
8:3:36,0.96,0.18,-0.27
8:3:37,0.96,0.18,-0.26
8:3:37,0.97,0.19,-0.26
8:3:37,0.95,0.19,-0.26
8:3:37,0.94,0.21,-0.26
8:3:37,0.96,0.20,-0.26
8:3:58,-0.01,0.97,-0.03
8:3:58,0.00,0.96,-0.02
8:3:58,-0.01,0.97,-0.04
8:3:58,-0.01,0.96,-0.04
8:3:59,-0.00,0.96,-0.04
8:3:59,-0.01,0.97,-0.03
8:3:59,-0.01,0.98,-0.04
8:3:59,-0.01,0.97,-0.03
8:3:59,-0.01,0.97,-0.04
8:3:59,-0.02,0.96,-0.04
8:3:59,-0.01,0.97,-0.02
8:3:59,-0.01,0.97,-0.04
8:3:59,-0.01,0.97,-0.02
8:3:59,0.00,0.96,-0.03
8:4:0,-0.01,0.98,-0.03
8:4:0,-0.05,0.96,-0.04
8:4:0,-0.03,0.97,-0.04
8:4:0,-0.02,0.97,-0.04
8:4:0,-0.01,0.97,-0.03
8:4:0,-0.01,0.97,-0.03
8:4:52,-0.11,0.95,-0.05
8:4:52,-0.12,0.96,-0.06
8:4:53,-0.13,0.96,-0.05
8:4:53,-0.12,0.96,-0.05
8:4:53,-0.13,0.96,-0.03
8:4:53,-0.07,0.95,-0.05
8:4:53,0.02,0.96,-0.02
8:4:53,0.31,0.90,-0.04
8:4:53,0.21,0.99,-0.03
8:4:53,0.07,1.02,0.02
8:4:53,0.12,0.97,0.00
8:4:53,0.13,0.96,0.01
8:4:54,0.23,0.90,0.01
8:4:54,0.19,0.94,0.00
8:4:54,0.09,0.97,0.01
8:4:54,0.17,0.95,0.02
8:4:54,0.08,1.00,0.03
8:4:54,0.05,0.98,0.04
8:4:54,0.14,0.95,0.03
9:10:15,-0.87,-0.48,-0.02
9:10:15,-0.87,-0.57,0.03
9:10:15,-0.83,-0.48,0.02
9:10:15,-0.82,-0.58,0.00
9:10:15,-0.81,-0.60,-0.01
9:10:15,-0.82,-0.57,0.02
9:10:15,-0.79,-0.63,0.00
9:10:15,-0.79,-0.62,0.01
9:10:15,-0.79,-0.62,0.01
9:10:16,-0.80,-0.62,0.02
9:10:16,-0.79,-0.62,0.00
9:10:16,-0.80,-0.62,0.02
9:10:16,-0.80,-0.63,0.01
9:10:16,-0.78,-0.62,0.00
9:10:16,-0.78,-0.64,0.03
9:10:16,-0.77,-0.62,0.00
9:10:16,-0.78,-0.63,0.02
9:10:16,-0.78,-0.64,0.01
9:10:16,-0.78,-0.64,0.02
9:10:17,-0.78,-0.63,0.01
9:10:41,-0.77,-0.65,-0.06
9:10:41,-0.78,-0.66,-0.05
9:10:42,-0.75,-0.66,-0.07
9:10:42,-0.75,-0.68,-0.09
9:10:42,-0.74,-0.67,-0.09
9:10:42,-0.74,-0.67,-0.08
9:10:42,-0.76,-0.66,-0.04
9:10:42,-0.73,-0.65,-0.12
9:10:42,-0.76,-0.70,-0.04
9:10:42,-0.74,-0.69,-0.06
9:10:42,-0.75,-0.68,-0.06
9:10:42,-0.74,-0.68,-0.06
9:10:43,-0.75,-0.67,-0.07
9:10:43,-0.77,-0.66,-0.07
9:10:43,-0.75,-0.66,-0.05
9:10:43,-0.75,-0.67,-0.06
9:10:43,-0.76,-0.67,-0.04
9:10:43,-0.75,-0.67,-0.06
9:10:43,-0.76,-0.68,-0.06
9:10:43,-0.75,-0.66,-0.12
9:22:52,0.54,0.81,0.15
9:22:52,0.44,0.85,0.05
9:22:52,0.66,0.61,0.11
9:22:52,0.90,0.38,0.02
9:22:52,0.86,0.51,0.05
9:22:53,0.86,0.50,0.04
9:22:53,0.87,0.50,0.05
9:22:53,0.87,0.49,0.04
9:22:53,0.87,0.50,0.03
9:22:53,0.86,0.50,0.06
9:22:53,0.87,0.51,0.04
9:22:53,0.87,0.49,0.05
9:22:53,0.87,0.50,0.04
9:22:53,0.87,0.49,0.05
9:22:53,0.88,0.49,0.04
9:22:54,0.87,0.49,0.05
9:22:54,0.86,0.49,0.04
9:22:54,0.88,0.49,0.04
9:22:54,0.87,0.50,0.05
9:23:0,0.89,0.36,-0.00
9:23:0,0.88,0.36,-0.01
9:23:1,0.87,0.43,-0.02
9:23:1,0.95,0.49,0.02
9:23:1,0.89,0.38,0.02
9:23:1,0.91,0.45,0.02
9:23:1,0.90,0.41,-0.01
9:23:1,0.93,0.39,0.02
9:23:1,0.93,0.38,0.00
9:23:1,0.92,0.39,0.01
9:23:1,0.91,0.39,0.00
9:23:1,0.93,0.41,-0.01
9:23:2,0.91,0.40,0.00
9:23:2,0.93,0.41,0.01
9:23:2,0.91,0.37,0.00
9:23:2,0.95,0.38,0.02
9:23:2,0.94,0.39,0.02
9:23:2,0.93,0.37,0.01
9:23:2,0.94,0.39,0.02
9:23:2,0.92,0.41,-0.02
9:39:6,0.70,-0.68,-0.32
9:39:6,0.71,-0.67,-0.31
9:39:6,0.73,-0.70,-0.31
9:39:6,0.72,-0.62,-0.35
9:39:6,0.70,-0.68,-0.32
9:39:6,0.68,-0.69,-0.33
9:39:6,0.69,-0.68,-0.32
9:39:6,0.69,-0.68,-0.33
9:39:6,0.69,-0.70,-0.32
9:39:6,0.68,-0.70,-0.33
9:39:7,0.70,-0.69,-0.30
9:39:7,0.69,-0.69,-0.32
9:39:7,0.70,-0.69,-0.33
9:39:7,0.71,-0.68,-0.32
9:39:7,0.70,-0.68,-0.32
9:39:7,0.69,-0.68,-0.33
9:39:7,0.70,-0.70,-0.30
9:39:7,0.69,-0.69,-0.31
9:39:7,0.70,-0.70,-0.31
9:39:17,-0.07,-1.02,0.09
9:39:17,-0.07,-1.03,0.09
9:39:17,-0.08,-1.03,0.10
9:39:17,-0.08,-1.02,0.08
9:39:17,-0.07,-1.03,0.08
9:39:17,-0.07,-1.03,0.09
9:39:17,-0.07,-1.04,0.07
9:39:18,-0.08,-1.05,0.08
9:39:18,-0.07,-1.03,0.09
9:39:18,-0.07,-1.03,0.07
9:39:18,-0.09,-1.03,0.09
9:39:18,-0.07,-1.03,0.09
9:39:18,-0.06,-1.04,0.09
9:39:18,-0.07,-1.02,0.09
9:39:18,-0.07,-1.03,0.08
9:39:18,-0.07,-1.03,0.08
9:39:18,-0.06,-1.03,0.09
9:39:19,-0.06,-1.03,0.08
9:39:19,-0.06,-1.02,0.09
9:39:19,-0.08,-1.02,0.10
9:39:24,0.93,-0.14,-0.16
9:39:24,0.99,-0.27,-0.09
9:39:24,0.98,-0.29,-0.09
9:39:24,0.97,-0.29,-0.09
9:39:24,0.98,-0.29,-0.10
9:39:24,0.98,-0.28,-0.09
9:39:24,0.99,-0.30,-0.09
9:39:25,0.99,-0.28,-0.10
9:39:25,0.98,-0.29,-0.08
9:39:25,0.98,-0.29,-0.09
9:39:25,0.98,-0.29,-0.10
9:39:25,0.98,-0.28,-0.10
9:39:25,0.98,-0.29,-0.08
9:39:25,0.98,-0.30,-0.09
9:39:25,0.98,-0.30,-0.08
9:39:25,0.98,-0.29,-0.08
9:39:25,0.98,-0.30,-0.08
9:39:26,0.98,-0.30,-0.10
9:39:26,0.98,-0.31,-0.09
9:39:26,0.97,-0.31,-0.08
10:11:41,0.65,-0.69,-0.11
10:11:41,0.71,-0.67,-0.03
10:11:41,0.85,-0.71,-0.08
10:11:41,0.84,-0.68,-0.09
10:11:42,0.78,-0.65,-0.11
10:11:42,0.87,-0.61,-0.09
10:11:42,0.79,-0.67,-0.14
10:11:42,0.93,-0.67,-0.08
10:11:42,0.85,-0.71,-0.07
10:11:42,0.79,-0.65,-0.08
10:11:42,0.80,-0.62,-0.10
10:11:42,0.70,-0.67,-0.13
10:11:42,1.13,-0.86,-0.11
10:11:42,1.16,-0.89,0.14
10:11:43,0.89,-0.72,0.17
10:11:43,0.80,-0.58,-0.06
10:11:43,0.75,-0.50,-0.18
10:11:43,1.82,-0.85,-0.56
10:11:43,0.54,-0.71,0.18
10:11:43,0.83,-0.89,0.19
10:11:43,0.72,-0.75,-0.17
10:11:43,0.62,-0.62,-0.09
10:11:43,0.75,-0.55,-0.24
10:11:43,0.39,0.41,-0.36
10:11:44,0.98,-0.54,0.20
10:11:44,0.85,-0.52,0.09
10:11:44,0.71,-0.70,-0.10
10:11:44,0.79,-0.68,-0.05
10:11:44,0.89,-0.61,0.01
10:11:44,0.85,-0.57,-0.04
10:11:44,0.86,-0.55,-0.01
10:11:44,0.86,-0.58,-0.03
10:11:44,0.84,-0.59,-0.03
10:11:44,0.84,-0.58,-0.03
10:11:45,0.85,-0.58,-0.01
10:11:45,0.85,-0.58,-0.04
10:11:45,0.83,-0.60,-0.04
10:11:45,0.84,-0.62,-0.03
10:11:45,0.82,-0.61,-0.02
10:11:45,0.81,-0.62,-0.04
10:11:45,0.82,-0.65,-0.03
10:11:45,0.81,-0.65,-0.02
10:11:45,0.76,-0.73,-0.05
10:11:45,0.79,-0.67,-0.06
10:11:46,0.76,-0.74,-0.00
10:11:46,0.75,-0.69,-0.10
10:11:46,0.79,-0.44,-0.09
10:11:46,0.78,-0.67,-0.07
10:53:13,0.94,-0.38,0.12
10:53:13,0.94,-0.37,0.08
10:53:13,0.91,-0.41,0.08
10:53:13,1.06,-0.18,-0.01
10:53:13,0.88,0.41,-0.04
10:53:13,0.86,-1.03,-0.31
10:53:13,0.78,-0.20,0.01
10:53:13,0.82,-0.59,-0.01
10:53:13,0.84,-0.62,-0.13
10:53:14,0.88,-0.57,0.01
10:53:14,0.82,-0.61,-0.08
10:53:14,0.86,-0.57,-0.02
10:53:14,0.84,-0.59,-0.05
10:53:14,0.84,-0.60,-0.04
10:53:14,0.84,-0.59,-0.04
10:53:14,0.83,-0.58,-0.07
10:53:14,0.85,-0.58,-0.03
10:53:14,0.84,-0.58,-0.05
10:53:14,0.83,-0.60,-0.04
10:53:15,0.94,-0.61,0.03
10:53:15,0.80,-0.82,-0.02
10:53:15,0.82,-0.67,-0.25
10:53:15,0.84,-0.59,-0.00
10:53:15,0.85,-0.57,-0.09
10:53:15,0.80,-0.55,-0.03
10:53:15,0.85,-0.57,-0.06
10:53:20,0.83,-0.52,0.03
10:53:20,1.03,-0.57,0.07
10:53:20,0.43,-0.69,0.09
10:53:20,0.21,-1.06,-0.00
10:53:20,0.20,-1.01,0.04
10:53:20,0.14,-1.03,-0.01
10:53:20,0.14,-1.24,0.15
10:53:21,-0.27,-0.93,0.07
10:53:21,-0.07,-0.95,-0.00
10:53:21,-0.14,-0.94,0.20
10:53:21,-0.04,-1.11,0.10
10:53:21,0.00,-0.99,0.19
10:53:21,-0.05,-1.04,0.13
10:53:21,0.03,-1.12,0.33
10:53:21,0.02,-0.65,0.16
10:53:21,0.01,-1.02,0.16
10:53:21,0.04,-1.01,0.15
10:53:22,0.05,-1.01,0.16
10:53:22,0.03,-1.01,0.15
10:53:22,0.05,-1.01,0.15
10:53:22,0.03,-1.02,0.14
10:53:22,0.03,-1.01,0.15
10:53:22,0.01,-1.03,0.15
10:53:38,-0.73,-1.08,-0.13
10:53:38,-0.58,-0.96,-0.01
10:53:38,-0.64,-0.78,0.03
10:53:38,-0.67,-0.75,0.03
10:53:38,-0.85,-0.64,0.05
10:53:38,-0.81,-0.54,0.14
10:53:39,-0.74,-0.23,-0.01
10:53:39,-0.68,-0.27,-0.32
10:53:39,-0.81,-0.56,-0.16
10:53:39,-0.83,-0.55,-0.25
10:53:39,-0.94,-0.47,-0.17
10:53:39,-1.03,-0.33,-0.11
10:53:39,-1.24,0.32,-0.06
10:53:39,-0.87,0.36,-0.01
10:53:39,-0.90,0.39,0.01
10:53:39,-0.86,0.38,-0.04
10:53:40,-0.98,0.36,-0.02
10:53:40,-0.88,0.35,-0.05
10:53:40,-1.14,0.07,-0.05
10:53:40,-0.93,0.36,-0.03
10:53:40,-0.85,0.46,0.05
10:53:40,-0.91,0.36,0.08
10:53:40,-0.95,0.35,0.10
10:53:40,-0.91,0.26,-0.01
10:53:40,-0.92,0.38,0.02
10:53:40,-0.94,0.36,0.04
10:53:41,-0.69,0.11,-0.10
10:53:41,-1.26,0.59,0.19
10:53:41,-0.95,-0.17,1.46
10:53:41,-1.34,0.04,-0.23
10:53:41,-0.85,-0.45,0.21
10:53:41,-0.84,-0.43,0.15
10:53:41,-0.89,-0.40,0.22
10:53:41,-0.90,-0.41,0.18
10:53:41,-0.94,-0.36,0.18
10:53:41,-0.96,-0.26,0.22
10:53:42,-0.90,-0.33,0.13
10:53:42,-0.98,-0.11,0.15
10:53:42,-0.97,-0.00,0.10
10:53:42,-1.00,-0.01,0.12
10:53:42,-0.97,-0.07,0.05
10:53:42,-0.94,0.04,0.05
10:53:42,-0.97,0.18,-0.10
10:53:42,-0.99,-0.03,0.06
10:53:42,-0.99,-0.09,0.07
10:53:42,-0.99,-0.04,0.04
10:53:43,-0.98,-0.03,0.04
10:53:43,-1.01,-0.05,0.04
10:53:43,-0.99,-0.02,0.01
10:53:43,-0.98,-0.03,0.04
10:53:43,-0.98,-0.02,0.04
10:53:43,-1.00,-0.05,0.06
10:53:50,-0.85,-0.35,-0.33
10:53:50,-1.07,-0.34,-0.16
10:53:50,-0.59,-0.49,-0.16
10:53:50,0.49,-1.05,0.01
10:53:50,-0.01,-0.94,-0.41
10:53:50,-1.22,-0.17,-0.50
10:53:50,-0.89,-0.19,0.50
10:53:50,-0.90,-0.23,-0.56
10:53:50,-0.76,-0.50,0.01
10:53:50,-1.13,-0.31,0.12
10:53:50,-0.99,-0.27,0.03
10:53:51,-0.96,-0.26,0.02
10:53:51,-0.97,-0.25,-0.03
10:53:51,-0.97,-0.24,-0.03
10:53:51,-0.95,-0.26,-0.03
10:53:51,-0.96,-0.22,-0.04
10:53:51,-0.97,-0.22,-0.05
10:53:51,-0.99,-0.20,-0.02
10:53:51,-0.99,-0.19,-0.07
10:53:51,-0.86,-0.01,-0.02
10:53:51,-1.03,-0.19,0.06
10:53:52,-0.57,0.01,-0.94
10:53:52,-1.19,-0.38,0.02
10:53:52,-0.99,-0.33,-0.19
11:5:36,1.00,-0.16,-0.11
11:5:37,0.99,-0.30,-0.21
11:5:37,0.91,-0.44,-0.15
11:5:37,0.78,-0.60,-0.25
11:5:37,0.71,-0.66,-0.21
11:5:37,0.71,-0.71,-0.25
11:5:37,0.69,-0.72,-0.25
11:5:37,0.91,-0.24,-0.18
11:5:37,0.71,-0.61,-0.21
11:5:37,0.51,-0.72,-0.28
11:5:37,0.82,-0.66,-0.28
11:5:38,0.79,-0.55,-0.32
11:5:38,0.80,-0.60,-0.32
11:5:38,0.79,-0.58,-0.32
11:5:38,0.80,-0.59,-0.32
11:5:38,0.70,-0.56,-0.31
11:5:38,0.84,-0.53,-0.31
11:5:38,0.84,-0.67,-0.29
11:5:38,0.79,-0.63,-0.24
11:5:38,0.55,-0.83,-0.17
11:5:38,0.69,-0.90,-0.24
11:5:39,0.51,-0.84,0.17
11:5:39,0.32,-1.00,0.06
11:5:39,0.33,-0.87,0.27
11:5:39,0.40,-0.95,0.37
11:5:39,0.67,-0.77,-0.23
11:5:39,0.61,-0.81,-0.11
11:5:39,0.63,-0.81,-0.14
11:5:39,0.63,-0.80,-0.15
11:5:39,0.62,-0.82,-0.13
11:5:39,0.67,-0.77,-0.17
11:5:40,0.76,-0.59,-0.32
11:5:40,0.98,-0.33,-0.38
11:5:40,0.90,-0.47,-0.35
11:5:40,0.56,-0.70,-0.51
11:5:40,0.80,-0.53,-0.43
11:5:40,0.76,-0.53,-0.46
11:5:40,0.78,-0.49,-0.55
11:5:40,0.75,-0.60,-0.43
11:5:40,0.74,-0.56,-0.43
11:5:40,0.74,-0.58,-0.43
11:5:41,0.74,-0.58,-0.42
11:5:41,0.73,-0.57,-0.42
11:5:41,0.74,-0.57,-0.44
11:5:41,0.71,-0.54,-0.38
11:5:41,0.74,-0.57,-0.40
11:5:41,0.78,-0.58,-0.42
11:5:41,0.76,-0.58,-0.39
11:5:41,0.75,-0.60,-0.38
11:5:41,0.76,-0.58,-0.38
11:5:41,0.75,-0.57,-0.36
11:5:42,0.79,-0.55,-0.36
11:5:42,0.80,-0.55,-0.31
11:5:42,0.82,-0.56,-0.30
11:5:44,0.76,-0.68,-0.15
11:5:45,0.77,-0.68,-0.14
11:5:45,0.77,-0.68,-0.13
11:5:45,0.76,-0.69,-0.15
11:5:45,0.76,-0.68,-0.15
11:5:45,0.76,-0.68,-0.15
11:5:45,0.77,-0.67,-0.16
11:5:45,0.69,-0.71,-0.17
11:5:45,0.71,-0.74,-0.16
11:5:45,0.71,-0.77,-0.17
11:5:45,0.87,-0.64,0.03
11:5:46,0.42,-0.90,-0.08
11:5:46,-0.22,-0.94,-0.24
11:5:46,-0.52,-0.90,-0.10
11:5:46,-0.18,-0.94,-0.20
11:5:46,-0.56,-0.61,-0.41
11:5:46,-0.47,-0.60,-0.70
11:5:46,-0.57,-0.53,-0.60
11:5:46,-0.65,-0.50,-0.58
11:5:46,-0.58,-0.56,-0.50
11:5:46,-0.56,-0.66,-0.61
11:5:47,-0.52,-0.62,-0.59
11:5:47,-0.53,-0.62,-0.55
11:5:47,-0.52,-0.65,-0.52
11:5:47,-0.57,-0.68,-0.54
11:5:47,-0.54,-0.66,-0.51
11:5:47,-0.55,-0.67,-0.51
11:5:47,-0.59,-0.72,-0.50
11:5:47,-0.60,-0.71,-0.45
11:5:47,-0.58,-0.71,-0.41
11:5:47,-0.59,-0.71,-0.42
11:5:48,-0.58,-0.71,-0.41
11:5:48,-0.59,-0.71,-0.43
11:5:48,-0.60,-0.71,-0.41
11:5:57,-0.80,-0.58,-0.11
11:5:57,-0.82,-0.59,-0.10
11:5:57,-0.82,-0.59,-0.08
11:5:57,-0.81,-0.60,-0.14
11:5:57,-0.80,-0.60,-0.15
11:5:57,-0.79,-0.59,-0.18
11:5:57,-0.80,-0.59,-0.16
11:5:57,-0.80,-0.58,-0.14
11:5:57,-0.81,-0.60,-0.15
11:5:57,-0.80,-0.59,-0.14
11:5:58,-0.79,-0.60,-0.14
11:5:58,-0.79,-0.60,-0.14
11:5:58,-0.79,-0.60,-0.15
11:5:58,-0.79,-0.59,-0.15
11:5:58,-0.80,-0.59,-0.16
11:5:58,-0.80,-0.57,-0.16
11:5:58,-0.80,-0.57,-0.16
11:5:58,-0.80,-0.58,-0.17
11:5:58,-0.80,-0.58,-0.17
11:6:10,-0.31,-1.04,-0.07
11:6:11,-0.31,-0.97,-0.09
11:6:11,-0.31,-0.98,-0.08
11:6:11,-0.29,-0.98,-0.06
11:6:11,-0.27,-1.01,-0.05
11:6:11,-0.35,-0.95,-0.09
11:6:11,-0.32,-0.98,-0.08
11:6:11,-0.31,-0.97,-0.09
11:6:11,-0.31,-0.97,-0.07
11:6:11,-0.27,-0.98,-0.09
11:6:11,-0.27,-0.99,-0.06
11:6:11,-0.28,-0.98,-0.07
11:6:12,-0.27,-0.99,-0.05
11:6:12,-0.28,-0.98,-0.07
11:6:12,-0.27,-0.98,-0.05
11:6:12,-0.30,-0.97,-0.10
11:6:12,-0.29,-0.99,-0.09
11:6:12,-0.31,-0.97,-0.10
11:6:12,-0.31,-0.97,-0.08
11:6:12,-0.30,-0.98,-0.09
11:6:12,-0.30,-0.98,-0.10
11:6:12,-0.29,-0.97,-0.09
11:6:17,0.08,-1.04,0.09
11:6:17,0.11,-1.04,0.13
11:6:17,-0.04,-1.06,-0.16
11:6:17,0.21,-1.00,0.07
11:6:17,0.07,-1.02,0.07
11:6:17,0.11,-1.30,0.52
11:6:17,-0.06,-0.88,-0.25
11:6:17,0.08,-1.03,-0.06
11:6:17,0.01,-1.02,-0.09
11:6:17,-0.03,-1.04,-0.08
11:6:18,-0.03,-1.00,-0.12
11:6:18,-0.01,-1.04,-0.10
11:6:18,-0.05,-0.98,-0.20
11:6:18,-0.27,-0.89,-0.18
11:6:18,0.05,-1.07,-0.08
11:6:18,-0.08,-1.00,-0.16
11:6:18,0.00,-1.04,-0.09
11:6:18,0.08,-1.04,-0.14
11:6:18,-0.04,-1.04,0.42
11:6:19,0.13,-0.75,-0.25
11:6:19,0.18,-1.01,-0.11
11:6:19,0.17,-1.02,-0.10
11:6:19,0.13,-0.99,-0.14
11:6:19,0.07,-1.05,-0.16
11:6:19,0.06,-0.99,-0.21
11:6:19,0.08,-0.99,-0.15
11:6:19,0.10,-1.02,-0.14
11:6:19,0.08,-1.02,-0.15
11:6:19,0.40,-0.46,0.29
11:6:19,-0.33,-1.32,-0.59
11:6:20,-0.19,-1.36,0.33
11:6:20,-0.29,-0.93,0.08
11:6:20,-0.34,-0.97,0.02
11:6:20,-0.39,-0.92,-0.01
11:6:20,-0.23,-0.61,0.13
11:6:20,-0.34,-0.77,-0.25
11:6:20,-0.82,-1.35,-0.18
11:6:20,-0.28,-0.94,-0.13
11:6:20,-0.22,-1.01,-0.10
11:6:20,-0.18,-1.01,-0.11
11:6:21,-0.21,-1.00,-0.11
11:6:21,-0.21,-1.01,-0.08
11:6:21,-0.26,-1.00,-0.07
11:6:21,-0.37,-0.91,-0.16
11:6:21,-0.03,-1.05,-0.17
11:6:21,-0.27,-1.03,-0.09
11:6:21,-0.08,-0.90,-0.13
11:6:21,-0.15,-0.99,-0.12
11:6:21,-0.16,-1.02,-0.13
11:6:21,-0.21,-1.00,-0.12
11:6:22,-0.19,-1.02,-0.09
11:6:22,-0.19,-0.99,-0.10
11:6:22,-0.28,-1.00,-0.08
11:6:22,-0.29,-0.96,-0.06
11:6:22,-0.28,-1.06,-0.19
11:6:22,-0.33,-0.99,-0.07
11:6:22,-0.34,-0.97,-0.07
11:6:24,-0.52,-0.87,-0.09
11:6:24,-0.51,-0.88,-0.07
11:6:24,-0.51,-0.89,-0.05
11:6:24,-0.51,-0.87,-0.06
11:6:24,-0.50,-0.85,-0.11
11:6:24,-0.46,-0.90,-0.08
11:6:24,-0.46,-0.90,-0.08
11:6:24,-0.42,-0.92,-0.05
11:6:25,-0.39,-0.92,-0.07
11:6:25,-0.42,-0.93,-0.11
11:6:25,-0.49,-0.88,-0.12
11:6:25,-0.52,-0.86,-0.12
11:6:25,-0.55,-0.89,-0.05
11:6:25,-0.39,-0.89,-0.02
11:6:25,-0.47,-0.93,-0.05
11:6:25,-0.47,-0.97,-0.03
11:6:25,-0.54,-0.89,-0.12
11:6:25,-0.49,-0.89,-0.07
11:6:26,-0.51,-0.89,-0.06
11:6:26,-0.49,-0.90,-0.06
11:43:48,-0.93,-0.34,0.00
11:43:49,-0.92,-0.34,-0.01
11:43:49,-0.93,-0.33,-0.00
11:43:49,-0.93,-0.28,-0.03
11:43:49,-0.95,-0.31,0.02
11:43:49,-0.94,-0.31,-0.00
11:43:49,-0.94,-0.31,0.01
11:43:49,-0.94,-0.29,0.03
11:43:49,-0.94,-0.29,-0.00
11:43:49,-0.96,-0.29,-0.00
11:43:49,-0.93,-0.28,-0.02
11:43:50,-0.99,-0.30,-0.04
11:43:50,-0.97,-0.30,0.02
11:43:50,-0.96,-0.24,-0.02
11:43:50,-0.95,-0.30,-0.01
11:43:50,-0.96,-0.30,0.02
11:43:50,-0.96,-0.26,-0.01
11:43:50,-0.94,-0.28,-0.02
11:43:50,-0.94,-0.27,-0.02
11:43:50,-0.96,-0.31,-0.00
11:45:49,-0.97,-0.15,-0.08
11:45:49,-0.96,-0.15,-0.07
11:45:49,-0.97,-0.16,-0.09
11:45:50,-0.97,-0.15,-0.07
11:45:50,-0.99,-0.15,-0.07
11:45:50,-0.96,-0.16,-0.08
11:45:50,-0.98,-0.14,-0.08
11:45:50,-0.98,-0.16,-0.07
11:45:50,-0.97,-0.16,-0.07
11:45:50,-0.96,-0.15,-0.06
11:45:50,-0.97,-0.16,-0.08
11:45:50,-0.97,-0.16,-0.07
11:45:50,-0.96,-0.16,-0.08
11:45:51,-0.96,-0.16,-0.07
11:45:51,-0.97,-0.17,-0.09
11:45:51,-0.97,-0.17,-0.07
11:45:51,-0.96,-0.16,-0.08
11:45:51,-0.97,-0.16,-0.08
11:45:51,-0.98,-0.16,-0.09
11:58:42,-1.00,0.16,0.09
11:58:42,-0.98,0.06,0.05
11:58:42,-0.90,0.62,0.00
11:58:42,-0.81,0.13,-0.07
11:58:42,0.21,1.15,-0.06
11:58:42,-0.19,0.39,-0.15
11:58:42,-0.51,0.49,-0.18
11:58:42,-0.64,0.71,-0.13
11:58:42,-0.65,0.66,-0.15
11:58:42,-0.68,0.66,-0.10
11:58:43,-0.66,0.70,-0.07
11:58:43,-0.65,0.70,-0.09
11:58:43,-0.65,0.70,-0.08
11:58:43,-0.67,0.70,-0.08
11:58:43,-0.62,0.72,-0.06
11:58:43,-0.56,0.80,-0.05
11:58:43,-0.60,0.75,-0.08
11:58:43,-0.63,0.72,-0.09
11:58:43,-0.62,0.75,-0.08
11:58:43,-0.57,0.75,-0.10
11:58:44,-0.59,0.75,-0.10
11:58:44,-0.58,0.75,-0.17
11:58:44,-0.58,0.75,-0.11
11:58:44,-0.59,0.71,-0.16
11:58:44,-0.48,0.83,-0.15
12:41:39,0.60,0.75,-0.21
12:41:39,0.61,0.75,-0.23
12:41:39,0.60,0.74,-0.22
12:41:39,0.61,0.75,-0.22
12:41:40,0.60,0.75,-0.20
12:41:40,0.60,0.75,-0.22
12:41:40,0.61,0.75,-0.22
12:41:40,0.61,0.76,-0.22
12:41:40,0.60,0.76,-0.22
12:41:40,0.61,0.74,-0.22
12:41:40,0.61,0.74,-0.21
12:41:40,0.60,0.74,-0.22
12:41:40,0.61,0.75,-0.21
12:41:40,0.60,0.75,-0.20
12:41:41,0.61,0.75,-0.22
12:41:41,0.62,0.75,-0.21
12:41:41,0.61,0.75,-0.22
12:41:41,0.62,0.74,-0.20
12:41:41,0.61,0.75,-0.22
12:41:41,0.61,0.74,-0.20
13:7:27,0.96,0.22,-0.31
13:7:27,0.96,0.22,-0.32
13:7:27,0.92,0.16,-0.36
13:7:27,0.90,0.23,-0.35
13:7:27,0.87,0.24,-0.37
13:7:27,0.93,0.25,-0.36
13:7:27,0.93,0.19,-0.34
13:7:27,0.94,0.25,-0.34
13:7:27,0.91,0.19,-0.33
13:7:28,0.91,0.20,-0.38
13:7:28,0.94,0.20,-0.34
13:7:28,0.87,0.19,-0.38
13:7:28,0.89,0.19,-0.37
13:7:28,0.93,0.24,-0.34
13:7:28,0.91,0.23,-0.36
13:7:28,0.92,0.21,-0.39
13:7:28,0.89,0.22,-0.38
13:7:28,0.92,0.20,-0.40
13:7:28,0.89,0.19,-0.39
13:7:29,0.94,0.19,-0.43
13:7:31,0.87,-0.42,-0.34
13:7:31,0.86,-0.42,-0.33
13:7:31,0.86,-0.42,-0.32
13:7:31,0.85,-0.43,-0.34
13:7:31,0.90,-0.46,-0.33
13:7:31,0.86,-0.45,-0.31
13:7:31,0.79,-0.46,-0.36
13:7:32,0.86,-0.52,-0.38
13:7:32,0.89,-0.47,-0.38
13:7:32,0.86,-0.42,-0.39
13:7:32,0.87,-0.45,-0.35
13:7:32,0.89,-0.45,-0.34
13:7:32,0.84,-0.46,-0.38
13:7:32,0.84,-0.44,-0.37
13:7:32,0.82,-0.46,-0.37
13:7:32,0.81,-0.47,-0.39
13:7:32,0.86,-0.42,-0.38
13:7:33,0.85,-0.46,-0.37
13:7:33,0.87,-0.43,-0.38
13:7:33,0.84,-0.41,-0.40
13:25:29,0.22,-1.01,-0.02
13:25:29,0.22,-1.01,-0.02
13:25:29,0.22,-1.00,-0.02
13:25:30,0.22,-1.01,-0.03
13:25:30,0.22,-1.01,-0.03
13:25:30,0.22,-1.02,-0.03
13:25:30,0.22,-1.02,-0.01
13:25:30,0.22,-1.03,-0.03
13:25:30,0.21,-1.01,-0.03
13:25:30,0.23,-1.01,-0.03
13:25:30,0.22,-1.02,-0.02
13:25:30,0.22,-1.02,-0.02
13:25:30,0.22,-1.01,-0.04
13:25:31,0.22,-1.02,-0.03
13:25:31,0.21,-1.01,-0.03
13:25:31,0.21,-1.01,-0.02
13:25:31,0.22,-1.01,-0.03
13:25:31,0.22,-1.00,-0.03
13:25:31,0.20,-1.02,-0.04
15:6:14,0.63,-0.77,0.18
15:6:14,0.43,-0.69,0.16
15:6:14,0.88,-0.49,0.22
15:6:14,0.97,-0.22,0.10
15:6:14,1.46,0.38,-0.03
15:6:14,-0.03,-0.85,0.14
15:6:15,-0.06,-1.17,0.04
15:6:15,0.43,-0.98,0.04
15:6:15,0.87,-0.06,-0.10
15:6:15,0.78,-0.57,0.22
15:6:15,0.90,-0.49,-0.03
15:6:15,0.88,-0.47,0.05
15:6:15,0.91,-0.48,0.09
15:6:15,0.90,-0.47,0.11
15:6:15,0.89,-0.48,0.09
15:6:15,0.89,-0.47,0.09
15:6:16,0.89,-0.47,0.08
15:6:16,0.89,-0.48,0.09
15:6:16,0.90,-0.47,0.10
15:6:16,0.90,-0.43,0.10
15:6:16,0.84,-0.58,0.07
15:6:16,0.85,-0.59,0.08
15:6:16,0.79,-0.66,0.03
15:6:16,0.83,-0.53,0.04
15:6:16,0.87,-0.51,0.04
15:6:16,0.89,-0.42,0.04
15:6:22,0.97,-0.30,-0.00
15:6:22,0.96,-0.28,-0.01
15:6:22,0.98,-0.29,0.00
15:6:22,0.98,-0.28,0.00
15:6:22,0.98,-0.28,-0.02
15:6:22,0.98,-0.30,-0.01
15:6:23,0.98,-0.29,-0.01
15:6:23,0.98,-0.29,-0.00
15:6:23,0.97,-0.28,-0.02
15:6:23,0.98,-0.28,-0.01
15:6:23,0.98,-0.28,-0.01
15:6:23,0.97,-0.25,-0.01
15:6:23,0.99,-0.27,-0.02
15:6:23,0.99,-0.22,-0.00
15:6:23,0.99,-0.23,-0.02
15:6:23,0.99,-0.23,-0.02
15:6:24,0.99,-0.23,-0.01
15:6:24,0.99,-0.24,-0.01
15:6:24,0.98,-0.23,-0.01
15:6:32,0.95,-0.24,0.22
15:6:32,0.98,-0.16,0.21
15:6:32,0.97,-0.25,0.23
15:6:33,0.93,-0.30,0.23
15:6:33,0.95,-0.27,0.24
15:6:33,0.96,-0.25,0.23
15:6:33,0.94,-0.25,0.21
15:6:33,0.96,-0.30,0.15
15:6:33,0.98,-0.29,0.09
15:6:33,0.91,-0.34,0.13
15:6:33,0.98,-0.24,0.09
15:6:33,1.07,-0.13,0.05
15:6:33,0.98,-0.36,0.08
15:6:34,0.97,-0.13,0.04
15:6:34,0.98,-0.29,0.04
15:6:34,0.93,-0.35,0.06
15:6:34,0.94,-0.32,0.02
15:6:34,0.99,-0.26,0.08
15:6:34,1.00,-0.18,0.04
15:42:7,1.01,-0.08,-0.15
15:42:7,1.02,-0.13,-0.15
15:42:7,1.01,-0.08,-0.10
15:42:7,1.00,-0.10,-0.12
15:42:7,1.00,-0.09,-0.12
15:42:8,1.01,-0.10,-0.12
15:42:8,1.01,-0.11,-0.12
15:42:8,1.01,-0.10,-0.12
15:42:8,1.01,-0.11,-0.16
15:42:8,1.02,-0.12,-0.11
15:42:8,0.97,-0.11,-0.12
15:42:8,1.01,-0.08,-0.12
15:42:8,1.01,-0.08,-0.11
15:42:8,1.01,-0.09,-0.13
15:42:8,1.00,-0.11,-0.14
15:42:9,1.00,-0.09,-0.13
15:42:9,1.03,-0.09,-0.13
15:42:9,1.00,-0.11,-0.13
15:42:9,1.01,-0.11,-0.13
16:20:33,0.50,-0.87,-0.08
16:20:33,0.44,-0.91,-0.16
16:20:33,0.44,-0.92,-0.17
16:20:33,0.42,-0.93,-0.15
16:20:33,0.44,-0.94,-0.16
16:20:33,0.43,-0.92,-0.17
16:20:33,0.41,-0.92,-0.16
16:20:33,0.39,-0.95,-0.19
16:20:33,0.42,-0.94,-0.14
16:20:34,0.45,-0.90,-0.17
16:20:34,0.48,-0.92,-0.12
16:20:34,0.48,-0.91,-0.12
16:20:34,0.44,-0.94,-0.16
16:20:34,0.44,-0.94,-0.17
16:20:34,0.45,-0.92,-0.18
16:20:34,0.43,-0.93,-0.17
16:20:34,0.44,-0.95,-0.17
16:20:34,0.43,-0.93,-0.19
16:20:34,0.42,-0.90,-0.15
16:24:9,0.08,-1.01,-0.13
16:24:9,0.01,-1.05,-0.13
16:24:9,0.01,-1.08,-0.13
16:24:9,-0.08,-1.02,-0.14
16:24:9,0.04,-1.02,-0.19
16:24:9,-0.05,-1.03,-0.18
16:24:9,-0.03,-1.04,-0.15
16:24:9,0.08,-0.96,-0.19
16:24:9,0.04,-0.98,-0.18
16:24:10,-0.00,-1.00,-0.18
16:24:10,-0.14,-1.01,-0.17
16:24:10,-0.13,-0.98,-0.17
16:24:10,-0.08,-1.01,-0.19
16:24:10,0.02,-1.00,-0.19
16:24:10,0.03,-1.00,-0.21
16:24:10,-0.30,-0.92,-0.10
16:24:10,-0.30,-0.96,-0.23
16:24:10,-0.24,-0.98,-0.21
16:24:10,-0.26,-1.03,-0.22
16:24:11,-0.32,-0.93,-0.23
16:51:44,-0.67,-0.72,0.18
16:51:44,-0.70,-0.73,0.08
16:51:44,-0.69,-0.73,0.10
16:51:44,-0.68,-0.74,0.11
16:51:44,-0.69,-0.74,0.10
16:51:44,-0.69,-0.74,0.10
16:51:44,-0.68,-0.74,0.11
16:51:44,-0.68,-0.74,0.10
16:51:45,-0.69,-0.74,0.10
16:51:45,-0.68,-0.75,0.10
16:51:45,-0.68,-0.73,0.09
16:51:45,-0.69,-0.75,0.10
16:51:45,-0.68,-0.74,0.10
16:51:45,-0.69,-0.73,0.09
16:51:45,-0.68,-0.73,0.10
16:51:45,-0.69,-0.74,0.10
16:51:45,-0.68,-0.74,0.10
16:51:45,-0.69,-0.74,0.11
16:51:46,-0.68,-0.75,0.11
17:35:1,0.66,0.73,-0.10
17:35:2,0.71,0.70,-0.07
17:35:2,0.65,0.73,-0.09
17:35:2,0.66,0.73,-0.08
17:35:2,0.67,0.72,-0.06
17:35:2,0.66,0.76,-0.07
17:35:2,0.68,0.71,-0.06
17:35:2,0.67,0.74,-0.09
17:35:2,0.66,0.73,-0.08
17:35:2,0.65,0.73,-0.09
17:35:2,0.66,0.73,-0.09
17:35:3,0.66,0.73,-0.08
17:35:3,0.67,0.73,-0.09
17:35:3,0.66,0.72,-0.08
17:35:3,0.67,0.73,-0.09
17:35:3,0.69,0.74,-0.09
17:35:3,0.66,0.73,-0.08
17:35:3,0.65,0.72,-0.09
17:35:3,0.67,0.74,-0.07
17:35:3,0.67,0.73,-0.08
17:35:6,0.24,-1.02,0.06
17:35:6,0.30,-1.00,0.02
17:35:6,0.36,-1.01,0.04
17:35:6,0.44,-0.95,-0.03
17:35:6,0.52,-0.90,-0.04
17:35:7,0.48,-0.92,-0.05
17:35:7,0.47,-0.93,-0.06
17:35:7,0.51,-0.93,-0.03
17:35:7,0.49,-0.91,-0.07
17:35:7,0.50,-0.91,-0.05
17:35:7,0.50,-0.91,-0.04
17:35:7,0.50,-0.92,-0.04
17:35:7,0.49,-0.91,-0.06
17:35:7,0.51,-0.91,-0.05
17:35:7,0.52,-0.91,-0.06
17:35:8,0.50,-0.91,-0.08
17:35:8,0.51,-0.92,-0.05
17:35:8,0.47,-0.93,-0.06
17:35:8,0.55,-0.88,-0.04
17:35:15,0.90,0.46,-0.15
17:35:15,0.89,0.43,-0.14
17:35:15,0.88,0.44,-0.15
17:35:15,0.88,0.44,-0.14
17:35:15,0.89,0.45,-0.15
17:35:15,0.88,0.44,-0.13
17:35:15,0.90,0.43,-0.14
17:35:15,0.88,0.44,-0.14
17:35:15,0.88,0.44,-0.14
17:35:15,0.89,0.45,-0.13
17:35:16,0.88,0.44,-0.14
17:35:16,0.88,0.45,-0.13
17:35:16,0.87,0.46,-0.13
17:35:16,0.88,0.45,-0.13
17:35:16,0.86,0.48,-0.14
17:35:16,0.90,0.44,-0.12
17:35:16,0.87,0.48,-0.13
17:35:16,0.90,0.46,-0.12
17:35:16,0.91,0.44,-0.12
17:35:16,0.85,0.40,-0.07
17:35:27,0.81,0.57,-0.19
17:35:27,0.82,0.57,-0.23
17:35:27,0.74,0.59,-0.28
17:35:27,0.75,0.60,-0.21
17:35:27,0.79,0.61,-0.24
17:35:27,0.80,0.58,-0.18
17:35:27,0.74,0.62,-0.20
17:35:28,0.79,0.60,-0.22
17:35:28,0.84,0.54,-0.18
17:35:28,0.79,0.61,-0.23
17:35:28,0.75,0.60,-0.20
17:35:28,0.71,0.63,-0.26
17:35:28,0.73,0.62,-0.26
17:35:28,0.73,0.62,-0.25
17:35:28,0.76,0.58,-0.23
17:35:28,0.79,0.57,-0.24
17:35:28,0.69,0.64,-0.28
17:35:29,0.72,0.65,-0.29
17:35:29,0.80,0.54,-0.25
18:6:6,0.91,-0.52,-0.07
18:6:6,0.89,-0.52,-0.07
18:6:6,0.89,-0.52,-0.09
18:6:6,0.89,-0.53,-0.08
18:6:6,0.90,-0.51,-0.11
18:6:6,0.88,-0.52,-0.11
18:6:6,0.88,-0.52,-0.12
18:6:6,0.87,-0.54,-0.12
18:6:6,0.88,-0.53,-0.12
18:6:7,0.88,-0.54,-0.12
18:6:7,0.83,-0.49,-0.19
18:6:7,0.88,-0.51,-0.16
18:6:7,0.93,-0.52,-0.12
18:6:7,0.85,-0.45,-0.12
18:6:7,0.89,-0.50,-0.20
18:6:7,0.93,-0.43,-0.20
18:6:7,0.90,-0.48,-0.17
18:6:7,0.89,-0.48,-0.22
18:6:7,0.87,-0.51,-0.24
18:44:11,0.95,0.38,-0.22
18:44:11,1.09,-0.02,-0.11
18:44:11,1.04,-1.18,0.17
18:44:11,-0.97,-2.00,-1.91
18:44:11,-0.61,-0.20,-0.27
18:44:11,-0.87,-0.76,0.22
18:44:11,-0.83,-0.44,0.07
18:44:11,-0.86,-0.46,-0.08
18:44:11,-0.87,-0.50,-0.03
18:44:11,-0.88,-0.48,-0.05
18:44:12,-0.87,-0.49,-0.05
18:44:12,-0.87,-0.50,-0.04
18:44:12,-0.48,-0.34,0.14
18:44:12,-0.91,-0.42,0.02
18:44:12,-0.51,-0.33,-0.32
18:44:12,-0.83,-0.71,-0.14
18:44:12,-1.29,-0.80,0.59
18:44:12,-1.20,-0.17,0.24
18:44:12,-0.57,-0.67,-0.05
18:44:12,-0.79,-0.48,0.19
18:44:13,-0.95,-0.35,0.13
18:44:13,-0.50,-0.37,0.19
18:44:13,-0.63,-0.62,0.27
18:44:13,-0.80,-0.27,0.57
18:44:13,-0.98,-0.43,0.25
18:44:13,-0.69,-0.82,0.28
18:44:13,-0.76,-0.62,0.23
18:44:13,-0.71,-0.68,0.22
18:44:13,-0.67,-0.75,0.23
18:44:13,-0.58,-0.82,0.19
18:44:14,-0.62,-0.94,-0.57
18:44:14,-0.20,-0.96,-0.36
18:44:14,-0.19,-0.99,-0.28
18:44:14,-0.26,-0.93,-0.30
18:44:14,0.38,-0.99,-0.20
18:44:14,0.50,-0.90,-0.26
18:44:14,0.06,-0.96,-0.27
18:44:14,0.15,-0.82,-0.30
18:44:14,-0.09,-1.06,-0.44
18:44:14,0.26,-1.04,-0.11
18:44:15,0.04,-1.06,-0.21
18:44:15,0.04,-1.03,-0.23
18:44:15,0.15,-0.98,-0.16
18:44:15,0.09,-1.10,0.07
18:44:15,0.26,-0.95,-0.05
18:44:15,0.74,-0.74,-0.09
18:44:15,0.54,-0.69,0.11
18:44:15,0.69,-1.04,0.28
18:44:15,0.57,-0.84,0.25
18:44:15,0.62,-0.78,0.20
18:44:16,0.66,-0.76,0.17
18:44:16,0.68,-0.76,0.15
18:44:16,0.63,-0.83,0.21
18:44:16,0.67,-0.76,0.17
18:44:16,0.66,-0.77,0.17
18:44:16,0.67,-0.78,0.16
18:44:16,0.67,-0.78,0.17
18:44:16,0.67,-0.78,0.16
18:44:16,0.66,-0.79,0.16
18:44:16,0.66,-0.77,0.17
18:44:17,0.66,-0.78,0.18
18:44:17,0.67,-0.79,0.16
18:44:17,0.67,-0.78,0.19
18:44:17,0.66,-0.77,0.18
18:44:17,0.66,-0.78,0.17
19:39:19,-0.68,0.00,-0.08
19:39:19,-1.04,-0.15,0.01
19:39:20,-0.12,0.77,0.29
19:39:20,-0.04,1.10,-0.18
19:39:20,0.27,0.94,-0.02
19:39:20,0.33,0.90,0.00
19:39:20,0.44,0.78,-0.04
19:39:20,0.76,0.75,0.00
19:39:20,1.19,0.40,0.14
19:39:20,0.89,0.23,0.37
19:39:20,0.86,0.19,0.31
19:39:20,0.78,0.53,0.26
19:39:21,0.76,0.50,0.28
19:39:21,0.76,0.51,0.30
19:39:21,0.82,0.34,0.39
19:39:21,0.70,0.59,0.30
19:39:21,0.67,0.69,0.26
19:39:21,0.55,0.80,0.22
19:39:21,0.59,0.77,0.22
19:39:21,0.62,0.76,0.22
19:39:21,0.60,0.71,0.17
19:39:21,0.65,0.74,0.18
19:39:22,0.62,0.77,0.18
19:39:22,0.62,0.76,0.20
19:39:22,0.60,0.76,0.16
19:39:22,0.58,0.77,0.19
19:39:22,0.60,0.77,0.18
19:39:22,0.59,0.77,0.19
19:39:22,0.62,0.75,0.19
19:39:22,0.60,0.77,0.18
19:39:22,0.60,0.77,0.18
19:39:22,0.62,0.77,0.18
19:39:23,0.61,0.74,0.16
19:39:23,0.61,0.76,0.17
19:39:23,0.61,0.75,0.16
19:39:23,0.61,0.77,0.18
19:39:23,0.62,0.75,0.15
19:39:23,0.60,0.76,0.17
19:39:23,0.61,0.77,0.16
19:39:29,-0.99,0.02,0.09
19:39:29,-0.98,0.12,0.09
19:39:29,-1.01,0.02,0.10
19:39:29,-0.88,0.11,0.08
19:39:29,-0.93,0.26,0.11
19:39:29,-0.93,0.19,0.06
19:39:29,-1.05,0.36,-0.07
19:39:29,-0.80,0.75,0.12
19:39:29,-0.56,0.93,0.36
19:39:30,-0.68,0.84,0.31
19:39:30,-0.36,0.69,0.19
19:39:30,0.40,1.14,0.14
19:39:30,0.69,1.06,-0.41
19:39:30,0.68,1.41,-0.29
19:39:30,0.79,0.82,0.13
19:39:30,0.40,0.93,0.10
19:39:30,0.38,0.95,0.08
19:39:30,0.41,-0.77,0.20
19:39:30,0.53,0.09,0.07
19:39:30,0.93,1.04,0.06
19:39:31,0.88,1.29,0.49
19:39:31,0.35,0.78,0.43
19:39:31,0.34,0.86,0.20
19:39:31,-0.01,0.58,0.19
19:39:31,0.33,0.78,0.59
19:39:31,0.27,0.83,0.47
19:39:31,0.39,0.78,0.49
19:39:31,0.31,0.85,0.38
19:39:31,0.30,0.91,0.14
19:39:31,0.14,0.98,-0.06
19:39:32,0.07,0.94,-0.09
19:39:32,0.01,0.95,-0.17
19:39:32,-0.29,0.74,-0.76
19:39:32,-0.25,0.65,-0.68
19:39:32,-0.32,0.62,-0.60
19:39:32,-0.13,0.77,-0.43
19:39:32,-0.08,0.52,-0.90
19:39:32,0.22,0.79,-0.39
19:39:32,0.31,0.75,-0.43
19:39:33,0.52,0.73,-0.43
19:39:33,0.69,0.61,-0.42
19:39:33,0.68,0.71,-0.23
19:39:33,0.71,0.68,-0.17
19:39:33,0.69,0.69,-0.17
19:39:33,0.69,0.70,-0.17
19:39:33,0.71,0.67,-0.18
19:39:33,0.71,0.67,-0.19
19:39:33,0.74,0.66,-0.19
19:39:33,0.76,0.63,-0.18
19:39:33,0.42,0.87,-0.58
19:39:34,0.53,0.72,-0.41
19:39:34,0.54,0.73,-0.42
19:39:34,0.56,0.70,-0.42
19:39:34,0.50,0.72,-0.41
19:39:34,0.57,0.73,-0.41
19:39:34,0.62,0.59,-0.40
19:39:34,0.45,0.76,-0.36
19:39:34,0.51,0.81,-0.36
19:39:34,0.50,0.77,-0.34
19:39:36,0.44,0.86,0.13
19:39:36,0.45,0.87,0.13
19:39:36,0.43,0.87,0.14
19:39:36,0.51,0.80,0.15
19:39:36,0.78,0.57,0.04
19:39:36,0.67,0.74,0.09
19:39:36,0.67,0.73,0.10
19:39:37,0.68,0.73,0.07
19:39:37,0.66,0.74,0.09
19:39:37,0.65,0.74,0.06
19:39:37,0.66,0.74,0.07
19:39:37,0.63,0.75,0.04
19:39:37,0.65,0.74,0.06
19:39:37,0.65,0.75,0.06
19:39:37,0.65,0.74,0.04
19:39:37,0.65,0.75,0.06
19:39:37,0.65,0.74,0.05
19:39:38,0.66,0.73,0.04
19:39:38,0.63,0.75,0.04
19:39:44,0.60,0.76,-0.19
19:39:44,0.60,0.75,-0.21
19:39:44,0.59,0.77,-0.19
19:39:45,0.60,0.76,-0.21
19:39:45,0.60,0.77,-0.20
19:39:45,0.59,0.77,-0.19
19:39:45,0.59,0.76,-0.21
19:39:45,0.59,0.78,-0.21
19:39:45,0.59,0.77,-0.19
19:39:45,0.59,0.77,-0.20
19:39:45,0.59,0.76,-0.20
19:39:45,0.58,0.75,-0.16
19:39:45,0.59,0.78,-0.21
19:39:46,0.58,0.75,-0.20
19:39:46,0.59,0.78,-0.22
19:39:46,0.58,0.77,-0.20
19:39:46,0.59,0.77,-0.17
19:39:46,0.63,0.75,-0.18
19:39:46,0.66,0.76,-0.21
19:39:49,0.35,0.90,0.18
19:39:49,0.32,0.91,0.16
19:39:49,0.29,0.93,0.17
19:39:49,0.24,0.93,0.15
19:39:49,0.19,0.96,0.13
19:39:49,0.13,0.97,0.11
19:39:49,0.08,0.96,0.07
19:39:49,0.06,0.96,0.06
19:39:49,0.06,0.96,0.06
19:39:49,0.07,0.97,0.07
19:39:50,0.07,0.97,0.07
19:39:50,0.07,0.97,0.07
19:39:50,0.09,0.97,0.10
19:39:50,0.13,0.97,0.09
19:39:50,0.18,0.96,0.13
19:39:50,0.25,0.93,0.13
19:39:50,0.37,0.91,0.15
19:39:50,0.39,0.88,0.13
19:39:50,0.43,0.88,0.15
19:39:50,0.42,0.89,0.13
19:40:23,0.64,0.70,-0.28
19:40:23,0.82,0.85,-0.15
19:40:23,0.83,0.57,-0.27
19:40:23,0.81,0.47,-0.34
19:40:23,0.81,0.48,-0.32
19:40:23,0.83,0.46,-0.33
19:40:23,0.80,0.46,-0.36
19:40:23,0.84,0.45,-0.32
19:40:24,0.84,0.43,-0.31
19:40:24,0.86,0.44,-0.32
19:40:24,0.86,0.37,-0.31
19:40:24,0.92,0.48,-0.31
19:40:24,0.90,0.39,-0.27
19:40:24,0.85,0.42,-0.27
19:40:24,0.90,0.49,-0.18
19:40:24,-0.05,0.05,0.33
19:40:24,0.64,0.70,-0.58
19:40:24,0.88,0.34,-0.34
19:40:25,0.91,0.29,-0.35
19:40:25,0.91,0.25,-0.33
19:40:25,0.92,0.28,-0.33
19:40:25,0.91,0.26,-0.31
19:40:25,0.90,0.24,-0.31
19:40:25,0.76,0.41,-0.36
19:40:25,0.86,0.38,-0.31
19:40:25,0.90,0.33,-0.33
19:40:25,0.90,0.33,-0.32
19:40:25,0.96,0.19,-0.29
19:40:26,0.94,0.17,-0.31
19:40:26,0.94,0.24,-0.30
19:40:26,0.93,0.26,-0.29
19:40:26,0.82,0.39,-0.32
19:40:26,0.91,0.30,-0.30
19:40:26,0.91,0.29,-0.31
19:40:26,0.93,0.28,-0.30
19:40:26,0.93,0.27,-0.28
19:40:26,0.95,0.18,-0.28
19:47:23,1.02,0.06,-0.10
19:47:23,1.01,0.05,-0.09
19:47:23,1.02,0.06,-0.09
19:47:24,1.02,0.05,-0.08
19:47:24,1.01,0.04,-0.10
19:47:24,1.01,0.03,-0.10
19:47:24,1.04,-0.00,-0.09
19:47:24,0.50,-0.29,0.69
19:47:24,1.02,-0.23,0.03
19:47:24,0.99,-0.14,-0.17
19:47:24,0.96,-0.11,-0.11
19:47:24,0.98,-0.06,-0.12
19:47:24,1.01,-0.07,-0.11
19:47:25,1.01,-0.06,-0.11
19:47:25,1.02,-0.05,-0.14
19:47:25,1.02,-0.08,-0.11
19:47:25,0.99,-0.05,-0.12
19:47:25,1.00,-0.06,-0.12
19:47:25,1.03,-0.05,-0.13
20:46:54,0.82,-0.62,-0.15
20:46:54,0.80,-0.63,-0.16
20:46:55,0.81,-0.63,-0.15
20:46:55,0.82,-0.65,-0.15
20:46:55,0.81,-0.63,-0.17
20:46:55,0.80,-0.62,-0.15
20:46:55,0.79,-0.62,-0.16
20:46:55,0.81,-0.62,-0.18
20:46:55,0.80,-0.58,-0.12
20:46:55,0.81,-0.67,-0.15
20:46:55,0.80,-0.63,-0.17
20:46:55,0.81,-0.63,-0.18
20:46:55,0.80,-0.63,-0.17
20:46:56,0.80,-0.63,-0.16
20:46:56,0.80,-0.63,-0.14
20:46:56,0.81,-0.63,-0.15
20:46:56,0.81,-0.63,-0.17
20:46:56,0.81,-0.62,-0.16
20:46:56,0.80,-0.63,-0.16
20:46:56,0.81,-0.63,-0.15
20:47:5,0.98,-0.30,0.01
20:47:5,0.98,-0.29,0.00
20:47:5,0.98,-0.29,0.02
20:47:5,0.99,-0.29,0.01
20:47:5,0.99,-0.28,0.03
20:47:6,0.99,-0.28,0.01
20:47:6,0.99,-0.31,0.03
20:47:6,0.99,-0.32,0.02
20:47:6,0.97,-0.30,0.03
20:47:6,0.99,-0.29,0.01
20:47:6,0.97,-0.29,0.01
20:47:6,0.99,-0.28,0.01
20:47:6,0.98,-0.28,0.01
20:47:6,0.99,-0.29,-0.00
20:47:6,0.99,-0.32,0.05
20:47:7,0.99,-0.31,0.02
20:47:7,0.98,-0.31,0.04
20:47:7,0.97,-0.30,0.03
20:47:7,0.98,-0.31,0.02
20:47:12,0.84,-0.41,0.28
20:47:12,0.92,-0.40,0.27
20:47:12,0.98,-0.41,0.20
20:47:12,0.79,-0.29,-0.14
20:47:12,0.95,-0.14,-0.34
20:47:12,0.88,-0.16,-0.37
20:47:12,0.86,-0.18,-0.30
20:47:13,0.97,0.36,-0.32
20:47:13,0.88,0.37,-0.26
20:47:13,0.91,0.38,-0.24
20:47:13,0.90,0.37,-0.24
20:47:13,0.87,0.43,-0.25
20:47:13,0.87,0.41,-0.27
20:47:13,0.88,0.40,-0.24
20:47:13,0.88,0.40,-0.26
20:47:13,0.81,0.51,-0.27
20:47:13,0.89,0.44,-0.22
20:47:14,0.89,0.36,-0.26
20:47:14,0.88,0.40,-0.24
20:47:14,0.88,0.40,-0.25
20:47:14,0.89,0.40,-0.24
20:47:14,0.89,0.39,-0.23
20:47:14,0.89,0.40,-0.25
20:47:14,0.88,0.41,-0.24
20:47:14,0.88,0.40,-0.24
20:47:14,0.86,0.44,-0.25
20:47:14,0.88,0.45,-0.24
20:47:15,0.80,0.55,-0.23
20:47:15,0.77,0.60,-0.22
20:47:15,0.74,0.62,-0.23
20:47:15,0.74,0.62,-0.24
20:47:15,0.72,0.64,-0.24
20:47:15,0.72,0.64,-0.22
20:47:15,0.71,0.65,-0.24
20:47:15,0.71,0.65,-0.25
20:47:17,0.11,0.85,-0.43
20:47:17,0.06,0.86,-0.46
20:47:17,0.07,0.81,-0.48
20:47:17,0.01,0.84,-0.46
20:47:17,-0.05,0.81,-0.37
20:47:17,-0.12,0.84,-0.34
20:47:17,-0.10,0.91,-0.36
20:47:17,-0.12,0.93,-0.27
20:47:17,-0.15,0.92,-0.27
20:47:18,-0.16,0.92,-0.24
20:47:18,-0.15,0.92,-0.25
20:47:18,-0.18,0.92,-0.19
20:47:18,-0.20,0.95,-0.22
20:47:18,-0.19,0.93,-0.20
20:47:18,-0.19,0.92,-0.20
20:47:18,-0.21,0.93,-0.21
20:47:18,-0.20,0.92,-0.22
20:47:18,-0.19,0.92,-0.21
20:47:18,-0.18,0.94,-0.24
20:47:19,-0.14,0.91,-0.20
20:47:22,-0.10,0.94,-0.18
20:47:22,-0.11,0.94,-0.18
20:47:22,-0.07,0.96,-0.18
20:47:22,-0.09,0.95,-0.18
20:47:22,-0.11,0.94,-0.19
20:47:22,-0.09,0.95,-0.21
20:47:22,-0.09,0.94,-0.20
20:47:22,-0.10,0.95,-0.22
20:47:23,-0.08,0.94,-0.21
20:47:23,-0.07,0.95,-0.21
20:47:23,-0.04,0.93,-0.22
20:47:23,-0.33,0.73,-0.25
20:47:23,-0.25,0.87,-0.23
20:47:23,-0.30,0.88,-0.22
20:47:23,-0.28,0.89,-0.21
20:47:23,-0.26,0.90,-0.20
20:47:23,-0.19,0.92,-0.22
20:47:23,-0.19,0.94,-0.20
20:47:24,-0.17,0.92,-0.19
20:47:42,-0.24,-1.08,0.04
20:47:42,-0.34,-0.99,0.07
20:47:43,-0.22,-1.03,-0.17
20:47:43,-0.28,-0.93,-0.21
20:47:43,-0.16,-0.93,-0.09
20:47:43,-0.07,-1.04,-0.06
20:47:43,0.10,-1.05,-0.33
20:47:43,0.05,-1.03,-0.22
20:47:43,-0.09,-0.97,-0.20
20:47:43,-0.12,-1.01,-0.09
20:47:43,-0.28,-0.90,-0.05
20:47:43,-0.50,-0.89,0.04
20:47:44,-0.86,-0.58,0.09
20:47:44,-0.89,-0.44,0.19
20:47:44,-0.93,-0.13,0.27
20:47:44,-0.96,0.24,0.20
20:47:44,-0.87,0.10,0.31
20:47:44,-0.89,-0.00,0.21
20:47:44,-0.98,-0.11,0.07
20:47:44,-0.97,-0.23,0.07
20:47:44,-0.96,-0.15,-0.03
20:47:44,-0.99,-0.11,-0.06
20:47:45,-0.79,-0.29,-0.05
20:47:45,-1.01,-0.10,-0.25
20:47:45,-0.96,-0.13,-0.20
20:47:45,-1.01,0.12,-0.10
20:47:45,-0.90,0.20,-0.29
20:47:45,-0.93,0.25,-0.32
20:47:45,-0.95,0.06,-0.23
20:47:45,-1.01,0.07,-0.10
20:47:45,-1.05,0.26,-0.07
20:47:45,-0.83,-0.12,-0.12
20:47:46,-0.85,0.24,-0.13
20:47:46,-0.66,-0.01,0.01
20:47:46,-0.76,-1.34,-0.28
20:47:46,-0.61,-0.47,-0.09
20:47:46,-0.92,-0.34,-0.20
20:47:46,-0.25,-0.97,-0.17
20:47:46,-0.05,-0.92,-0.32
20:47:46,0.05,-1.08,-0.54
20:47:46,0.02,-0.91,-0.41
20:47:46,-0.30,-0.90,-0.19
20:47:47,-0.24,-0.92,-0.29
20:47:47,-0.22,-0.99,-0.17
20:47:47,-0.16,-0.94,-0.19
20:47:47,-0.31,-1.08,-0.09
20:47:47,-0.10,-1.02,-0.04
20:47:47,-0.17,-1.01,-0.08
20:47:47,-0.17,-0.99,0.02
20:47:47,-0.19,-0.97,0.06
20:47:47,-0.16,-1.01,0.09
20:47:47,-0.07,-0.91,0.10
20:47:48,-0.17,-1.02,0.20
20:47:48,-0.24,-0.98,0.13
20:47:48,-0.19,-1.00,0.26
20:47:48,-0.22,-1.01,0.11
20:47:48,-0.20,-1.01,0.18
20:47:48,-0.20,-1.01,0.17
20:47:48,-0.22,-1.00,0.18
20:47:48,-0.26,-1.01,0.19
20:47:48,-0.25,-0.99,0.16
20:47:48,-0.24,-1.00,0.16
20:47:49,-0.24,-1.00,0.14
20:47:49,-0.24,-1.00,0.17
20:47:49,-0.29,-0.97,0.14
20:47:49,-0.41,-0.93,0.15
20:47:49,-0.36,-0.95,0.08
20:47:49,-0.42,-0.43,0.06
20:47:49,-0.42,0.31,-0.03
20:47:49,-1.01,-0.09,-0.15
20:47:49,-0.88,0.06,-0.03
20:47:49,-0.96,0.14,0.04
20:47:50,-0.98,0.12,0.05
20:47:50,-0.96,0.14,0.04
20:47:50,-0.96,0.16,0.04
20:47:50,-0.96,0.14,0.05
20:47:50,-0.97,0.13,0.06
20:47:50,-0.96,0.15,0.03
20:47:50,-0.96,0.15,0.04
20:47:50,-0.96,0.15,0.04
20:47:50,-0.97,0.16,0.02
20:47:50,-0.97,0.15,0.03
20:47:51,-0.97,0.15,0.03
20:47:51,-0.97,0.15,0.04
20:47:51,-0.97,0.16,0.03
20:47:51,-0.97,0.15,0.02
20:47:51,-0.97,0.14,0.02
20:47:51,-0.97,0.13,0.01
20:47:51,-0.96,0.12,0.01
20:47:55,-0.67,0.66,-0.02
20:47:55,-0.68,0.69,-0.02
20:47:55,-0.67,0.67,-0.02
20:47:55,-0.70,0.69,-0.02
20:47:55,-0.70,0.67,-0.02
20:47:55,-0.68,0.66,-0.01
20:47:55,-0.69,0.67,-0.03
20:47:55,-0.69,0.66,0.00
20:47:55,-0.69,0.67,-0.04
20:47:56,-0.72,0.63,-0.05
20:47:56,-0.84,0.56,-0.11
20:47:56,-0.79,0.64,0.01
20:47:56,-0.79,0.56,-0.05
20:47:56,-0.80,0.51,-0.09
20:47:56,-0.80,0.54,-0.09
20:47:56,-0.80,0.55,-0.02
20:47:56,-0.81,0.52,-0.08
20:47:56,-0.81,0.52,-0.08
20:47:56,-0.84,0.54,-0.16
