0:19:59,-0.72,-0.71,0.21
0:19:59,-0.69,-0.71,0.19
0:19:59,-0.70,-0.72,0.19
0:20:0,-0.70,-0.69,0.20
0:20:0,-0.71,-0.71,0.18
0:20:0,-0.71,-0.72,0.19
0:20:0,-0.71,-0.70,0.19
0:20:0,-0.70,-0.71,0.20
0:20:0,-0.70,-0.70,0.19
0:20:0,-0.71,-0.69,0.18
0:20:0,-0.71,-0.70,0.21
0:20:0,-0.71,-0.70,0.17
0:20:0,-0.70,-0.69,0.19
0:20:1,-0.70,-0.71,0.16
0:20:1,-0.71,-0.70,0.19
0:20:1,-0.70,-0.70,0.17
0:20:1,-0.70,-0.71,0.19
0:20:1,-0.71,-0.70,0.18
0:20:1,-0.70,-0.71,0.18
0:20:12,-0.73,-0.62,0.15
0:20:12,-0.76,-0.66,0.17
0:20:12,-0.75,-0.68,0.15
0:20:12,-0.71,-0.67,0.06
0:20:12,-0.71,-0.69,0.09
0:20:13,-0.72,-0.70,0.14
0:20:13,-0.75,-0.68,0.16
0:20:13,-0.73,-0.68,0.14
0:20:13,-0.73,-0.70,0.13
0:20:13,-0.82,-0.77,0.08
0:20:13,-0.76,-0.79,0.16
0:20:13,-0.94,-0.76,0.11
0:20:13,-0.70,-0.64,0.08
0:20:13,-1.27,-0.84,0.16
0:20:14,-1.02,-0.79,0.02
0:20:14,-0.82,-0.64,0.28
0:20:14,-0.80,-0.65,0.26
0:20:14,-0.72,-0.63,0.27
0:20:14,-0.82,-0.69,0.15
0:20:14,-1.02,-0.69,0.08
0:20:14,-0.90,-0.55,-0.12
0:20:14,-0.90,-0.20,0.08
0:20:14,-0.88,-0.48,0.02
0:20:14,-0.91,-0.55,0.14
0:20:14,-0.88,-0.55,0.06
0:20:15,-0.82,-0.62,0.08
0:20:15,-0.80,-0.60,0.07
0:20:15,-0.80,-0.61,0.08
0:20:15,-0.81,-0.61,0.08
0:20:15,-0.80,-0.61,0.09
0:20:15,-0.79,-0.63,0.08
0:20:15,-0.79,-0.61,0.07
0:20:15,-0.79,-0.62,0.08
0:20:15,-0.79,-0.62,0.07
0:20:15,-0.80,-0.61,0.08
1:5:36,0.93,-0.22,0.05
1:5:36,1.23,2.00,-0.02
1:5:37,-0.04,0.91,-0.39
1:5:37,0.11,0.90,-0.12
1:5:37,0.13,0.94,-0.12
1:5:37,0.10,0.96,-0.13
1:5:37,0.12,0.99,-0.12
1:5:37,0.12,0.95,-0.14
1:5:37,0.10,0.94,-0.14
1:5:37,0.13,0.99,-0.15
1:5:37,0.07,0.97,-0.16
1:5:37,0.10,0.94,-0.16
1:5:38,0.14,0.95,-0.20
1:5:38,0.16,0.93,-0.18
1:5:38,0.18,0.95,-0.21
1:5:38,0.16,0.90,-0.18
1:5:38,0.14,0.90,-0.19
1:5:38,0.18,0.92,-0.17
1:5:38,0.23,0.93,-0.22
1:5:41,0.13,0.90,-0.14
1:5:41,0.10,0.91,-0.11
1:5:41,0.08,0.96,-0.09
1:5:41,0.10,1.18,-0.13
1:5:41,0.22,1.34,0.10
1:5:41,0.08,0.87,-0.08
1:5:41,0.10,0.96,-0.09
1:5:41,0.06,0.88,-0.11
1:5:41,0.08,1.04,-0.10
1:5:42,-0.07,0.12,-0.27
1:5:42,0.02,1.12,-0.10
1:5:42,-0.01,0.50,0.22
1:5:42,0.24,1.49,-0.23
1:5:42,0.08,0.47,-0.06
1:5:42,0.12,1.15,-0.15
1:5:42,0.07,0.87,-0.17
1:5:42,0.09,1.02,-0.07
1:5:42,0.04,1.02,-0.13
1:5:42,0.08,0.96,-0.07
1:5:43,0.09,1.00,-0.11
1:5:43,0.09,0.95,-0.07
1:5:43,0.08,0.96,-0.07
1:5:43,-0.01,0.91,0.04
1:5:43,0.09,1.00,-0.06
1:5:43,0.24,1.61,-0.23
1:5:43,0.12,0.98,-0.09
1:5:43,0.21,1.27,-0.14
1:5:43,0.11,0.97,-0.08
1:5:43,0.09,0.95,-0.07
1:5:44,0.10,0.98,-0.07
1:5:44,0.09,0.86,0.13
1:5:44,0.37,1.29,-0.06
1:5:44,0.16,0.91,-0.12
1:5:44,0.18,1.04,-0.19
1:5:44,0.13,0.60,-0.10
1:5:46,0.12,0.58,-0.10
1:5:46,0.12,0.98,-0.09
1:5:46,0.12,0.96,-0.09
1:5:46,0.17,1.14,-0.12
1:5:46,0.12,0.97,-0.08
1:5:46,0.16,1.04,-0.09
1:5:46,0.14,1.01,-0.09
1:5:46,0.13,0.96,-0.09
1:5:46,0.14,0.86,-0.09
1:5:47,0.11,0.85,-0.06
1:5:47,0.12,0.95,-0.09
1:5:47,0.14,0.97,-0.10
1:5:47,0.08,0.84,-0.06
1:5:47,0.14,0.96,-0.10
1:5:47,0.10,0.87,-0.06
1:5:47,0.08,0.91,-0.06
1:5:47,0.12,0.95,-0.10
1:5:47,0.14,0.98,-0.09
1:5:47,0.12,1.05,-0.10
1:5:48,0.14,0.95,-0.11
1:5:48,0.13,0.99,-0.09
1:5:48,0.12,1.01,-0.06
1:5:48,0.13,1.03,-0.07
1:5:48,0.17,1.13,-0.17
1:5:48,0.17,1.18,-0.17
1:5:48,0.13,0.96,-0.10
1:5:48,0.12,0.80,-0.11
1:5:48,0.14,0.87,-0.11
1:5:48,0.23,0.96,-0.18
1:5:49,0.13,0.94,-0.07
1:5:49,0.16,0.97,-0.09
1:5:49,0.15,0.96,-0.09
1:5:49,0.13,0.95,-0.11
1:5:49,0.13,0.95,-0.11
1:5:49,0.14,0.96,-0.11
1:5:49,0.07,0.82,-0.18
1:6:17,0.49,0.84,-0.05
1:6:17,0.51,0.84,-0.06
1:6:17,0.48,0.83,-0.07
1:6:17,0.47,0.88,-0.06
1:6:17,0.49,0.85,-0.05
1:6:17,0.48,0.97,-0.06
1:6:17,0.79,0.61,0.10
1:6:18,0.67,0.55,0.18
1:6:18,0.73,0.75,0.00
1:6:18,0.79,0.66,0.06
1:6:18,0.64,0.74,-0.15
1:6:18,0.65,0.71,-0.16
1:6:18,0.67,0.78,-0.17
1:6:18,0.63,0.72,-0.13
1:6:18,0.61,0.74,-0.12
1:6:18,0.60,0.77,-0.13
1:6:18,0.61,0.76,-0.14
1:6:19,0.62,0.75,-0.14
1:6:19,0.62,0.74,-0.15
1:6:19,0.63,0.74,-0.15
1:6:19,0.64,0.75,-0.13
1:6:19,0.64,0.76,-0.13
1:6:19,0.63,0.76,-0.13
1:6:19,0.64,0.76,-0.13
1:6:19,0.65,0.76,-0.13
1:6:19,0.66,0.73,-0.12
1:6:19,0.66,0.73,-0.12
3:59:15,0.31,-0.98,-0.02
3:59:15,0.30,-1.00,-0.01
3:59:15,0.32,-0.99,-0.00
3:59:15,0.31,-0.98,-0.00
3:59:15,0.31,-0.99,-0.02
3:59:15,0.29,-0.98,-0.01
3:59:15,0.31,-0.99,0.00
3:59:15,0.31,-0.99,-0.02
3:59:15,0.31,-0.99,-0.02
3:59:16,0.29,-0.97,-0.01
3:59:16,0.30,-0.98,-0.03
3:59:16,0.36,-1.00,-0.01
3:59:16,0.35,-0.97,-0.01
3:59:16,0.34,-0.98,-0.01
3:59:16,0.33,-0.98,-0.01
3:59:16,0.35,-0.97,-0.02
3:59:16,0.33,-0.98,-0.03
3:59:16,0.33,-0.98,-0.03
3:59:16,0.32,-0.98,-0.05
3:59:23,-0.40,-0.91,-0.24
3:59:23,-0.40,-0.90,-0.25
3:59:23,-0.41,-0.90,-0.25
3:59:24,-0.40,-0.90,-0.24
3:59:24,-0.39,-0.90,-0.25
3:59:24,-0.40,-0.89,-0.25
3:59:24,-0.40,-0.91,-0.27
3:59:24,-0.39,-0.91,-0.26
3:59:24,-0.39,-0.90,-0.26
3:59:24,-0.40,-0.91,-0.26
3:59:24,-0.39,-0.90,-0.26
3:59:24,-0.38,-0.91,-0.26
3:59:24,-0.39,-0.90,-0.25
3:59:25,-0.39,-0.91,-0.25
3:59:25,-0.38,-0.91,-0.26
3:59:25,-0.38,-0.91,-0.25
3:59:25,-0.39,-0.91,-0.26
3:59:25,-0.37,-0.90,-0.25
3:59:25,-0.39,-0.91,-0.27
3:59:28,-0.41,-0.85,-0.30
3:59:28,-0.47,-0.95,-0.38
3:59:28,-0.48,-0.88,-0.29
3:59:28,-0.68,-0.74,-0.41
3:59:28,-0.64,-0.70,-0.35
3:59:28,-0.55,-0.80,-0.27
3:59:28,-0.52,-0.85,-0.23
3:59:29,-0.55,-0.82,-0.24
3:59:29,-0.56,-0.81,-0.25
3:59:29,-0.55,-0.82,-0.28
3:59:29,-0.48,-0.87,-0.27
3:59:29,-0.43,-0.88,-0.19
3:59:29,-0.60,-0.79,-0.30
3:59:29,-0.53,-0.84,-0.24
3:59:29,-0.56,-0.80,-0.27
3:59:29,-0.55,-0.82,-0.26
3:59:29,-0.54,-0.83,-0.25
3:59:30,-0.55,-0.81,-0.26
3:59:30,-0.54,-0.83,-0.25
5:35:18,-0.30,-0.94,-0.26
5:35:18,-0.30,-0.94,-0.29
5:35:18,-0.31,-0.94,-0.28
5:35:18,-0.30,-0.94,-0.29
5:35:18,-0.31,-0.93,-0.27
5:35:18,-0.31,-0.93,-0.27
5:35:18,-0.31,-0.93,-0.28
5:35:18,-0.31,-0.94,-0.26
5:35:18,-0.32,-0.94,-0.28
5:35:18,-0.30,-0.93,-0.28
5:35:19,-0.32,-0.94,-0.29
5:35:19,-0.31,-0.93,-0.28
5:35:19,-0.31,-0.93,-0.25
5:35:19,-0.30,-0.94,-0.29
5:35:19,-0.30,-0.93,-0.29
5:35:19,-0.29,-0.92,-0.27
5:35:19,-0.30,-0.94,-0.27
5:35:19,-0.28,-0.94,-0.29
5:35:19,-0.27,-0.94,-0.27
5:35:19,-0.28,-0.96,-0.28
6:1:29,-0.72,-0.69,-0.25
6:1:29,-0.69,-0.68,-0.24
6:1:29,-0.71,-0.70,-0.25
6:1:30,-0.69,-0.68,-0.25
6:1:30,-0.70,-0.68,-0.25
6:1:30,-0.70,-0.67,-0.25
6:1:30,-0.71,-0.68,-0.25
6:1:30,-0.71,-0.68,-0.24
6:1:30,-0.71,-0.68,-0.24
6:1:30,-0.71,-0.68,-0.25
6:1:30,-0.71,-0.69,-0.23
6:1:30,-0.71,-0.66,-0.25
6:1:30,-0.70,-0.66,-0.25
6:1:31,-0.70,-0.66,-0.25
6:1:31,-0.70,-0.68,-0.25
6:1:31,-0.71,-0.68,-0.24
6:1:31,-0.71,-0.68,-0.25
6:1:31,-0.72,-0.67,-0.24
6:1:31,-0.70,-0.68,-0.25
6:1:54,-0.95,-0.15,-0.21
6:1:55,-0.96,-0.18,-0.20
6:1:55,-1.07,-0.02,-0.16
6:1:55,-0.89,-0.40,-0.12
6:1:55,-0.94,-0.21,-0.15
6:1:55,-0.71,-0.40,-0.17
6:1:55,-0.48,-0.88,0.41
6:1:55,-0.45,-0.64,0.02
6:1:55,-0.41,-0.96,-0.01
6:1:55,-0.43,-0.94,-0.01
6:1:55,-0.39,-0.96,0.02
6:1:56,-0.42,-0.94,0.01
6:1:56,-0.41,-0.94,0.01
6:1:56,-0.43,-0.94,0.00
6:1:56,-0.45,-0.92,0.01
6:1:56,-0.47,-0.91,0.00
6:1:56,-0.47,-0.92,0.01
6:1:56,-0.49,-0.89,0.01
6:1:56,-0.50,-0.91,0.02
6:1:56,-0.53,-0.87,-0.01
6:1:56,-0.58,-0.85,-0.01
6:1:57,-0.61,-0.80,-0.01
6:1:57,-0.67,-0.75,-0.03
6:1:57,-0.68,-0.73,0.00
6:1:57,-0.70,-0.74,0.00
6:1:57,-0.72,-0.72,0.01
6:1:57,-0.70,-0.72,-0.01
6:2:1,-0.28,-0.99,-0.05
6:2:1,-0.30,-0.99,-0.03
6:2:1,-0.29,-0.99,-0.03
6:2:1,-0.29,-0.99,-0.05
6:2:1,-0.28,-0.98,-0.04
6:2:1,-0.29,-0.97,-0.02
6:2:1,-0.28,-0.99,0.01
6:2:1,-0.30,-1.01,0.07
6:2:1,-0.29,-0.99,0.03
6:2:2,-0.34,-0.98,0.09
6:2:2,-0.23,-0.96,0.29
6:2:2,0.17,-0.91,0.68
6:2:2,0.64,0.28,0.38
6:2:2,0.50,-1.31,-0.23
6:2:2,0.92,-0.79,0.08
6:2:2,0.70,-0.81,-0.10
6:2:2,0.66,-0.80,-0.13
6:2:2,0.60,-0.81,-0.16
6:2:2,0.61,-0.78,-0.15
6:2:3,0.64,-0.81,-0.18
6:2:3,0.63,-0.80,-0.17
6:2:3,0.64,-0.79,-0.17
6:2:3,0.64,-0.79,-0.18
6:2:3,0.61,-0.82,-0.19
6:2:3,0.62,-0.81,-0.18
6:2:3,0.62,-0.81,-0.17
6:2:3,0.62,-0.80,-0.18
6:2:3,0.61,-0.81,-0.17
6:2:3,0.62,-0.82,-0.18
6:2:4,0.62,-0.82,-0.20
6:2:4,0.62,-0.81,-0.16
6:2:4,0.65,-0.78,-0.18
6:2:4,0.61,-0.82,-0.19
6:2:15,-0.57,-0.83,-0.20
6:2:15,-0.55,-0.79,-0.26
6:2:16,-0.57,-0.78,-0.25
6:2:16,-0.62,-0.84,-0.13
6:2:16,-0.49,-0.82,-0.15
6:2:16,-0.64,-0.79,-0.15
6:2:16,-0.55,-0.87,-0.05
6:2:16,-0.60,-0.81,-0.13
6:2:16,-0.64,-0.77,-0.07
6:2:16,-0.59,-0.85,-0.01
6:2:16,-0.68,-0.80,0.06
6:2:16,-0.72,-0.66,-0.05
6:2:17,-0.12,-0.92,0.17
6:2:17,0.10,-1.00,0.12
6:2:17,-0.01,-1.03,0.16
6:2:17,-0.11,-1.01,0.16
6:2:17,-0.28,-0.99,0.21
6:2:17,-0.27,-0.97,0.19
6:2:17,-0.29,-0.97,0.18
6:2:17,-0.32,-0.98,0.19
6:2:17,-0.28,-0.95,0.20
6:2:17,-0.36,-0.99,0.18
6:2:18,-0.37,-0.95,0.18
6:2:18,-0.43,-0.91,0.14
6:2:18,-0.42,-0.92,0.15
6:2:18,-0.46,-0.91,0.14
6:2:18,-0.48,-0.89,0.13
6:2:18,-0.46,-0.90,0.14
6:2:18,-0.47,-0.90,0.10
6:2:18,-0.48,-0.91,0.10
6:2:18,-0.47,-0.89,0.11
6:2:18,-0.49,-0.91,0.11
6:2:19,-0.50,-0.88,0.10
6:27:1,0.83,0.51,0.19
6:27:1,0.84,0.51,0.19
6:27:1,0.84,0.51,0.19
6:27:1,0.83,0.51,0.19
6:27:1,0.84,0.51,0.18
6:27:1,0.84,0.51,0.17
6:27:1,0.84,0.52,0.18
6:27:2,0.83,0.52,0.18
6:27:2,0.83,0.51,0.18
6:27:2,0.83,0.51,0.20
6:27:2,0.82,0.52,0.21
6:27:2,0.85,0.51,0.18
6:27:2,0.86,0.50,0.17
6:27:2,0.86,0.55,0.32
6:27:2,0.80,0.52,0.15
6:27:2,0.83,0.50,0.21
6:27:2,0.85,0.48,0.21
6:27:3,0.82,0.52,0.20
6:27:3,0.84,0.51,0.20
6:27:3,0.83,0.50,0.20
6:27:26,1.03,-0.06,0.08
6:27:26,1.02,-0.08,0.07
6:27:26,1.00,-0.04,0.06
6:27:27,1.01,-0.04,0.08
6:27:27,1.01,-0.06,0.08
6:27:27,1.02,-0.06,0.08
6:27:27,1.01,-0.05,0.09
6:27:27,1.02,-0.05,0.08
6:27:27,1.02,-0.06,0.10
6:27:27,1.02,-0.05,0.08
6:27:27,1.02,-0.05,0.07
6:27:27,1.02,-0.06,0.09
6:27:27,1.02,-0.05,0.08
6:27:28,1.01,-0.06,0.08
6:27:28,1.01,-0.05,0.08
6:27:28,1.02,-0.05,0.09
6:27:28,1.01,-0.06,0.06
6:27:28,1.02,-0.05,0.08
6:27:28,1.02,-0.05,0.08
6:28:12,-0.69,0.68,-0.10
6:28:12,-0.69,0.66,-0.12
6:28:13,-0.70,0.68,-0.14
6:28:13,-0.67,0.68,-0.13
6:28:13,-0.68,0.67,-0.10
6:28:13,-0.68,0.68,-0.13
6:28:13,-0.68,0.67,-0.12
6:28:13,-0.68,0.69,-0.11
6:28:13,-0.69,0.69,-0.12
6:28:13,-0.67,0.69,-0.09
6:28:13,-0.67,0.69,-0.10
6:28:13,-0.69,0.68,-0.11
6:28:14,-0.67,0.67,-0.11
6:28:14,-0.69,0.68,-0.09
6:28:14,-0.68,0.68,-0.11
6:28:14,-0.68,0.68,-0.08
6:28:14,-0.68,0.69,-0.08
6:28:14,-0.67,0.69,-0.10
6:28:14,-0.67,0.69,-0.11
6:28:14,-0.67,0.68,-0.10
6:28:22,-0.64,0.73,0.02
6:28:22,-0.65,0.73,0.01
6:28:23,-0.64,0.72,0.01
6:28:23,-0.63,0.72,0.02
6:28:23,-0.63,0.74,0.03
6:28:23,-0.64,0.74,0.02
6:28:23,-0.63,0.73,0.02
6:28:23,-0.63,0.73,0.03
6:28:23,-0.63,0.73,0.03
6:28:23,-0.63,0.74,0.01
6:28:23,-0.64,0.73,0.02
6:28:23,-0.63,0.73,0.02
6:28:24,-0.63,0.74,0.02
6:28:24,-0.63,0.74,0.02
6:28:24,-0.63,0.74,0.03
6:28:24,-0.69,0.75,0.01
6:28:24,-0.25,0.54,0.06
6:28:24,-0.59,0.62,-0.13
6:28:24,-0.52,0.76,0.01
6:29:11,-0.76,-0.64,-0.15
6:29:11,-0.75,-0.65,-0.16
6:29:11,-0.74,-0.65,-0.16
6:29:11,-0.76,-0.65,-0.15
6:29:11,-0.76,-0.65,-0.16
6:29:11,-0.76,-0.66,-0.15
6:29:11,-0.66,-0.74,-0.17
6:29:11,-0.73,-0.68,-0.17
6:29:11,-0.72,-0.68,-0.17
6:29:11,-0.72,-0.68,-0.16
6:29:12,-0.73,-0.67,-0.17
6:29:12,-0.73,-0.68,-0.16
6:29:12,-0.73,-0.68,-0.16
6:29:12,-0.72,-0.68,-0.16
6:29:12,-0.73,-0.67,-0.16
6:29:12,-0.72,-0.68,-0.16
6:29:12,-0.73,-0.68,-0.16
6:29:12,-0.74,-0.69,-0.16
6:29:12,-0.73,-0.69,-0.16
6:29:12,-0.71,-0.68,-0.16
6:29:20,-0.40,-0.90,-0.25
6:29:20,-0.41,-0.91,-0.28
6:29:20,-0.41,-0.90,-0.26
6:29:20,-0.40,-0.91,-0.25
6:29:20,-0.40,-0.91,-0.27
6:29:20,-0.40,-0.91,-0.26
6:29:21,-0.39,-0.91,-0.26
6:29:21,-0.39,-0.90,-0.24
6:29:21,-0.40,-0.92,-0.27
6:29:21,-0.39,-0.90,-0.25
6:29:21,-0.39,-0.90,-0.27
6:29:21,-0.40,-0.90,-0.26
6:29:21,-0.39,-0.91,-0.27
6:29:21,-0.39,-0.90,-0.26
6:29:21,-0.39,-0.91,-0.25
6:29:21,-0.39,-0.91,-0.25
6:29:22,-0.40,-0.90,-0.26
6:29:22,-0.37,-0.91,-0.24
6:29:22,-0.37,-0.91,-0.25
6:29:22,-0.39,-0.91,-0.24
6:29:32,-0.93,-0.21,-0.26
6:29:32,-0.94,-0.21,-0.26
6:29:32,-0.93,-0.20,-0.25
6:29:32,-0.93,-0.23,-0.27
6:29:32,-0.94,-0.21,-0.26
6:29:32,-0.92,-0.21,-0.25
6:29:33,-0.93,-0.21,-0.26
6:29:33,-0.93,-0.22,-0.27
6:29:33,-0.93,-0.22,-0.25
6:29:33,-0.93,-0.23,-0.27
6:29:33,-0.93,-0.23,-0.26
6:29:33,-0.92,-0.25,-0.26
6:29:33,-0.93,-0.27,-0.24
6:29:33,-0.92,-0.26,-0.24
6:29:33,-0.93,-0.25,-0.24
6:29:33,-0.93,-0.26,-0.25
6:29:34,-0.94,-0.25,-0.25
6:29:34,-0.92,-0.25,-0.24
6:29:34,-0.93,-0.26,-0.22
6:29:36,-0.02,-1.00,-0.01
6:29:36,-0.06,-0.96,-0.07
6:29:36,-0.81,-0.85,-0.79
6:29:36,-0.58,-0.72,-0.31
6:29:36,-0.55,-0.82,-0.23
6:29:37,-0.55,-0.82,-0.20
6:29:37,-0.71,-0.73,-0.24
6:29:37,-0.58,-0.78,-0.23
6:29:37,-0.63,-0.78,-0.21
6:29:37,-0.63,-0.77,-0.22
6:29:37,-0.62,-0.76,-0.23
6:29:37,-0.62,-0.75,-0.24
6:29:37,-0.63,-0.77,-0.21
6:29:37,-0.63,-0.76,-0.23
6:29:37,-0.63,-0.76,-0.22
6:29:38,-0.62,-0.77,-0.23
6:29:38,-0.62,-0.77,-0.23
6:29:38,-0.63,-0.76,-0.22
6:29:38,-0.64,-0.77,-0.22
6:29:44,-0.73,-0.68,-0.16
6:29:44,-0.73,-0.69,-0.18
6:29:44,-0.71,-0.69,-0.17
6:29:45,-0.72,-0.69,-0.18
6:29:45,-0.72,-0.69,-0.18
6:29:45,-0.72,-0.70,-0.18
6:29:45,-0.71,-0.69,-0.18
6:29:45,-0.72,-0.68,-0.17
6:29:45,-0.72,-0.68,-0.18
6:29:45,-0.71,-0.69,-0.17
6:29:45,-0.71,-0.69,-0.18
6:29:45,-0.72,-0.68,-0.19
6:29:45,-0.73,-0.68,-0.17
6:29:46,-0.71,-0.68,-0.17
6:29:46,-0.73,-0.68,-0.18
6:29:46,-0.72,-0.68,-0.19
6:29:46,-0.73,-0.69,-0.18
6:29:46,-0.72,-0.68,-0.18
6:29:46,-0.73,-0.67,-0.17
6:29:46,-0.72,-0.68,-0.19
6:29:59,-0.40,-0.94,-0.13
6:29:59,-0.41,-0.93,-0.12
6:29:59,-0.41,-0.93,-0.14
6:29:59,-0.40,-0.92,-0.13
6:29:59,-0.41,-0.92,-0.13
6:29:59,-0.42,-0.92,-0.13
6:29:59,-0.40,-0.93,-0.14
6:29:59,-0.40,-0.93,-0.12
6:30:0,-0.40,-0.93,-0.13
6:30:0,-0.39,-0.93,-0.14
6:30:0,-0.39,-0.94,-0.14
6:30:0,-0.39,-0.94,-0.13
6:30:0,-0.39,-0.94,-0.14
6:30:0,-0.38,-0.94,-0.13
6:30:0,-0.38,-0.94,-0.12
6:30:0,-0.40,-0.93,-0.14
6:30:0,-0.37,-0.94,-0.14
6:30:0,-0.39,-0.94,-0.14
6:30:1,-0.39,-0.94,-0.14
6:30:13,-0.95,0.13,-0.21
6:30:13,-0.95,0.13,-0.22
6:30:13,-0.96,0.13,-0.19
6:30:14,-0.95,0.13,-0.21
6:30:14,-0.95,0.13,-0.22
6:30:14,-0.95,0.12,-0.23
6:30:14,-0.96,0.14,-0.20
6:30:14,-0.96,0.13,-0.21
6:30:14,-0.97,0.13,-0.20
6:30:14,-1.06,0.16,-0.17
6:30:14,-1.10,0.21,-0.22
6:30:14,-1.13,-0.08,-0.22
6:30:14,-0.82,-0.49,-0.07
6:30:15,-0.64,-0.71,-0.28
6:30:15,-0.66,-0.82,-0.22
6:30:15,-0.59,-0.78,-0.13
6:30:15,-0.53,-0.78,-0.07
6:30:15,-0.71,-0.73,-0.07
6:30:15,-1.15,-0.16,0.10
6:30:15,-0.87,0.33,-0.00
6:30:15,-0.96,0.24,-0.11
6:30:15,-0.99,0.20,-0.08
6:30:15,-0.94,0.24,-0.10
6:30:16,-0.95,0.24,-0.08
6:30:16,-0.94,0.24,-0.09
6:30:16,-0.94,0.26,-0.08
6:30:16,-0.95,0.25,-0.08
6:30:16,-0.94,0.26,-0.09
6:30:16,-0.95,0.25,-0.10
6:30:16,-0.94,0.25,-0.09
6:30:16,-0.93,0.26,-0.10
6:30:16,-0.94,0.26,-0.09
6:30:16,-0.93,0.26,-0.09
6:30:17,-0.94,0.26,-0.09
6:30:17,-0.95,0.27,-0.09
6:30:35,-0.43,0.86,-0.11
6:30:35,-0.44,0.85,-0.10
6:30:35,-0.44,0.86,-0.10
6:30:35,-0.45,0.86,-0.09
6:30:35,-0.43,0.84,-0.08
6:30:35,-0.43,0.86,-0.10
6:30:35,-0.43,0.86,-0.09
6:30:36,-0.44,0.86,-0.09
6:30:36,-0.45,0.86,-0.08
6:30:36,-0.44,0.86,-0.09
6:30:36,-0.44,0.86,-0.11
6:30:36,-0.44,0.86,-0.08
6:30:36,-0.44,0.85,-0.09
6:30:36,-0.44,0.86,-0.10
6:30:36,-0.45,0.86,-0.09
6:30:36,-0.45,0.84,-0.09
6:30:36,-0.44,0.86,-0.10
6:30:37,-0.44,0.87,-0.08
6:30:37,-0.45,0.84,-0.10
6:30:41,0.38,0.94,-0.02
6:30:42,0.06,0.92,-0.10
6:30:42,-0.13,0.92,-0.01
6:30:42,-0.05,0.99,-0.13
6:30:42,-0.12,0.95,-0.14
6:30:42,-0.11,0.96,-0.12
6:30:42,-0.11,0.95,-0.13
6:30:42,-0.11,0.95,-0.14
6:30:42,-0.12,0.95,-0.13
6:30:42,-0.11,0.97,-0.12
6:30:42,-0.11,0.95,-0.12
6:30:43,-0.11,0.96,-0.12
6:30:43,-0.11,0.97,-0.13
6:30:43,-0.10,0.97,-0.14
6:30:43,-0.11,0.96,-0.12
6:30:43,-0.10,0.96,-0.14
6:30:43,-0.10,0.96,-0.13
6:30:43,-0.10,0.96,-0.12
6:30:43,-0.10,0.95,-0.13
6:30:55,0.89,0.29,-0.37
6:30:55,0.89,0.28,-0.39
6:30:55,0.88,0.30,-0.37
6:30:55,0.90,0.29,-0.38
6:30:55,0.88,0.28,-0.37
6:30:55,0.89,0.29,-0.38
6:30:55,0.89,0.29,-0.38
6:30:55,0.88,0.29,-0.35
6:30:55,0.86,0.32,-0.36
6:30:56,0.87,0.42,-0.34
6:30:56,0.89,0.27,-0.36
6:30:56,0.88,0.31,-0.36
6:30:56,0.76,0.20,-0.37
6:30:56,0.89,0.31,-0.36
6:30:56,0.91,0.32,-0.36
6:30:56,0.87,0.31,-0.37
6:30:56,0.89,0.31,-0.37
6:30:56,0.86,0.28,-0.39
6:30:56,0.89,0.29,-0.37
6:31:8,-0.60,-0.79,-0.16
6:31:8,-0.83,-0.62,-0.11
6:31:8,-0.03,-0.84,-0.29
6:31:8,-0.39,-0.06,0.17
6:31:8,-0.00,0.06,-0.35
6:31:8,0.63,0.61,0.09
6:31:8,0.63,0.17,0.05
6:31:9,0.85,-0.02,0.17
6:31:9,0.81,-0.72,0.42
6:31:9,0.84,-0.50,0.24
6:31:9,0.90,-0.46,0.23
6:31:9,0.89,-0.47,0.23
6:31:9,0.93,-0.37,0.23
6:31:9,0.89,-0.46,0.23
6:31:9,0.88,-0.46,0.24
6:31:9,0.89,-0.45,0.23
6:31:9,0.89,-0.46,0.23
6:31:10,0.89,-0.45,0.22
6:31:10,0.92,-0.46,0.24
6:31:16,0.91,-0.46,0.14
6:31:16,0.90,-0.47,0.13
6:31:16,0.89,-0.46,0.14
6:31:16,0.90,-0.47,0.14
6:31:17,0.89,-0.50,0.13
6:31:17,0.89,-0.51,0.15
6:31:17,0.88,-0.52,0.13
6:31:17,0.85,-0.56,0.12
6:31:17,0.83,-0.59,0.15
6:31:17,0.85,-0.56,0.14
6:31:17,0.82,-0.60,0.11
6:31:17,0.82,-0.62,0.12
6:31:17,0.80,-0.63,0.13
6:31:17,0.79,-0.64,0.12
6:31:18,0.79,-0.75,0.20
6:31:18,0.86,-0.54,0.09
6:31:18,0.83,-0.55,0.09
6:31:18,0.86,-0.58,0.08
6:31:18,0.85,-0.57,0.10
6:31:22,0.36,-0.97,0.11
6:31:22,0.35,-0.96,0.09
6:31:22,0.36,-0.97,0.10
6:31:22,0.35,-0.97,0.09
6:31:23,0.36,-0.96,0.10
6:31:23,0.36,-0.97,0.10
6:31:23,0.36,-0.96,0.11
6:31:23,0.36,-0.97,0.09
6:31:23,0.37,-0.97,0.09
6:31:23,0.37,-0.96,0.10
6:31:23,0.38,-0.96,0.11
6:31:23,0.36,-0.96,0.07
6:31:23,0.38,-0.96,0.08
6:31:23,0.37,-0.96,0.08
6:31:24,0.38,-0.96,0.10
6:31:24,0.38,-0.96,0.08
6:31:24,0.38,-0.95,0.08
6:31:24,0.37,-0.96,0.07
6:31:24,0.36,-0.95,0.10
6:32:9,1.25,0.76,0.33
6:32:9,0.93,0.27,0.20
6:32:9,0.93,0.36,0.20
6:32:9,0.91,0.37,0.19
6:32:9,0.90,0.38,0.19
6:32:9,0.91,0.37,0.18
6:32:10,1.04,0.26,0.27
6:32:10,0.95,0.26,0.22
6:32:10,0.92,0.34,0.18
6:32:10,0.92,0.33,0.21
6:32:10,0.92,0.34,0.20
6:32:10,0.93,0.34,0.20
6:32:10,0.93,0.33,0.21
6:32:10,0.92,0.33,0.19
6:32:10,0.92,0.34,0.20
6:32:10,0.92,0.33,0.20
6:32:11,0.35,0.21,-0.06
6:32:11,0.93,0.24,0.19
6:32:11,1.07,0.25,0.21
6:32:11,1.08,0.07,0.21
6:32:35,0.49,0.80,0.30
6:32:35,0.51,0.79,0.31
6:32:35,0.50,0.78,0.31
6:32:35,0.50,0.79,0.32
6:32:35,0.51,0.80,0.31
6:32:35,0.50,0.79,0.31
6:32:35,0.51,0.79,0.31
6:32:35,0.50,0.80,0.30
6:32:36,0.50,0.79,0.31
6:32:36,0.50,0.79,0.30
6:32:36,0.50,0.79,0.29
6:32:36,0.50,0.79,0.31
6:32:36,0.51,0.79,0.32
6:32:36,0.52,0.78,0.31
6:32:36,0.54,0.79,0.28
6:32:36,0.56,0.77,0.30
6:32:36,0.57,0.73,0.29
6:32:36,0.59,0.76,0.32
6:32:37,0.62,0.72,0.31
6:33:9,0.66,0.73,-0.09
6:33:9,0.65,0.73,-0.12
6:33:9,0.66,0.73,-0.10
6:33:9,0.67,0.72,-0.11
6:33:9,0.66,0.74,-0.10
6:33:9,0.66,0.74,-0.10
6:33:9,0.66,0.73,-0.11
6:33:10,0.65,0.73,-0.11
6:33:10,0.67,0.73,-0.10
6:33:10,0.66,0.74,-0.10
6:33:10,0.65,0.72,-0.11
6:33:10,0.66,0.72,-0.14
6:33:10,0.65,0.75,-0.09
6:33:10,0.66,0.74,-0.10
6:33:10,0.65,0.73,-0.11
6:33:10,0.66,0.73,-0.11
6:33:10,0.65,0.74,-0.12
6:33:11,0.64,0.76,-0.11
6:33:11,0.66,0.73,-0.11
6:33:52,-0.77,0.57,-0.23
6:33:52,-0.76,0.57,-0.23
6:33:53,-0.77,0.56,-0.23
6:33:53,-0.75,0.58,-0.23
6:33:53,-0.75,0.58,-0.23
6:33:53,-0.75,0.58,-0.24
6:33:53,-0.74,0.59,-0.23
6:33:53,-0.75,0.58,-0.23
6:33:53,-0.74,0.58,-0.23
6:33:53,-0.75,0.58,-0.24
6:33:53,-0.75,0.59,-0.23
6:33:53,-0.74,0.58,-0.23
6:33:54,-0.74,0.59,-0.23
6:33:54,-0.74,0.58,-0.23
6:33:54,-0.74,0.59,-0.25
6:33:54,-0.74,0.60,-0.24
6:33:54,-0.73,0.59,-0.23
6:33:54,-0.73,0.59,-0.23
6:33:54,-0.75,0.58,-0.23
6:34:24,-0.96,-0.10,-0.26
6:34:24,-0.95,-0.10,-0.26
6:34:24,-0.96,-0.09,-0.24
6:34:24,-0.97,-0.11,-0.25
6:34:24,-0.95,-0.09,-0.25
6:34:24,-0.95,-0.09,-0.25
6:34:24,-0.95,-0.09,-0.24
6:34:24,-0.95,-0.10,-0.24
6:34:24,-0.96,-0.09,-0.25
6:34:25,-0.96,-0.10,-0.25
6:34:25,-0.96,-0.09,-0.24
6:34:25,-0.96,-0.09,-0.24
6:34:25,-0.95,-0.09,-0.25
6:34:25,-0.96,-0.09,-0.25
6:34:25,-0.96,-0.08,-0.24
6:34:25,-0.97,-0.09,-0.26
6:34:25,-0.95,-0.09,-0.22
6:34:25,-0.96,-0.09,-0.24
6:34:25,-0.95,-0.09,-0.25
6:35:18,-0.94,-0.35,-0.12
6:35:18,-0.93,-0.35,-0.14
6:35:18,-0.93,-0.34,-0.13
6:35:18,-0.93,-0.35,-0.12
6:35:18,-0.92,-0.35,-0.14
6:35:18,-0.93,-0.35,-0.13
6:35:18,-0.93,-0.35,-0.15
6:35:18,-0.92,-0.34,-0.14
6:35:18,-0.94,-0.35,-0.14
6:35:19,-0.93,-0.35,-0.12
6:35:19,-0.93,-0.35,-0.13
6:35:19,-0.93,-0.35,-0.14
6:35:19,-0.92,-0.34,-0.14
6:35:19,-0.93,-0.34,-0.14
6:35:19,-0.93,-0.35,-0.15
6:35:19,-0.93,-0.35,-0.12
6:35:19,-0.92,-0.35,-0.14
6:35:19,-0.93,-0.36,-0.13
6:35:19,-0.92,-0.36,-0.15
6:35:20,-0.93,-0.36,-0.14
6:35:42,0.78,-0.66,0.02
6:35:42,0.77,-0.67,0.05
6:35:42,0.78,-0.67,0.03
6:35:42,0.78,-0.67,0.04
6:35:42,0.77,-0.67,0.03
6:35:42,0.69,-0.72,0.03
6:35:42,0.79,-0.65,0.02
6:35:42,0.78,-0.67,0.04
6:35:42,0.78,-0.67,0.04
6:35:43,0.78,-0.67,0.04
6:35:43,0.79,-0.67,0.03
6:35:43,0.79,-0.67,0.02
6:35:43,0.79,-0.67,0.03
6:35:43,0.78,-0.66,0.03
6:35:43,0.78,-0.66,0.02
6:35:43,0.79,-0.66,0.03
6:35:43,0.80,-0.67,0.04
6:35:43,0.79,-0.66,0.05
6:35:43,0.79,-0.68,0.03
6:36:43,0.79,-0.07,-0.10
6:36:43,0.77,-0.39,-0.50
6:36:43,0.50,-0.63,-0.62
6:36:43,0.65,-0.74,-0.35
6:36:43,0.67,-0.68,-0.40
6:36:43,0.69,-0.69,-0.43
6:36:43,0.69,-0.68,-0.37
6:36:44,0.87,-0.09,-0.44
6:36:44,2.00,0.86,-1.16
6:36:44,0.53,0.43,-0.30
6:36:44,1.43,-1.52,-0.33
6:36:44,1.04,-0.15,-0.23
6:36:44,0.91,-0.35,-0.24
6:36:44,0.91,-0.41,-0.24
6:36:44,0.91,-0.47,-0.19
6:36:44,0.90,-0.51,-0.24
6:36:44,0.92,-0.35,-0.22
6:36:45,0.87,-0.44,-0.28
6:36:45,0.83,-0.59,-0.18
6:36:45,0.82,-0.58,-0.21
6:36:45,0.82,-0.57,-0.21
6:36:45,0.83,-0.58,-0.21
6:36:45,0.79,-0.51,-0.25
6:36:45,0.78,-0.58,-0.24
6:36:45,0.83,-0.58,-0.21
6:36:45,0.80,-0.60,-0.22
6:36:45,0.83,-0.59,-0.21
6:36:46,0.83,-0.58,-0.19
6:36:46,0.82,-0.54,-0.18
6:36:46,0.82,-0.57,-0.18
6:36:46,0.85,-0.51,-0.16
6:36:46,0.81,-0.57,-0.22
6:36:46,0.81,-0.60,-0.21
6:36:46,0.81,-0.58,-0.21
6:36:49,0.79,-0.43,-0.45
6:36:49,0.83,-0.41,-0.45
6:36:49,0.83,-0.35,-0.52
6:36:50,0.80,-0.46,-0.39
6:36:50,0.82,-0.45,-0.39
6:36:50,0.85,-0.44,-0.38
6:36:50,0.82,-0.40,-0.25
6:36:50,0.90,-0.36,-0.37
6:36:50,0.90,-0.28,-0.25
6:36:50,0.93,-0.41,-0.29
6:36:50,0.78,0.08,-0.48
6:36:50,0.60,-0.56,-0.14
6:36:50,0.95,-0.35,-0.07
6:36:51,1.04,0.08,-0.18
6:36:51,1.48,0.06,-0.69
6:36:51,1.49,-0.35,-0.19
6:36:51,1.08,-0.14,-0.30
6:36:51,0.93,-0.16,-0.32
6:36:51,0.92,-0.21,-0.31
6:36:51,0.95,-0.18,-0.32
6:36:51,1.05,-0.32,-0.50
6:36:51,0.96,-0.25,-0.27
6:36:51,0.88,-0.09,-0.29
6:36:52,0.83,-0.02,-0.53
6:36:52,0.82,-0.32,0.01
6:36:52,0.88,-0.22,-0.41
6:36:52,0.87,-0.68,-0.42
6:36:52,0.64,-0.69,-0.51
6:36:52,1.56,-0.05,-0.28
6:36:52,1.34,-0.38,-0.35
6:36:52,1.01,-0.26,-0.26
6:36:52,0.93,-0.31,-0.27
6:36:52,0.88,-0.34,-0.28
6:36:53,0.61,-0.70,-0.15
6:37:2,0.60,0.94,-0.18
6:37:2,0.95,0.17,-0.29
6:37:3,1.09,0.52,0.08
6:37:3,0.92,0.32,-0.14
6:37:3,0.93,0.36,-0.20
6:37:3,0.92,0.33,-0.23
6:37:3,0.91,0.27,-0.28
6:37:3,0.95,0.32,-0.23
6:37:3,0.94,0.28,-0.23
6:37:3,0.93,0.30,-0.22
6:37:3,0.87,0.30,-0.23
6:37:3,0.92,0.36,-0.19
6:37:4,0.95,0.20,-0.31
6:37:4,0.93,0.28,-0.24
6:37:4,0.94,0.30,-0.22
6:37:4,0.94,0.31,-0.23
6:37:4,0.91,0.29,-0.24
6:37:4,0.91,0.27,-0.25
6:37:4,0.93,0.30,-0.22
6:37:14,0.81,0.52,-0.15
6:37:14,0.86,0.51,-0.12
6:37:14,0.83,0.59,-0.07
6:37:14,0.75,0.63,-0.12
6:37:14,0.93,0.40,-0.11
6:37:14,0.70,0.58,-0.24
6:37:14,0.85,0.51,-0.19
6:37:14,1.02,0.22,-0.21
6:37:14,0.81,0.44,-0.31
6:37:14,0.86,0.39,-0.26
6:37:15,0.91,0.39,-0.19
6:37:15,0.95,0.39,-0.17
6:37:15,0.59,0.20,-0.51
6:37:15,0.39,0.55,-0.34
6:37:15,1.06,0.20,-0.16
6:37:15,0.92,0.29,-0.27
6:37:15,0.88,0.31,-0.26
6:37:15,0.93,0.53,-0.18
6:37:15,0.76,0.64,-0.26
6:37:15,0.50,0.81,-0.29
6:37:17,0.19,1.24,-0.23
6:37:17,-0.02,0.90,-0.33
6:37:17,0.03,0.91,-0.33
6:37:17,0.07,0.89,-0.34
6:37:17,0.06,0.88,-0.40
6:37:17,0.09,0.91,-0.36
6:37:17,0.09,0.91,-0.34
6:37:18,0.09,0.90,-0.35
6:37:18,0.08,0.91,-0.35
6:37:18,0.08,0.89,-0.37
6:37:18,0.08,0.91,-0.35
6:37:18,0.09,0.91,-0.35
6:37:18,0.08,0.91,-0.35
6:37:18,0.08,0.91,-0.36
6:37:18,0.07,0.91,-0.39
6:37:18,0.12,0.77,-0.36
6:37:18,0.01,0.99,-0.28
6:37:19,0.08,0.89,-0.39
6:37:19,0.09,0.90,-0.38
6:37:19,0.09,0.89,-0.36
6:37:19,0.09,0.91,-0.38
6:41:9,0.97,0.27,-0.02
6:41:9,0.97,0.29,-0.03
6:41:9,0.97,0.30,-0.04
6:41:9,0.94,0.32,-0.03
6:41:10,0.94,0.32,-0.06
6:41:10,0.95,0.32,-0.05
6:41:10,0.94,0.32,-0.06
6:41:10,0.94,0.33,-0.05
6:41:10,0.94,0.32,-0.05
6:41:10,0.94,0.33,-0.05
6:41:10,0.95,0.33,-0.04
6:41:10,0.94,0.34,-0.04
6:41:10,0.94,0.33,-0.06
6:41:10,0.94,0.35,-0.04
6:41:11,0.90,0.33,0.04
6:41:11,0.95,0.41,-0.09
6:41:11,0.93,0.39,-0.06
6:41:11,0.89,0.40,-0.06
6:41:11,0.92,0.40,-0.06
6:41:18,0.99,0.27,0.01
6:41:18,0.96,0.27,0.03
6:41:18,0.96,0.22,0.03
6:41:18,0.96,0.27,0.02
6:41:18,0.95,0.36,-0.04
6:41:19,0.92,0.33,-0.00
6:41:19,0.94,0.33,0.00
6:41:19,0.93,0.36,-0.01
6:41:19,0.95,0.21,0.02
6:41:19,0.91,0.36,0.03
6:41:19,0.92,0.37,0.01
6:41:19,0.93,0.39,0.02
6:41:19,0.93,0.38,0.04
6:41:19,0.93,0.33,0.03
6:41:19,0.92,0.36,0.04
6:41:20,0.93,0.37,0.03
6:41:20,0.93,0.35,0.01
6:41:20,0.93,0.33,0.05
6:41:20,0.96,0.28,0.06
6:41:38,0.94,0.24,0.24
6:41:38,0.94,0.21,0.22
6:41:38,0.96,0.21,0.22
6:41:38,0.97,0.22,0.25
6:41:38,0.95,0.24,0.23
6:41:38,0.93,0.25,0.22
6:41:41,0.96,0.17,0.23
6:41:41,0.97,0.15,0.23
6:41:41,0.96,0.16,0.24
6:41:41,0.96,0.16,0.23
6:41:41,0.96,0.15,0.26
6:41:41,0.94,0.16,0.24
6:41:42,0.98,0.17,0.21
6:41:42,0.99,0.35,0.25
6:41:42,0.95,0.09,-0.06
6:41:42,1.33,0.23,0.46
6:41:42,0.99,0.07,-0.12
6:41:42,0.94,0.17,-0.13
6:41:42,0.99,0.16,-0.11
6:41:42,0.96,0.20,-0.17
6:41:42,0.99,0.12,-0.09
6:41:42,0.98,0.17,-0.15
6:41:43,0.94,0.17,-0.15
6:41:43,0.97,0.25,-0.26
6:41:43,0.95,0.28,-0.14
6:41:46,0.73,0.62,-0.31
6:41:46,0.72,0.60,-0.31
6:41:46,0.71,0.60,-0.30
6:41:46,0.71,0.63,-0.28
6:41:46,0.67,0.62,-0.25
6:41:46,0.71,0.73,-0.35
6:41:47,0.68,0.65,-0.30
6:41:47,0.77,0.61,-0.27
6:41:47,0.72,0.57,-0.27
6:41:47,0.75,0.59,-0.31
6:41:47,0.72,0.58,-0.32
6:41:47,0.80,0.61,-0.31
6:41:47,0.69,0.64,-0.26
6:41:47,0.66,0.64,-0.29
6:41:47,0.63,0.65,-0.29
6:41:47,0.70,0.68,-0.29
6:41:48,0.68,0.66,-0.29
6:41:48,0.81,0.54,-0.26
6:41:48,0.78,0.55,-0.27
6:44:18,0.79,0.61,-0.12
6:44:18,0.77,0.60,-0.10
6:44:18,0.78,0.60,-0.10
6:44:18,0.78,0.60,-0.12
6:44:18,0.77,0.61,-0.11
6:44:18,0.77,0.60,-0.11
6:44:18,0.78,0.60,-0.11
6:44:18,0.78,0.61,-0.11
6:44:18,0.79,0.61,-0.10
6:44:18,0.77,0.61,-0.11
6:44:19,0.78,0.62,-0.12
6:44:19,0.78,0.60,-0.11
6:44:19,0.77,0.62,-0.11
6:44:19,0.78,0.61,-0.12
6:44:19,0.78,0.61,-0.11
6:44:19,0.78,0.61,-0.13
6:44:19,0.78,0.63,-0.12
6:44:19,0.75,0.60,-0.13
6:44:19,0.77,0.61,-0.11
6:47:16,0.42,0.86,-0.20
6:47:16,0.42,0.87,-0.20
6:47:16,0.42,0.87,-0.18
6:47:16,0.48,0.83,-0.20
6:47:16,0.47,0.84,-0.20
6:47:16,0.43,0.84,-0.18
6:47:16,0.45,0.87,-0.20
6:47:16,0.43,0.87,-0.19
6:47:16,0.43,0.86,-0.18
6:47:16,0.43,0.88,-0.18
6:47:17,0.42,0.86,-0.19
6:47:17,0.45,0.85,-0.17
6:47:17,0.45,0.88,-0.17
6:47:17,0.45,0.86,-0.17
6:47:17,0.44,0.87,-0.18
6:47:17,0.44,0.87,-0.18
6:47:17,0.47,0.86,-0.16
6:47:17,0.44,0.89,-0.20
6:47:17,0.48,0.83,-0.19
6:47:29,-0.97,0.15,-0.02
6:47:30,-0.98,0.13,-0.02
6:47:30,-0.93,0.13,-0.05
6:47:30,-0.96,0.06,0.00
6:47:30,-0.96,0.06,0.01
6:47:30,-0.97,0.14,-0.01
6:47:30,-1.00,0.14,-0.03
6:47:30,-0.99,0.12,-0.02
6:47:30,-0.99,0.16,-0.03
6:47:30,-0.97,0.15,-0.05
6:47:30,-0.99,0.15,-0.06
6:47:31,-0.98,0.15,-0.08
6:47:31,-0.98,0.16,-0.10
6:47:31,-0.97,0.15,-0.10
6:47:31,-0.96,0.14,-0.11
6:47:31,-0.90,0.05,-0.15
6:47:31,-0.99,0.23,0.00
6:47:31,-0.94,0.21,-0.06
6:47:31,-0.95,0.26,-0.02
6:50:5,-0.75,0.64,-0.09
6:50:5,-0.77,0.62,-0.11
6:50:5,-0.73,0.60,-0.16
6:50:5,-0.76,0.63,-0.13
6:50:6,-0.76,0.65,-0.11
6:50:6,-0.75,0.58,-0.14
6:50:6,-0.75,0.61,-0.11
6:50:6,-0.73,0.60,-0.15
6:50:6,-0.72,0.58,-0.08
6:50:6,-0.74,0.63,-0.11
6:50:6,-0.74,0.65,-0.13
6:50:6,-0.75,0.60,-0.11
6:50:6,-0.73,0.64,-0.12
6:50:6,-0.73,0.62,-0.16
6:50:7,-0.74,0.65,-0.13
6:50:7,-0.77,0.64,-0.09
6:50:7,-0.74,0.60,-0.15
6:50:7,-0.75,0.66,-0.20
6:50:7,-0.79,0.62,-0.17
6:50:29,-0.51,0.83,-0.11
6:50:29,-0.31,0.79,-0.16
6:50:29,-0.70,0.81,-0.02
6:50:30,-0.68,0.73,0.05
6:50:30,-0.75,0.63,0.04
6:50:30,-0.75,0.62,-0.00
6:50:30,-0.69,0.65,-0.05
6:50:30,-0.74,0.69,-0.08
6:50:30,-0.88,0.14,-0.50
6:50:30,-0.80,0.11,-0.49
6:50:30,-0.82,-0.05,-0.51
6:50:30,-0.82,-0.52,-0.41
6:50:30,-0.84,-0.51,-0.28
6:50:31,-0.31,-0.67,-0.59
6:50:31,0.70,-1.41,-0.68
6:50:31,0.65,-0.35,-0.33
6:50:31,0.43,0.42,0.10
6:50:31,0.74,0.47,-0.09
6:50:31,1.07,0.44,-0.15
6:50:31,0.94,0.25,-0.21
6:50:31,0.93,0.34,-0.16
6:50:31,0.94,0.32,-0.15
6:50:31,1.00,0.37,-0.23
6:50:32,0.94,0.30,-0.11
6:50:32,0.91,0.37,-0.16
6:50:32,1.28,0.07,-0.03
6:50:32,1.06,0.13,-0.01
6:50:32,0.32,-0.52,-0.33
6:50:32,0.49,-0.87,-0.27
6:50:32,0.36,-0.84,-0.29
6:50:40,0.80,-0.62,-0.08
6:50:40,0.78,-0.62,-0.09
6:50:40,0.81,-0.64,-0.09
6:50:40,0.74,-0.65,-0.10
6:50:40,0.78,-0.69,-0.12
6:50:40,0.82,-0.61,-0.10
6:50:41,0.78,-0.63,-0.09
6:50:41,0.79,-0.63,-0.09
6:50:41,0.80,-0.62,-0.11
6:50:41,0.83,-0.65,-0.11
6:50:41,0.90,-0.52,-0.08
6:50:41,0.85,-0.47,-0.15
6:50:41,0.87,-0.53,-0.10
6:50:41,0.88,-0.69,-0.06
6:50:41,0.78,-0.70,-0.11
6:50:41,0.81,-0.65,-0.09
6:50:42,0.80,-0.63,-0.13
6:50:42,0.89,-0.44,-0.09
6:50:42,0.86,-0.53,-0.11
6:58:15,0.96,0.16,0.29
6:58:15,0.97,0.12,0.29
6:58:15,0.96,0.16,0.28
6:58:15,0.95,0.20,0.27
6:58:15,0.92,0.27,0.22
6:58:15,0.93,0.32,0.24
6:58:16,0.90,0.34,0.21
6:58:16,0.87,0.38,0.18
6:58:16,0.88,0.50,0.15
6:58:16,0.84,0.49,0.10
6:58:16,0.80,0.58,0.01
6:58:16,0.77,0.61,-0.04
6:58:16,0.77,0.65,-0.03
6:58:16,0.74,0.65,-0.02
6:58:16,0.71,0.65,-0.05
6:58:16,0.69,0.70,-0.03
6:58:17,0.68,0.72,-0.06
6:58:17,0.66,0.70,-0.09
6:58:17,0.64,0.73,-0.08
6:58:18,-0.90,0.12,-0.36
6:58:18,-0.89,0.14,-0.35
6:58:19,-0.94,0.19,-0.38
6:58:19,-0.85,0.26,-0.36
6:58:19,-0.87,0.34,-0.35
6:58:19,-0.81,0.42,-0.36
6:58:19,-0.80,0.30,-0.38
6:58:19,-0.86,0.22,-0.39
6:58:19,-0.89,0.12,-0.38
6:58:19,-0.90,0.14,-0.40
6:58:19,-0.86,0.17,-0.44
6:58:19,-0.81,0.20,-0.48
6:58:20,-0.80,0.21,-0.48
6:58:20,-0.86,0.35,-0.44
6:58:20,-0.82,0.20,-0.44
6:58:20,-0.80,0.29,-0.49
6:58:20,-0.80,0.25,-0.53
6:58:20,-0.77,0.32,-0.51
6:58:20,-0.83,0.34,-0.50
6:58:20,-0.69,0.25,-0.57
6:58:25,-0.92,0.19,-0.28
6:58:25,-0.93,0.23,-0.29
6:58:25,-0.90,0.22,-0.31
6:58:26,-0.91,0.19,-0.29
6:58:26,-0.91,0.18,-0.31
6:58:26,-0.96,0.17,-0.29
6:58:26,-0.90,0.16,-0.31
6:58:26,-0.95,0.25,-0.26
6:58:26,-0.91,0.24,-0.32
6:58:26,-0.91,0.20,-0.32
6:58:26,-0.94,0.22,-0.30
6:58:26,-0.92,0.14,-0.32
6:58:26,-0.93,0.17,-0.32
6:58:27,-0.91,0.17,-0.32
6:58:27,-0.92,0.17,-0.30
6:58:27,-0.91,0.18,-0.31
6:58:27,-0.90,0.19,-0.32
6:58:27,-0.94,0.20,-0.30
6:58:27,-0.93,0.18,-0.30
7:0:38,-0.78,0.63,-0.06
7:0:38,-0.76,0.65,0.00
7:0:38,-0.75,0.62,-0.05
7:0:38,-0.73,0.61,-0.06
7:0:39,-0.72,0.64,-0.06
7:0:39,-0.72,0.58,-0.06
7:0:39,-0.72,0.63,-0.10
7:0:39,-0.77,0.63,-0.07
7:0:39,-0.77,0.62,-0.09
7:0:39,-0.75,0.54,-0.09
7:0:39,-0.79,0.78,-0.12
7:0:39,-0.80,0.52,-0.02
7:0:39,-0.61,0.78,-0.09
7:0:39,-0.70,0.65,-0.05
7:0:40,-0.70,0.66,-0.07
7:0:40,-0.72,0.67,-0.06
7:0:40,-0.72,0.66,-0.06
7:0:40,-0.71,0.66,-0.07
7:0:40,-0.71,0.65,-0.07
7:1:5,-0.66,0.51,-0.09
7:1:5,-0.65,0.31,-0.11
7:1:5,0.21,1.04,0.20
7:1:5,-0.30,2.00,0.33
7:1:5,-0.57,0.68,-0.60
7:1:5,-1.04,-0.12,-0.04
7:1:5,-0.89,0.30,-0.13
7:1:6,-0.98,0.17,-0.09
7:1:6,-0.95,0.16,-0.14
7:1:6,-0.96,0.16,-0.13
7:1:6,-0.96,0.14,-0.12
7:1:6,-0.96,0.15,-0.15
7:1:6,-0.96,0.15,-0.13
7:1:6,-0.96,0.14,-0.13
7:1:6,-0.97,0.14,-0.13
7:1:6,-0.97,0.14,-0.14
7:1:6,-0.97,0.13,-0.13
7:1:7,-0.96,0.12,-0.13
7:1:7,-0.97,0.12,-0.14
7:1:7,-0.97,0.10,-0.14
7:1:7,-0.99,0.11,-0.14
7:1:7,-0.99,-0.01,-0.13
7:1:7,-0.98,0.02,-0.10
7:1:7,-1.00,-0.04,-0.08
7:1:42,-0.92,-0.43,-0.12
7:1:42,-0.78,-0.42,0.03
7:1:42,-0.91,-0.39,-0.08
7:1:43,-0.89,-0.42,-0.10
7:1:43,-0.92,-0.44,-0.09
7:1:43,-0.87,-0.42,-0.12
7:1:43,-0.92,-0.42,-0.07
7:1:43,-0.90,-0.44,-0.10
7:1:43,-0.90,-0.42,-0.10
7:1:43,-0.92,-0.41,-0.09
7:1:43,-1.07,-0.24,0.19
7:1:43,-0.89,-0.51,-0.08
7:1:43,-1.18,-0.66,-0.27
7:1:44,-1.01,-0.60,-0.18
7:1:44,-0.92,-0.49,0.04
7:1:44,-0.92,-0.53,0.02
7:1:44,-0.90,-0.44,-0.05
7:1:44,-0.93,-0.47,-0.03
7:1:44,-0.89,-0.46,-0.02
7:2:1,-0.63,-0.80,-0.10
7:2:1,-0.67,-0.81,-0.21
7:2:1,-0.54,-0.54,-0.14
7:2:1,-0.72,-0.58,-0.20
7:2:1,-1.18,-0.35,0.26
7:2:1,-1.09,-0.36,0.23
7:2:2,-0.80,-0.25,0.19
7:2:2,-0.40,-0.41,-0.21
7:2:2,-0.83,-0.45,-0.02
7:2:2,-0.79,-0.63,-0.49
7:2:2,-0.72,-0.53,-0.15
7:2:2,-0.56,-0.97,-0.11
7:2:2,0.58,-1.02,-0.57
7:2:2,0.17,-1.01,-0.06
7:2:2,0.22,-1.02,-0.07
7:2:2,0.19,-1.01,-0.07
7:2:2,0.21,-1.00,-0.08
7:2:3,0.20,-0.99,-0.07
7:2:3,0.23,-0.98,-0.08
7:2:3,0.24,-0.98,-0.08
7:2:3,0.29,-1.00,-0.10
7:2:3,0.27,-0.99,-0.07
7:2:3,0.28,-0.99,-0.04
7:2:3,0.28,-0.99,-0.05
7:2:3,0.28,-1.00,-0.06
7:2:3,0.27,-0.99,-0.04
7:2:3,0.28,-0.99,-0.06
7:2:4,0.26,-1.00,-0.06
7:2:4,0.29,-1.00,-0.05
7:2:4,0.29,-0.96,-0.04
7:2:4,0.27,-1.00,-0.06
7:2:4,0.24,-0.99,-0.06
7:2:4,0.25,-1.00,-0.07
7:2:4,0.24,-1.01,-0.06
7:2:22,0.94,-0.34,-0.15
7:2:22,0.94,-0.33,-0.15
7:2:22,0.89,-0.31,-0.20
7:2:22,0.95,-0.34,-0.18
7:2:22,0.94,-0.38,-0.16
7:2:22,0.94,-0.35,-0.18
7:2:22,0.93,-0.37,-0.16
7:2:23,0.97,-0.36,-0.16
7:2:23,0.93,-0.37,-0.19
7:2:23,0.94,-0.19,-0.14
7:2:23,0.95,-0.36,-0.16
7:2:23,0.92,-0.38,-0.15
7:2:23,0.94,-0.37,-0.17
7:2:23,0.81,-0.36,-0.14
7:2:23,0.92,-0.35,-0.19
7:2:23,0.95,-0.36,-0.17
7:2:23,0.93,-0.36,-0.14
7:2:24,0.94,-0.37,-0.16
7:2:24,0.94,-0.35,-0.15
7:2:33,0.50,0.83,-0.13
7:2:34,0.51,0.83,-0.14
7:2:34,0.51,0.83,-0.14
7:2:34,0.51,0.84,-0.12
7:2:34,0.51,0.84,-0.14
7:2:34,0.51,0.83,-0.14
7:2:34,0.49,0.84,-0.13
7:2:34,0.49,0.85,-0.12
7:2:34,0.49,0.84,-0.12
7:2:34,0.50,0.83,-0.11
7:2:34,0.45,0.84,-0.11
7:2:35,0.46,0.85,-0.11
7:2:35,0.46,0.83,-0.13
7:2:35,0.49,0.86,-0.10
7:2:35,0.46,0.88,-0.11
7:2:35,0.47,0.80,-0.15
7:2:35,0.47,0.85,-0.11
7:2:35,0.45,0.86,-0.11
7:2:35,0.47,0.89,-0.13
7:12:27,0.94,0.33,-0.13
7:12:27,0.94,0.34,-0.14
7:12:28,0.94,0.33,-0.12
7:12:28,0.93,0.32,-0.13
7:12:28,0.94,0.33,-0.12
7:12:28,0.95,0.30,-0.12
7:12:28,0.95,0.30,-0.13
7:12:28,0.95,0.30,-0.13
7:12:28,0.96,0.30,-0.11
7:12:28,0.94,0.31,-0.12
7:12:28,0.95,0.30,-0.11
7:12:28,0.96,0.31,-0.11
7:12:29,0.95,0.31,-0.13
7:12:29,1.00,0.14,-0.07
7:12:29,0.81,0.40,-0.17
7:12:29,1.01,0.26,-0.07
7:12:29,0.95,0.31,-0.11
7:12:29,0.95,0.32,-0.10
7:12:29,0.94,0.31,-0.12
7:12:29,0.94,0.32,-0.11
7:12:45,0.22,-0.96,-0.25
7:12:45,0.36,-0.89,-0.26
7:12:45,0.60,-0.73,-0.17
7:12:45,1.18,1.56,-0.28
7:12:45,0.54,0.65,-0.26
7:12:45,0.66,0.68,-0.30
7:12:46,0.66,0.67,-0.32
7:12:46,0.67,0.67,-0.31
7:12:46,0.66,0.67,-0.31
7:12:46,0.65,0.66,-0.30
7:12:46,0.65,0.68,-0.31
7:12:46,0.67,0.66,-0.30
7:12:46,0.66,0.66,-0.31
7:12:46,0.73,0.65,-0.31
7:12:46,0.68,0.66,-0.30
7:12:46,0.54,0.63,-0.22
7:12:47,0.74,0.72,-0.22
7:12:47,0.60,0.64,-0.44
7:12:47,0.91,0.54,-0.28
7:12:47,0.88,0.52,-0.43
7:12:47,0.96,0.67,-0.32
7:12:47,0.95,0.52,-0.32
7:12:47,0.98,0.10,-0.23
7:12:47,0.63,-0.10,-0.40
7:12:47,0.88,-0.24,-0.35
7:12:47,0.86,-0.14,-0.24
7:12:48,1.02,-0.10,-0.22
7:12:48,1.00,-0.10,-0.23
7:12:48,0.98,-0.10,-0.24
7:12:48,0.99,-0.08,-0.23
7:12:48,0.94,-0.11,-0.23
7:12:48,0.98,-0.09,-0.22
7:12:48,0.98,-0.08,-0.23
7:12:48,0.98,-0.08,-0.25
7:12:48,0.98,-0.11,-0.23
7:12:48,0.98,-0.08,-0.23
7:12:49,1.01,-0.09,-0.23
7:12:49,0.98,-0.10,-0.24
7:12:49,0.98,-0.09,-0.25
7:12:49,0.98,-0.10,-0.24
7:12:49,0.98,-0.11,-0.24
7:12:49,0.98,-0.11,-0.27
7:12:51,0.87,0.37,-0.30
7:12:51,0.90,0.38,-0.28
7:12:51,0.91,0.34,-0.29
7:12:51,0.90,0.33,-0.30
7:12:51,0.91,0.32,-0.28
7:12:52,0.92,0.31,-0.28
7:12:52,0.93,0.23,-0.26
7:12:52,0.96,0.20,-0.27
7:12:52,0.96,0.15,-0.32
7:12:52,0.95,0.09,-0.26
7:12:52,0.94,0.14,-0.29
7:12:52,0.94,0.16,-0.30
7:12:52,0.95,0.16,-0.29
7:12:52,0.95,0.17,-0.29
7:12:52,0.92,0.24,-0.27
7:12:53,1.19,0.50,-0.32
7:12:53,0.83,0.57,-0.21
7:12:53,0.85,0.40,-0.31
7:12:53,0.84,0.44,-0.32
7:19:5,0.91,-0.30,-0.33
7:19:5,0.91,-0.32,-0.33
7:19:6,0.92,-0.31,-0.32
7:19:6,0.92,-0.32,-0.32
7:19:6,0.91,-0.31,-0.32
7:19:6,0.93,-0.31,-0.34
7:19:6,0.92,-0.32,-0.32
7:19:6,0.91,-0.31,-0.34
7:19:6,0.92,-0.32,-0.33
7:19:6,0.92,-0.32,-0.33
7:19:6,0.92,-0.31,-0.33
7:19:6,0.91,-0.32,-0.33
7:19:7,0.91,-0.32,-0.32
7:19:7,0.92,-0.32,-0.32
7:19:7,0.91,-0.32,-0.33
7:19:7,0.91,-0.31,-0.32
7:19:7,0.91,-0.32,-0.34
7:19:7,0.92,-0.33,-0.32
7:19:7,0.92,-0.32,-0.32
7:19:7,0.91,-0.33,-0.32
7:20:31,0.33,0.92,0.17
7:20:31,0.29,0.91,0.16
7:20:31,0.28,0.92,0.15
7:20:31,0.27,0.92,0.16
7:20:32,0.28,0.94,0.16
7:20:32,0.35,0.92,0.17
7:20:32,0.35,0.92,0.15
7:20:32,0.35,0.91,0.17
7:20:32,0.34,0.92,0.16
7:20:32,0.33,0.91,0.17
7:20:32,0.33,0.92,0.16
7:20:32,0.32,0.92,0.15
7:20:32,0.35,0.90,0.15
7:20:32,0.33,0.93,0.14
7:20:33,0.33,0.92,0.15
7:20:33,0.32,0.91,0.13
7:20:33,0.33,0.91,0.15
7:20:33,0.33,0.91,0.14
7:20:33,0.32,0.91,0.14
7:22:10,-0.22,0.97,-0.15
7:22:10,-0.20,0.95,-0.15
7:22:10,-0.23,0.95,-0.12
7:22:10,-0.11,0.98,-0.16
7:22:11,-0.10,0.96,-0.15
7:22:11,-0.10,0.93,-0.16
7:22:11,-0.17,0.96,-0.16
7:22:11,-0.15,0.96,-0.17
7:22:11,-0.05,0.96,-0.14
7:22:11,-0.11,0.95,-0.16
7:22:11,-0.11,0.99,-0.14
7:22:11,-0.14,0.96,-0.16
7:22:11,-0.10,0.94,-0.17
7:22:11,-0.12,0.93,-0.15
7:22:11,-0.17,0.92,-0.16
7:22:12,-0.17,0.94,-0.14
7:22:12,-0.18,0.95,-0.12
7:22:12,-0.19,0.95,-0.16
7:22:12,-0.19,0.97,-0.16
7:27:45,0.00,0.94,-0.29
7:27:46,-0.00,0.92,-0.28
7:27:46,-0.00,0.94,-0.28
7:27:46,0.01,0.93,-0.28
7:27:46,0.00,0.94,-0.29
7:27:46,0.01,0.93,-0.28
7:27:46,0.01,0.93,-0.29
7:27:46,0.02,0.94,-0.29
7:27:46,-0.00,0.93,-0.29
7:27:46,0.01,0.93,-0.28
7:27:46,0.01,0.93,-0.28
7:27:47,0.01,0.93,-0.29
7:27:47,0.01,0.93,-0.28
7:27:47,0.01,0.93,-0.29
7:27:47,0.01,0.93,-0.29
7:27:47,0.02,0.93,-0.29
7:27:47,0.01,0.93,-0.29
7:27:47,0.02,0.93,-0.27
7:27:47,0.01,0.92,-0.28
7:27:56,-0.44,0.74,-0.20
7:27:56,-0.45,1.00,-0.24
7:27:56,-0.41,0.51,-0.25
7:27:56,-0.31,0.93,-0.15
7:27:57,-0.24,0.92,-0.19
7:27:57,-0.08,0.99,-0.17
7:27:57,-0.12,0.94,-0.17
7:27:57,-0.12,0.95,-0.16
7:27:57,-0.12,0.95,-0.16
7:27:57,-0.13,0.95,-0.17
7:27:57,-0.12,0.96,-0.15
7:27:57,-0.12,0.95,-0.15
7:27:57,-0.12,0.96,-0.18
7:27:57,-0.15,0.95,-0.21
7:27:58,-0.11,0.94,-0.15
7:27:58,-0.11,0.95,-0.17
7:27:58,-0.11,0.95,-0.16
7:27:58,-0.11,0.94,-0.16
7:27:58,-0.12,0.96,-0.17
7:28:36,-0.88,0.35,-0.21
7:28:36,-0.85,0.33,-0.23
7:28:36,-0.86,0.34,-0.22
7:28:36,-0.88,0.34,-0.22
7:28:37,-0.87,0.34,-0.22
7:28:37,-0.88,0.37,-0.20
7:28:37,-0.89,0.32,-0.21
7:28:37,-0.86,0.31,-0.23
7:28:37,-0.88,0.32,-0.24
7:28:37,-0.92,0.31,-0.26
7:28:37,-1.00,-0.16,-0.25
7:28:37,-0.90,0.32,-0.21
7:28:37,-0.92,0.31,-0.22
7:28:37,-0.90,0.30,-0.22
7:28:38,-0.91,0.29,-0.22
7:28:38,-0.86,0.32,-0.23
7:28:38,-0.91,0.30,-0.22
7:28:38,-0.93,0.30,-0.19
7:28:38,-0.94,0.32,-0.21
7:28:38,-0.76,0.45,-0.23
7:30:21,-1.00,0.05,0.00
7:30:21,-0.97,-0.01,0.02
7:30:21,-0.95,-0.09,-0.08
7:30:21,-0.98,-0.03,-0.01
7:30:21,-0.81,-0.07,0.04
7:30:21,-0.70,-0.03,-0.19
7:30:22,-0.98,-0.10,-0.15
7:30:22,-0.91,-0.08,-0.12
7:30:22,-0.98,-0.12,-0.14
7:30:22,-0.97,-0.08,-0.15
7:30:22,-0.99,-0.11,-0.10
7:30:22,-0.97,-0.10,-0.16
7:30:22,-0.97,-0.18,-0.14
7:30:22,-0.99,-0.18,-0.17
7:30:22,-0.98,-0.04,-0.10
7:30:22,-0.79,-0.02,-0.24
7:30:23,-1.17,0.02,-0.21
7:30:23,-0.89,-0.27,-0.14
7:30:23,-0.96,-0.17,-0.16
7:30:23,-0.97,-0.09,-0.14
7:30:23,-0.97,-0.06,-0.14
7:30:23,-0.96,-0.04,-0.19
7:30:23,-1.01,-0.03,-0.16
7:30:23,-1.00,0.00,-0.14
7:30:23,-0.95,-0.07,-0.18
7:30:23,-1.00,-0.07,-0.14
7:30:24,-0.97,-0.01,-0.16
7:30:24,-0.99,-0.02,-0.13
7:30:24,-0.99,-0.04,-0.16
7:30:24,-1.02,-0.11,-0.13
7:30:24,-1.09,-0.04,-0.13
7:30:24,-1.04,0.04,-0.16
7:30:24,-1.04,0.01,-0.14
7:30:24,-0.96,-0.04,-0.16
7:30:24,-0.97,-0.03,-0.16
7:30:24,-0.98,-0.05,-0.15
7:30:25,-0.99,-0.03,-0.16
7:30:25,-1.26,0.01,-0.23
7:30:26,-0.98,0.09,-0.14
7:30:26,-0.97,0.07,-0.18
7:30:26,-1.00,0.23,-0.14
7:30:26,-0.95,0.11,-0.14
7:30:26,-0.94,0.09,-0.15
7:30:26,-0.88,-0.21,-0.18
7:30:26,-0.98,0.01,-0.17
7:30:27,-0.95,0.04,-0.17
7:30:27,-0.96,0.07,-0.17
7:30:27,-0.96,0.05,-0.15
7:30:27,-0.96,0.03,-0.16
7:30:27,-0.99,0.05,-0.14
7:30:27,-0.99,0.03,-0.16
7:30:27,-0.96,0.00,-0.16
7:30:27,-0.94,0.09,-0.15
7:30:27,-0.98,0.05,-0.18
7:30:27,-0.97,0.04,-0.16
7:30:28,-0.98,0.03,-0.15
7:30:28,-0.97,0.02,-0.14
7:30:28,-0.98,0.03,-0.16
7:34:30,-0.63,-0.77,-0.20
7:34:30,-0.64,-0.77,-0.22
7:34:30,-0.63,-0.77,-0.19
7:34:30,-0.58,-0.77,-0.22
7:34:30,-0.40,-0.91,-0.17
7:34:30,-0.26,-0.92,-0.09
7:34:30,-0.48,-0.88,-0.15
7:34:30,-0.58,-0.83,-0.12
7:34:31,-0.60,-0.80,-0.12
7:34:31,-0.60,-0.80,-0.12
7:34:31,-0.60,-0.80,-0.12
7:34:31,-0.60,-0.81,-0.13
7:34:31,-0.62,-0.80,-0.13
7:34:31,-0.60,-0.79,-0.12
7:34:31,-0.57,-0.82,-0.10
7:34:31,-0.57,-0.65,-0.20
7:34:31,-0.65,-0.66,-0.19
7:34:31,-0.47,-0.87,-0.06
7:34:32,-0.22,-1.08,0.11
7:34:32,0.20,-0.85,0.17
7:35:15,0.67,-0.78,0.08
7:35:15,0.66,-0.79,0.08
7:35:15,0.66,-0.78,0.09
7:35:15,0.67,-0.81,0.08
7:35:15,0.66,-0.78,0.08
7:35:15,0.67,-0.78,0.08
7:35:15,0.66,-0.79,0.09
7:35:16,0.67,-0.79,0.08
7:35:16,0.66,-0.78,0.08
7:35:16,0.66,-0.78,0.10
7:35:16,0.66,-0.79,0.08
7:35:16,0.64,-0.81,0.09
7:35:16,0.66,-0.80,0.08
7:35:16,0.63,-0.81,0.10
7:35:16,0.65,-0.80,0.09
7:35:16,0.65,-0.79,0.08
7:35:16,0.69,-0.78,0.09
7:35:17,0.67,-0.79,0.07
7:35:17,0.67,-0.78,0.08
7:35:17,0.68,-0.78,0.10
7:35:23,0.94,-0.37,-0.16
7:35:23,0.94,-0.36,-0.22
7:35:23,0.82,-0.44,-0.12
7:35:23,1.03,0.12,-0.20
7:35:23,0.93,-0.14,-0.14
7:35:23,0.98,-0.08,-0.08
7:35:24,1.02,-0.06,-0.13
7:35:24,1.00,-0.14,-0.09
7:35:24,1.02,-0.14,-0.10
7:35:24,0.99,-0.15,-0.11
7:35:24,1.00,-0.16,-0.11
7:35:24,1.00,-0.18,-0.10
7:35:24,1.00,-0.15,-0.10
7:35:24,1.00,-0.15,-0.11
7:35:24,1.00,-0.16,-0.10
7:35:24,0.99,-0.16,-0.11
7:35:25,1.01,-0.16,-0.11
7:35:25,1.00,-0.17,-0.10
7:35:25,1.00,-0.16,-0.11
7:35:38,0.93,0.31,0.23
7:35:38,0.93,0.29,0.21
7:35:38,0.93,0.30,0.22
7:35:38,0.94,0.30,0.23
7:35:38,0.95,0.27,0.24
7:35:38,0.94,0.24,0.21
7:35:39,0.95,0.23,0.26
7:35:39,0.96,0.23,0.26
7:35:39,0.93,0.24,0.24
7:35:39,0.94,0.21,0.23
7:35:39,0.93,0.27,0.30
7:35:39,0.92,0.24,0.27
7:35:39,0.95,0.23,0.26
7:35:39,0.93,0.19,0.29
7:35:39,0.96,0.13,0.25
7:35:39,0.93,0.13,0.24
7:35:40,0.97,0.19,0.29
7:35:40,0.93,0.19,0.30
7:35:40,0.94,0.19,0.27
8:24:47,0.29,0.78,0.53
8:24:47,0.28,0.80,0.54
8:24:47,0.30,0.78,0.52
8:24:48,0.29,0.79,0.51
8:24:48,0.27,0.77,0.52
8:24:48,0.25,0.82,0.54
8:24:48,0.28,0.79,0.52
8:24:48,0.28,0.78,0.52
8:24:48,0.27,0.80,0.53
8:24:48,0.28,0.80,0.50
8:24:48,0.30,0.81,0.52
8:24:48,0.28,0.81,0.53
8:24:48,0.29,0.80,0.51
8:24:49,0.29,0.80,0.53
8:24:49,0.30,0.80,0.51
8:24:49,0.29,0.80,0.53
8:24:49,0.28,0.77,0.51
8:24:49,0.28,0.81,0.48
8:24:49,0.29,0.79,0.53
8:24:49,0.29,0.79,0.51
8:24:53,-0.96,0.26,0.08
8:24:53,-0.95,0.22,0.08
8:24:53,-0.95,0.22,0.07
8:24:53,-0.95,0.21,0.05
8:24:53,-0.95,0.21,0.07
8:24:54,-0.97,0.21,0.07
8:24:54,-0.95,0.22,0.04
8:24:54,-0.95,0.19,0.07
8:24:54,-0.96,0.21,0.06
8:24:54,-0.96,0.20,0.06
8:24:54,-0.95,0.20,0.06
8:24:54,-0.96,0.20,0.04
8:24:54,-0.95,0.21,0.03
8:24:54,-0.96,0.21,0.04
8:24:54,-0.97,0.19,0.04
8:24:55,-0.96,0.19,0.04
8:24:55,-0.96,0.18,0.05
8:24:55,-0.97,0.19,0.03
8:24:55,-0.96,0.18,0.02
8:39:57,-0.78,-0.68,0.09
8:39:57,-0.75,-0.68,0.10
8:39:57,-0.76,-0.69,0.10
8:39:57,-0.78,-0.72,0.08
8:39:57,-0.48,-0.91,0.07
8:39:57,-0.71,-0.78,0.09
8:39:57,-0.90,-0.48,0.11
8:39:57,-0.81,-0.00,0.06
8:39:57,-1.07,-0.22,0.03
8:39:57,-1.01,-0.22,-0.02
8:39:58,-0.96,-0.13,-0.03
8:39:58,-0.98,-0.10,-0.00
8:39:58,-0.97,-0.14,-0.03
8:39:58,-0.97,-0.11,-0.02
8:39:58,-1.00,-0.13,0.03
8:39:58,-0.97,-0.13,-0.05
8:39:58,-1.02,-0.08,-0.10
8:39:58,-0.95,-0.09,-0.06
8:39:58,-0.99,-0.11,-0.07
8:39:58,-0.98,-0.13,-0.08
8:39:59,-0.99,-0.12,-0.07
8:39:59,-0.99,-0.11,-0.06
8:39:59,-0.97,-0.11,-0.07
8:39:59,-0.97,-0.11,-0.07
8:39:59,-0.98,-0.10,-0.08
8:39:59,-0.97,-0.11,-0.07
8:39:59,-0.98,-0.12,-0.06
8:39:59,-0.97,-0.11,-0.06
8:40:13,-0.92,-0.35,0.07
8:40:13,-0.93,-0.36,0.08
8:40:13,-0.93,-0.36,0.07
8:40:13,-0.93,-0.36,0.06
8:40:13,-0.93,-0.37,0.08
8:40:13,-0.94,-0.39,0.10
8:40:13,-0.91,-0.36,0.13
8:40:13,-0.90,-0.38,0.10
8:40:13,-0.94,-0.42,0.12
8:40:13,-0.84,-0.35,-0.00
8:40:14,-0.99,-0.36,0.16
8:40:14,-0.91,-0.39,0.10
8:40:14,-0.91,-0.39,0.10
8:40:14,-0.91,-0.39,0.10
8:40:14,-0.92,-0.39,0.09
8:40:14,-0.91,-0.38,0.10
8:40:14,-0.94,-0.40,0.08
8:40:14,-0.92,-0.39,0.07
8:40:14,-0.93,-0.37,0.10
8:40:27,-0.96,-0.11,-0.26
8:40:28,-0.92,-0.11,-0.27
8:40:28,-0.94,-0.13,-0.27
8:40:28,-0.93,-0.11,-0.27
8:40:28,-0.94,-0.14,-0.27
8:40:28,-0.92,-0.14,-0.29
8:40:28,-0.93,-0.15,-0.30
8:40:28,-0.92,-0.13,-0.28
8:40:28,-0.91,-0.16,-0.26
8:40:28,-0.86,0.04,-0.27
8:40:28,-1.01,-0.44,-0.31
8:40:29,-0.88,-0.40,-0.22
8:40:29,-0.37,0.16,0.05
8:40:29,-1.25,-0.06,-0.37
8:40:29,-0.10,-0.66,-0.19
8:40:29,-0.83,-1.21,-0.14
8:40:29,-0.62,-0.62,-0.03
8:40:29,-0.80,-0.49,-0.09
8:40:29,-1.01,-0.05,0.19
8:40:29,-0.66,0.56,-0.10
8:40:30,-1.01,0.28,-0.10
8:40:30,-0.90,0.40,0.01
8:40:30,-0.87,0.42,-0.01
8:40:30,-0.87,0.42,-0.01
8:40:30,-0.87,0.44,-0.01
8:40:30,-0.87,0.45,-0.02
8:40:30,-0.86,0.45,-0.03
8:40:30,-0.86,0.45,-0.02
8:40:30,-0.86,0.44,-0.02
8:40:30,-0.86,0.44,-0.03
8:40:30,-0.87,0.41,-0.07
8:40:31,-0.84,0.41,-0.04
8:40:31,-0.88,0.44,-0.03
8:40:31,-0.86,0.43,-0.02
8:40:31,-0.87,0.46,-0.02
8:40:31,-0.89,0.42,-0.11
8:40:31,-0.93,0.61,-0.03
8:40:31,-0.81,0.41,0.04
8:40:31,-0.74,0.59,-0.17
8:40:31,-0.70,0.65,-0.08
8:40:33,-0.70,0.64,0.01
8:40:33,-0.54,0.93,-0.01
8:40:33,-0.45,0.85,-0.04
8:40:33,-0.09,1.20,-0.20
8:40:33,0.37,0.91,0.00
8:40:33,0.35,0.95,0.00
8:40:33,0.36,0.90,-0.00
8:40:33,0.33,0.92,-0.03
8:40:33,0.41,0.89,0.00
8:40:34,0.40,0.90,0.01
8:40:34,0.52,0.88,0.04
8:40:34,0.45,0.86,-0.01
8:40:34,0.46,0.80,-0.02
8:40:34,0.42,0.94,0.00
8:40:34,0.49,0.95,0.09
8:40:34,0.51,0.81,-0.00
8:40:34,0.42,0.87,0.00
8:40:34,0.48,0.86,-0.01
8:40:34,0.48,0.85,-0.01
8:40:35,0.48,0.86,-0.01
8:40:35,0.48,0.85,-0.00
8:40:35,0.49,0.85,0.00
8:40:35,0.48,0.85,0.00
8:40:35,0.49,0.84,-0.01
8:40:37,0.91,-0.56,0.23
8:40:38,0.97,-0.17,0.22
8:40:38,0.96,-0.31,0.28
8:40:38,0.95,-0.29,0.24
8:40:38,0.96,-0.28,0.24
8:40:38,0.97,-0.29,0.24
8:40:38,0.95,-0.28,0.23
8:40:38,0.95,-0.28,0.25
8:40:38,0.97,-0.28,0.23
8:40:38,0.95,-0.30,0.24
8:40:38,0.96,-0.28,0.23
8:40:39,0.99,-0.22,0.27
8:40:39,0.98,-0.33,0.26
8:40:39,0.94,-0.29,0.20
8:40:39,0.96,-0.27,0.19
8:40:39,0.94,-0.27,0.20
8:40:39,0.98,-0.27,0.21
8:40:39,0.95,-0.28,0.16
8:40:39,0.96,-0.30,0.22
8:41:0,1.01,-0.20,0.13
8:41:0,0.99,-0.17,0.08
8:41:0,1.00,-0.17,0.10
8:41:0,1.01,-0.18,0.09
8:41:0,0.99,-0.17,0.09
8:41:0,1.00,-0.18,0.11
8:41:0,1.00,-0.18,0.10
8:41:0,1.00,-0.17,0.10
8:41:0,0.99,-0.18,0.11
8:41:1,1.01,-0.20,0.10
8:41:1,1.01,-0.19,0.10
8:41:1,1.01,-0.20,0.09
8:41:1,0.99,-0.18,0.09
8:41:1,1.00,-0.19,0.09
8:41:1,1.01,-0.19,0.08
8:41:1,1.01,-0.20,0.10
8:41:1,0.99,-0.20,0.10
8:41:1,1.01,-0.19,0.08
8:41:1,0.99,-0.18,0.08
8:41:2,1.01,-0.19,0.08
8:41:6,0.94,-0.37,0.18
8:41:6,0.95,-0.33,0.18
8:41:6,0.95,-0.34,0.21
8:41:6,0.95,-0.34,0.20
8:41:6,0.95,-0.35,0.23
8:41:6,0.95,-0.34,0.23
8:41:7,0.96,-0.35,0.21
8:41:7,0.96,-0.32,0.21
8:41:7,0.95,-0.34,0.21
8:41:7,0.95,-0.33,0.22
8:41:7,0.96,-0.34,0.22
8:41:7,0.95,-0.34,0.21
8:41:7,0.95,-0.34,0.21
8:41:7,0.95,-0.33,0.21
8:41:7,0.96,-0.34,0.20
8:41:7,0.96,-0.34,0.22
8:41:8,0.95,-0.34,0.22
8:41:8,0.94,-0.34,0.22
8:41:8,0.96,-0.35,0.21
8:41:55,0.73,0.64,0.27
8:41:55,0.75,0.63,0.22
8:41:55,0.74,0.63,0.21
8:41:55,0.74,0.63,0.19
8:41:55,0.74,0.64,0.19
8:41:55,0.74,0.64,0.19
8:41:55,0.74,0.63,0.18
8:41:55,0.74,0.64,0.19
8:41:56,0.76,0.61,0.14
8:41:56,0.75,0.63,0.18
8:41:56,0.77,0.62,0.18
8:41:56,0.76,0.61,0.18
8:41:56,0.79,0.58,0.16
8:41:56,0.79,0.60,0.16
8:41:56,0.74,0.56,0.15
8:41:56,0.77,0.53,0.19
8:41:56,0.86,0.67,0.30
8:41:56,0.89,0.47,0.32
8:41:57,0.97,0.45,0.24
8:41:57,0.84,0.33,0.10
8:42:26,0.79,0.59,0.16
8:42:26,0.79,0.59,0.16
8:42:26,0.79,0.60,0.17
8:42:26,0.79,0.60,0.19
8:42:26,0.78,0.59,0.18
8:42:26,0.79,0.60,0.19
8:42:26,0.78,0.59,0.17
8:42:26,0.77,0.59,0.19
8:42:27,0.78,0.60,0.17
8:42:27,0.78,0.60,0.17
8:42:27,0.77,0.59,0.17
8:42:27,0.76,0.60,0.17
8:42:27,0.80,0.59,0.19
8:42:27,0.79,0.61,0.19
8:42:27,0.79,0.58,0.15
8:42:27,0.76,0.63,0.13
8:42:27,0.89,0.61,0.27
8:42:27,0.81,0.42,0.15
8:42:28,0.85,0.50,0.11
8:42:28,0.85,0.52,0.13
8:42:30,0.85,0.52,0.16
8:42:30,0.92,0.45,0.11
8:42:30,0.89,0.41,0.11
8:42:30,0.91,0.44,0.11
8:42:30,0.92,0.41,0.11
8:42:31,1.02,0.48,0.14
8:42:31,1.40,-0.52,-0.40
8:42:31,0.84,0.35,-0.05
8:42:31,0.92,0.40,-0.04
8:42:31,0.90,0.41,-0.06
8:42:31,0.91,0.41,-0.07
8:42:31,0.92,0.39,-0.07
8:42:31,0.91,0.40,-0.06
8:42:31,0.91,0.41,-0.05
8:42:31,0.94,0.38,-0.08
8:42:32,0.88,0.39,-0.10
8:42:32,0.93,0.39,-0.12
8:42:32,0.94,0.37,-0.07
8:42:32,0.93,0.34,-0.17
8:42:33,0.86,0.49,-0.18
8:42:33,0.85,0.49,-0.19
8:42:33,0.86,0.48,-0.18
8:42:34,0.86,0.47,-0.17
8:42:34,0.87,0.45,-0.18
8:42:34,0.88,0.44,-0.21
8:42:34,0.88,0.46,-0.19
8:42:34,0.85,0.46,-0.23
8:42:34,0.90,0.38,-0.22
8:42:34,0.86,0.31,-0.23
8:42:34,1.03,0.51,-0.19
8:42:34,0.93,0.39,-0.20
8:42:34,0.90,0.38,-0.23
8:42:35,0.90,0.38,-0.22
8:42:35,0.89,0.38,-0.22
8:42:35,0.89,0.40,-0.22
8:42:35,0.89,0.38,-0.23
8:42:35,0.90,0.39,-0.23
8:42:35,0.90,0.40,-0.24
8:42:35,0.89,0.38,-0.23
8:51:46,0.98,0.16,0.06
8:51:46,1.00,0.18,0.07
8:51:46,1.00,0.17,0.07
8:51:46,1.00,0.16,0.07
8:51:46,1.00,0.16,0.07
8:51:46,1.00,0.15,0.07
8:51:46,0.99,0.16,0.07
8:51:46,1.00,0.16,0.08
8:51:47,0.99,0.15,0.07
8:51:47,1.00,0.16,0.06
8:51:47,1.01,0.14,0.05
8:51:47,0.99,0.14,0.06
8:51:47,1.01,0.12,0.05
8:51:47,1.00,0.12,0.07
8:51:47,1.00,0.13,0.07
8:51:47,0.93,0.07,0.05
8:51:47,0.99,0.12,0.08
8:51:47,0.98,0.13,0.05
8:51:48,1.02,0.14,0.07
9:8:42,0.96,-0.09,-0.26
9:8:42,0.98,-0.09,-0.28
9:8:42,0.98,-0.08,-0.28
9:8:42,0.96,-0.08,-0.29
9:8:42,0.97,-0.08,-0.28
9:8:43,0.97,-0.07,-0.27
9:8:43,0.97,-0.08,-0.29
9:8:43,0.97,-0.09,-0.28
9:8:43,0.98,-0.08,-0.27
9:8:43,0.98,-0.08,-0.27
9:8:43,0.96,-0.08,-0.27
9:8:43,0.97,-0.07,-0.28
9:8:43,0.97,-0.08,-0.27
9:8:43,0.97,-0.09,-0.28
9:8:43,0.97,-0.08,-0.26
9:8:44,0.97,-0.08,-0.27
9:8:44,0.97,-0.07,-0.27
9:8:44,0.97,-0.07,-0.28
9:8:44,0.96,-0.09,-0.26
9:59:52,0.81,-0.60,-0.20
9:59:52,0.79,-0.63,-0.21
9:59:52,0.79,-0.62,-0.24
9:59:52,0.81,-0.62,-0.24
9:59:53,0.78,-0.64,-0.22
9:59:53,0.86,-0.58,-0.15
9:59:53,0.81,-0.58,-0.23
9:59:53,0.81,-0.59,-0.22
9:59:53,0.83,-0.57,-0.20
9:59:53,0.79,-0.61,-0.25
9:59:53,0.79,-0.61,-0.21
9:59:53,0.82,-0.61,-0.24
9:59:53,0.78,-0.64,-0.24
9:59:53,0.84,-0.58,-0.21
9:59:54,0.83,-0.60,-0.18
9:59:54,0.77,-0.64,-0.20
9:59:54,0.75,-0.65,-0.25
9:59:54,0.80,-0.63,-0.22
9:59:54,0.84,-0.62,-0.23
10:22:12,0.44,-0.96,0.00
10:22:13,0.33,-0.97,-0.01
10:22:13,0.30,-1.02,-0.00
10:22:13,0.35,-0.93,0.06
10:22:13,0.33,-0.99,-0.01
10:22:13,0.28,-1.01,-0.02
10:22:13,0.27,-0.98,0.04
10:22:13,0.33,-0.95,0.00
10:22:13,0.37,-0.97,-0.01
10:22:13,0.36,-0.97,0.00
10:22:13,0.35,-0.98,0.01
10:22:14,0.36,-0.98,0.01
10:22:14,0.34,-0.98,0.00
10:22:14,0.33,-0.98,0.03
10:22:14,0.34,-1.01,0.03
10:22:14,0.33,-0.98,0.04
10:22:14,0.34,-0.96,-0.01
10:22:14,0.34,-0.96,-0.00
10:22:14,0.34,-0.98,0.03
11:5:13,-0.14,-0.92,0.11
11:5:13,-0.28,-0.97,0.13
11:5:13,-0.35,-0.92,0.18
11:5:13,-0.40,-0.88,0.16
11:5:13,-0.29,-0.98,0.11
11:5:13,-0.26,-0.99,0.12
11:5:13,-0.21,-1.01,0.07
11:5:13,-0.16,-1.02,0.04
11:5:13,0.01,-1.00,-0.02
11:5:14,-0.03,-1.03,-0.02
11:5:14,-0.04,-1.02,-0.01
11:5:14,-0.03,-1.03,-0.00
11:5:14,-0.04,-1.03,-0.02
11:5:14,-0.03,-1.04,-0.01
11:5:14,-0.03,-1.02,-0.02
11:5:14,-0.04,-1.03,-0.01
11:5:14,-0.02,-1.04,0.01
11:5:14,-0.03,-1.03,0.00
11:5:14,-0.03,-1.03,-0.01
11:5:15,-0.02,-1.04,-0.01
11:5:15,-0.03,-1.04,0.00
11:5:18,0.59,0.78,-0.22
11:5:18,0.55,0.79,-0.19
11:5:18,0.57,0.80,-0.20
11:5:18,0.55,0.79,-0.22
11:5:18,0.54,0.77,-0.23
11:5:18,0.55,0.79,-0.22
11:5:18,0.53,0.80,-0.24
11:5:18,0.54,0.78,-0.22
11:5:18,0.54,0.80,-0.22
11:5:18,0.53,0.80,-0.23
11:5:19,0.54,0.80,-0.24
11:5:19,0.53,0.80,-0.23
11:5:19,0.53,0.79,-0.22
11:5:19,0.53,0.79,-0.24
11:5:19,0.52,0.80,-0.22
11:5:19,0.52,0.81,-0.22
11:5:19,0.51,0.81,-0.21
11:5:19,0.50,0.82,-0.22
11:5:19,0.48,0.83,-0.20
11:5:29,-0.23,0.99,0.06
11:5:29,-0.24,0.93,-0.03
11:5:29,-0.19,0.95,-0.00
11:5:29,-0.22,0.94,-0.02
11:5:29,-0.19,0.95,-0.01
11:5:30,-0.20,0.95,-0.01
11:5:30,-0.19,0.95,-0.02
11:5:30,-0.20,0.96,-0.02
11:5:30,-0.20,0.95,-0.02
11:5:30,-0.18,0.95,-0.01
11:5:30,-0.20,0.95,-0.03
11:5:30,-0.19,0.95,-0.01
11:5:30,-0.24,0.94,-0.01
11:5:30,-0.19,0.95,-0.05
11:5:30,-0.21,0.95,-0.01
11:5:31,-0.20,0.94,-0.02
11:5:31,-0.25,0.95,-0.01
11:5:31,-0.24,0.92,-0.03
11:5:31,-0.24,0.94,-0.02
11:5:31,-0.29,0.94,-0.01
11:5:34,0.64,0.71,-0.24
11:5:34,0.63,0.73,-0.24
11:5:34,0.64,0.72,-0.24
11:5:34,0.63,0.73,-0.24
11:5:34,0.62,0.74,-0.27
11:5:34,0.63,0.72,-0.24
11:5:34,0.63,0.73,-0.24
11:5:35,0.63,0.70,-0.28
11:5:35,0.63,0.71,-0.28
11:5:35,0.65,0.71,-0.25
11:5:35,0.66,0.70,-0.24
11:5:35,0.64,0.71,-0.25
11:5:35,0.65,0.71,-0.27
11:5:35,0.65,0.71,-0.27
11:5:35,0.62,0.70,-0.28
11:5:35,0.70,0.72,-0.26
11:5:35,0.66,0.70,-0.28
11:5:36,0.65,0.69,-0.27
11:5:36,0.70,0.75,-0.29
11:5:36,0.64,0.71,-0.24
11:46:29,0.77,-0.64,-0.26
11:46:29,0.75,-0.65,-0.26
11:46:29,0.79,-0.67,-0.26
11:46:29,0.76,-0.63,-0.28
11:46:29,0.76,-0.66,-0.28
11:46:29,0.75,-0.64,-0.27
11:46:29,0.75,-0.67,-0.29
11:46:30,0.80,-0.63,-0.25
11:46:30,0.67,-0.72,-0.29
11:46:30,0.75,-0.64,-0.29
11:46:30,0.77,-0.66,-0.25
11:46:30,0.75,-0.64,-0.29
11:46:30,0.74,-0.65,-0.28
11:46:30,0.77,-0.65,-0.29
11:46:30,0.75,-0.64,-0.30
11:46:30,0.75,-0.61,-0.29
11:46:30,0.77,-0.65,-0.28
11:46:31,0.78,-0.64,-0.28
11:46:31,0.77,-0.68,-0.30
11:48:14,-0.00,-1.04,-0.07
11:48:14,-0.01,-1.03,-0.08
11:48:15,-0.01,-1.04,-0.06
11:48:15,0.00,-1.03,-0.08
11:48:15,-0.00,-1.04,-0.06
11:48:15,-0.00,-1.03,-0.07
11:48:15,0.01,-1.03,-0.08
11:48:15,0.02,-1.03,-0.06
11:48:15,-0.02,-1.00,-0.07
11:48:15,0.01,-1.04,-0.10
11:48:15,0.01,-1.03,-0.09
11:48:15,-0.00,-1.03,-0.09
11:48:16,0.01,-0.99,-0.06
11:48:16,-0.01,-1.03,-0.09
11:48:16,-0.01,-1.03,-0.09
11:48:16,-0.01,-1.03,-0.11
11:48:16,-0.02,-1.04,-0.13
11:48:16,-0.04,-1.04,-0.12
11:48:16,-0.04,-1.03,-0.15
11:48:34,-0.59,-0.76,0.34
11:48:34,-0.60,-0.78,0.34
11:48:34,-0.60,-0.78,0.29
11:48:34,-0.61,-0.70,0.25
11:48:34,-0.62,-0.76,0.26
11:48:34,-0.60,-0.76,0.29
11:48:34,-0.63,-0.77,0.25
11:48:35,-0.62,-0.76,0.26
11:48:35,-0.63,-0.76,0.25
11:48:35,-0.63,-0.74,0.25
11:48:35,-0.62,-0.74,0.26
11:48:35,-0.65,-0.75,0.22
11:48:35,-0.65,-0.74,0.22
11:48:35,-0.63,-0.76,0.23
11:48:35,-0.66,-0.74,0.22
11:48:35,-0.65,-0.75,0.22
11:48:35,-0.66,-0.76,0.22
11:48:36,-0.66,-0.74,0.21
11:48:36,-0.66,-0.74,0.21
11:48:36,-0.66,-0.74,0.21
11:48:56,0.43,-0.97,-0.24
11:48:56,0.47,-0.86,-0.27
11:48:56,0.37,-1.02,-0.25
11:48:56,0.60,-0.82,-0.21
11:48:57,0.53,-0.83,-0.24
11:48:57,0.43,-0.73,-0.28
11:48:57,0.41,-0.98,-0.15
11:48:57,0.49,-0.90,-0.20
11:48:57,0.56,-0.87,-0.20
11:48:57,0.56,-0.84,-0.17
11:48:57,0.55,-0.88,-0.21
11:48:57,0.63,-0.82,-0.17
11:48:57,0.39,-0.92,-0.26
11:48:57,0.48,-0.94,-0.21
11:48:58,0.42,-0.94,-0.17
11:48:58,0.56,-0.96,-0.20
11:48:58,0.45,-0.92,-0.18
11:48:58,0.42,-0.97,-0.14
11:48:58,0.43,-0.93,-0.16
11:49:4,0.81,0.42,0.15
11:49:4,0.82,0.06,0.02
11:49:4,1.01,0.08,0.03
11:49:4,1.00,0.08,0.03
11:49:4,1.01,0.08,0.02
11:49:4,1.03,0.09,0.01
11:49:4,1.02,0.05,0.00
11:49:4,1.02,-0.01,0.01
11:49:4,1.02,-0.02,0.02
11:49:5,1.01,-0.06,0.01
11:49:5,1.02,-0.10,-0.02
11:49:5,1.00,-0.17,-0.02
11:49:5,0.94,-0.33,-0.06
11:49:5,0.77,-0.58,-0.28
11:49:5,0.71,-0.68,-0.35
11:49:5,0.13,-1.01,-0.30
11:49:5,0.23,-0.94,-0.37
11:49:5,0.19,-0.95,-0.35
11:49:5,0.20,-0.94,-0.33
11:49:6,0.18,-0.95,-0.35
11:49:6,0.19,-0.95,-0.35
11:49:6,0.19,-0.95,-0.35
11:49:6,0.19,-0.95,-0.36
11:49:6,0.19,-0.95,-0.35
11:49:6,0.19,-0.95,-0.34
11:49:6,0.19,-0.95,-0.35
11:49:6,0.18,-0.96,-0.35
11:49:6,0.19,-0.96,-0.35
11:49:6,0.19,-0.95,-0.34
11:49:7,0.21,-0.95,-0.34
11:49:7,0.19,-0.95,-0.33
11:49:7,0.22,-0.95,-0.34
11:49:7,0.22,-0.95,-0.35
11:49:11,0.53,-0.89,-0.01
11:49:12,0.57,-0.85,-0.01
11:49:12,0.58,-0.86,0.05
11:49:12,0.56,-0.87,0.01
11:49:12,0.58,-0.87,0.02
11:49:12,0.56,-0.90,-0.01
11:49:12,0.48,-0.91,-0.03
11:49:12,0.50,-0.88,0.02
11:49:12,0.45,-0.93,-0.01
11:49:12,0.48,-0.91,-0.02
11:49:12,0.48,-0.92,-0.01
11:49:13,0.49,-0.94,0.01
11:49:13,0.51,-0.91,0.01
11:49:13,0.51,-0.90,0.01
11:49:13,0.52,-0.90,-0.00
11:49:13,0.51,-0.91,-0.01
11:49:13,0.44,-0.94,-0.02
11:49:13,0.48,-0.92,-0.02
11:49:13,0.47,-0.92,-0.02
13:9:46,-0.68,0.63,-0.25
13:9:46,-0.68,0.62,-0.25
13:9:46,-0.69,0.62,-0.26
13:9:46,-0.70,0.62,-0.26
13:9:46,-0.70,0.60,-0.26
13:9:47,-0.71,0.60,-0.25
13:9:47,-0.73,0.58,-0.25
13:9:47,-0.73,0.58,-0.26
13:9:47,-0.73,0.58,-0.26
13:9:47,-0.73,0.57,-0.25
13:9:47,-0.74,0.58,-0.24
13:9:47,-0.73,0.56,-0.25
13:9:47,-0.76,0.56,-0.25
13:9:47,-0.74,0.57,-0.26
13:9:47,-0.72,0.58,-0.25
13:9:48,-0.73,0.58,-0.26
13:9:48,-0.72,0.56,-0.26
13:9:48,-0.71,0.58,-0.24
13:9:48,-0.72,0.59,-0.24
13:9:48,-0.74,0.56,-0.24
13:47:22,0.72,0.62,-0.28
13:47:22,0.79,0.58,-0.26
13:47:22,0.77,0.56,-0.28
13:47:22,0.67,0.67,-0.33
13:47:22,0.82,0.54,-0.26
13:47:22,0.75,0.59,-0.28
13:47:22,0.72,0.61,-0.28
13:47:22,0.66,0.69,-0.29
13:47:22,0.62,0.76,-0.29
13:47:23,0.82,0.67,-0.37
13:47:23,0.64,0.72,-0.31
13:47:23,0.57,0.74,-0.37
13:47:23,0.69,0.67,-0.31
13:47:23,0.74,0.57,-0.35
13:47:23,0.68,0.73,-0.30
13:47:23,0.58,0.62,-0.32
13:47:23,0.75,0.55,-0.37
13:47:23,0.74,0.69,-0.37
13:47:23,0.69,0.61,-0.34
13:47:24,0.65,0.62,-0.38
13:59:58,0.88,0.43,-0.17
13:59:58,0.88,0.45,-0.15
13:59:58,0.88,0.44,-0.15
13:59:58,0.88,0.45,-0.18
13:59:58,0.89,0.44,-0.15
13:59:59,0.88,0.44,-0.17
13:59:59,0.88,0.46,-0.16
13:59:59,0.87,0.46,-0.18
13:59:59,0.88,0.45,-0.17
13:59:59,0.87,0.45,-0.17
13:59:59,0.88,0.45,-0.15
13:59:59,0.88,0.45,-0.15
13:59:59,0.88,0.44,-0.16
13:59:59,0.89,0.44,-0.16
13:59:59,0.88,0.43,-0.19
14:0:0,0.90,0.44,-0.16
14:0:0,0.89,0.43,-0.16
14:0:0,0.88,0.47,-0.13
14:0:0,0.88,0.45,-0.16
14:0:0,0.88,0.44,-0.16
14:0:3,0.80,-0.60,-0.17
14:0:3,0.76,-0.57,-0.08
14:0:3,0.79,-0.63,-0.11
14:0:3,0.80,-0.62,-0.10
14:0:3,0.80,-0.64,-0.15
14:0:3,0.80,-0.64,-0.14
14:0:3,0.79,-0.64,-0.15
14:0:3,0.84,-0.65,-0.14
14:0:4,0.80,-0.64,-0.16
14:0:4,0.79,-0.64,-0.16
14:0:4,0.80,-0.63,-0.14
14:0:4,0.79,-0.65,-0.16
14:0:4,0.79,-0.64,-0.15
14:0:4,0.79,-0.65,-0.15
14:0:4,0.80,-0.65,-0.14
14:0:4,0.80,-0.66,-0.15
14:0:4,0.79,-0.64,-0.15
14:0:4,0.78,-0.65,-0.15
14:0:5,0.78,-0.64,-0.16
14:0:5,0.79,-0.65,-0.15
14:0:8,-0.40,-1.28,-0.20
14:0:8,-0.41,-0.79,-0.11
14:0:8,-0.56,-1.05,0.18
14:0:8,-0.29,-0.63,0.76
14:0:8,-0.37,-0.53,0.50
14:0:8,-0.80,-0.85,0.09
14:0:8,-0.36,-0.99,0.42
14:0:9,0.03,-0.91,0.06
14:0:9,0.83,-0.41,0.31
14:0:9,0.89,-1.11,0.44
14:0:9,0.80,-0.51,-0.02
14:0:9,0.78,-0.65,0.05
14:0:9,0.90,-0.60,0.05
14:0:9,0.81,-0.63,0.06
14:0:9,0.82,-0.63,0.06
14:0:9,0.82,-0.62,0.07
14:0:9,0.82,-0.61,0.08
14:0:10,0.83,-0.62,0.07
14:0:10,0.83,-0.59,0.10
14:0:10,0.82,-0.63,0.08
14:0:10,0.83,-0.61,0.08
14:0:10,0.81,-0.62,0.07
14:0:10,0.83,-0.62,0.08
14:0:10,0.82,-0.62,0.08
14:0:10,0.82,-0.63,0.09
14:0:10,0.83,-0.63,0.10
14:0:10,0.83,-0.61,0.10
14:0:11,0.83,-0.61,0.09
14:0:11,0.84,-0.61,0.10
14:0:18,0.99,0.20,0.03
14:0:18,0.99,0.16,0.06
14:0:18,1.00,0.17,0.05
14:0:18,1.02,0.13,0.07
14:0:18,1.01,0.19,0.01
14:0:18,1.00,0.18,0.02
14:0:18,1.01,0.18,0.04
14:0:18,1.01,0.19,0.03
14:0:19,1.01,0.14,0.05
14:0:19,0.99,0.17,0.04
14:0:19,1.00,0.20,0.02
14:0:19,0.99,0.21,0.03
14:0:19,1.00,0.21,0.03
14:0:19,0.99,0.20,0.02
14:0:19,0.99,0.20,0.01
14:0:19,0.99,0.21,0.03
14:0:19,1.00,0.20,0.03
14:0:19,1.00,0.21,0.05
14:0:20,0.99,0.21,0.02
14:0:22,0.99,0.05,0.20
14:0:22,1.00,0.04,0.20
14:0:22,1.00,0.04,0.20
14:0:22,1.02,0.03,0.21
14:0:22,1.00,-0.09,0.23
14:0:22,0.96,-0.23,0.20
14:0:23,0.95,-0.23,0.17
14:0:23,1.01,-0.18,0.19
14:0:23,0.98,-0.20,0.20
14:0:23,1.00,-0.20,0.20
14:0:23,0.93,-0.31,0.18
14:0:23,0.98,-0.29,0.25
14:0:23,0.99,-0.30,0.24
14:0:23,1.09,-0.05,0.18
14:0:23,0.98,0.03,0.15
14:0:23,1.02,0.01,0.21
14:0:24,1.00,0.01,0.18
14:0:24,1.01,0.01,0.17
14:0:24,1.00,-0.02,0.16
14:0:24,1.00,0.01,0.16
14:17:39,0.66,0.72,-0.10
14:17:39,0.64,0.70,-0.12
14:17:39,0.61,0.73,-0.10
14:17:39,0.61,0.71,-0.15
14:17:39,0.66,0.74,-0.12
14:17:39,0.53,0.74,-0.12
14:17:39,0.63,0.74,-0.12
14:17:40,0.71,0.74,-0.11
14:17:40,0.69,0.75,-0.08
14:17:40,0.69,0.76,-0.10
14:17:40,0.62,0.77,-0.11
14:17:40,0.65,0.76,-0.09
14:17:40,0.64,0.72,-0.05
14:17:40,0.67,0.76,-0.07
14:17:40,0.62,0.73,-0.04
14:17:40,0.61,0.79,-0.06
14:17:40,0.60,0.76,-0.06
14:17:41,0.61,0.79,-0.06
14:17:41,0.59,0.79,-0.06
14:17:41,0.59,0.80,-0.05
14:43:21,-0.09,-1.03,-0.10
14:43:21,-0.08,-1.03,-0.12
14:43:22,-0.09,-1.01,-0.12
14:43:22,-0.08,-1.03,-0.12
14:43:22,-0.09,-1.01,-0.11
14:43:22,-0.09,-1.03,-0.11
14:43:22,-0.09,-1.01,-0.13
14:43:22,-0.08,-1.01,-0.12
14:43:22,-0.09,-1.02,-0.11
14:43:22,-0.08,-1.02,-0.12
14:43:22,-0.09,-1.02,-0.11
14:43:22,-0.08,-1.02,-0.11
14:43:23,-0.09,-1.02,-0.12
14:43:23,-0.08,-1.03,-0.12
14:43:23,-0.08,-1.00,-0.12
14:43:23,-0.08,-1.01,-0.12
14:43:23,-0.08,-1.02,-0.13
14:43:23,-0.11,-1.03,-0.13
14:43:23,-0.10,-1.01,-0.12
14:43:23,-0.09,-1.03,-0.12
