0:55:8,0.59,0.79,-0.01
0:55:8,0.60,0.81,-0.00
0:55:9,0.57,0.78,-0.00
0:55:9,0.58,0.80,-0.01
0:55:9,0.56,0.83,-0.02
0:55:9,0.55,0.81,-0.01
0:55:9,0.57,0.78,-0.02
0:55:9,0.56,0.82,-0.02
0:55:9,0.55,0.81,-0.01
0:55:9,0.57,0.82,-0.02
0:55:9,0.53,0.84,-0.02
0:55:9,0.55,0.80,-0.03
0:55:10,0.57,0.80,-0.02
0:55:10,0.56,0.81,-0.03
0:55:10,0.57,0.80,-0.02
0:55:10,0.58,0.80,-0.02
0:55:10,0.58,0.80,-0.02
0:55:10,0.58,0.80,-0.02
0:55:10,0.60,0.79,-0.01
0:55:10,0.58,0.80,-0.02
4:20:19,-0.88,0.23,0.40
4:20:20,-0.90,0.13,0.37
4:20:20,-0.93,0.02,0.31
4:20:20,-0.95,-0.06,0.28
4:20:20,-0.95,-0.17,0.19
4:20:20,-0.96,-0.17,0.20
4:20:20,-0.96,-0.18,0.19
4:20:20,-0.95,-0.18,0.21
4:20:20,-0.96,-0.18,0.20
4:20:20,-0.95,-0.18,0.19
4:20:20,-0.95,-0.17,0.20
4:20:21,-0.96,-0.18,0.20
4:20:21,-0.95,-0.19,0.19
4:20:21,-0.94,-0.17,0.20
4:20:21,-0.93,-0.17,0.19
4:20:21,-0.96,-0.18,0.19
4:20:21,-0.95,-0.18,0.20
4:20:21,-0.96,-0.18,0.20
4:20:21,-0.97,-0.19,0.19
4:20:21,-0.96,-0.17,0.20
4:20:21,-0.96,-0.19,0.20
4:20:22,-0.95,-0.18,0.18
4:20:22,-0.95,-0.19,0.18
4:20:22,-0.95,-0.20,0.19
4:20:22,-0.96,-0.19,0.18
4:20:22,-0.97,-0.19,0.18
4:20:35,-0.78,-0.55,-0.29
4:20:35,-0.79,-0.55,-0.30
4:20:35,-0.78,-0.56,-0.30
4:20:36,-0.78,-0.56,-0.30
4:20:36,-0.78,-0.55,-0.30
4:20:36,-0.80,-0.57,-0.30
4:20:36,-0.79,-0.55,-0.30
4:20:36,-0.80,-0.51,-0.30
4:20:36,-0.79,-0.53,-0.30
4:20:36,-0.78,-0.55,-0.30
4:20:36,-0.78,-0.54,-0.30
4:20:36,-0.78,-0.54,-0.30
4:20:36,-0.78,-0.53,-0.29
4:20:37,-0.78,-0.54,-0.30
4:20:37,-0.79,-0.53,-0.32
4:20:37,-0.80,-0.55,-0.30
4:20:37,-0.79,-0.54,-0.29
4:20:37,-0.80,-0.54,-0.30
4:20:37,-0.79,-0.54,-0.30
4:20:39,0.19,-0.95,-0.35
4:20:39,0.14,-0.96,-0.34
4:20:39,0.16,-0.95,-0.34
4:20:39,0.18,-0.95,-0.37
4:20:39,0.18,-0.97,-0.35
4:20:39,0.18,-0.95,-0.35
4:20:39,0.18,-0.95,-0.35
4:20:39,0.18,-0.96,-0.36
4:20:39,0.18,-0.95,-0.34
4:20:39,0.17,-0.95,-0.34
4:20:40,0.08,-0.94,-0.34
4:20:40,-0.08,-0.87,-0.46
4:20:40,0.09,-0.93,-0.47
4:20:40,0.05,-0.94,-0.39
4:20:40,0.04,-0.95,-0.40
4:20:40,0.04,-0.94,-0.39
4:20:40,0.04,-0.94,-0.40
4:20:40,0.04,-0.95,-0.40
4:20:40,0.05,-0.95,-0.41
4:20:51,0.78,-0.00,-0.55
4:20:51,0.85,0.07,-0.52
4:20:52,0.86,0.05,-0.55
4:20:52,0.85,0.05,-0.53
4:20:52,0.85,0.07,-0.51
4:20:52,0.90,0.06,-0.55
4:20:52,0.85,0.03,-0.55
4:20:52,0.82,0.07,-0.56
4:20:52,0.80,-0.00,-0.58
4:20:52,0.81,-0.00,-0.56
4:20:52,0.85,-0.04,-0.55
4:20:52,0.84,0.00,-0.57
4:20:53,0.85,0.02,-0.57
4:20:53,0.83,0.02,-0.58
4:20:53,0.84,0.02,-0.57
4:20:53,0.83,0.03,-0.58
4:20:53,0.81,0.07,-0.68
4:20:53,0.80,-0.11,-0.74
4:20:53,0.82,-0.07,-0.65
4:20:53,0.79,-0.10,-0.59
4:31:34,0.57,0.79,-0.08
4:31:34,0.57,0.80,-0.08
4:31:34,0.59,0.79,-0.08
4:31:34,0.59,0.79,-0.09
4:31:58,0.88,0.33,0.46
4:31:58,0.70,0.61,0.31
4:31:58,0.80,0.49,0.34
4:31:58,0.79,0.51,0.33
4:31:58,0.78,0.50,0.35
4:31:58,0.80,0.53,0.35
4:31:58,0.80,0.52,0.35
4:31:58,0.81,0.51,0.34
4:31:58,0.82,0.50,0.35
4:31:59,0.77,0.52,0.33
4:31:59,0.79,0.52,0.33
4:31:59,0.80,0.50,0.33
4:31:59,0.80,0.51,0.34
4:31:59,0.80,0.52,0.34
4:31:59,0.79,0.52,0.33
4:31:59,0.80,0.53,0.35
4:31:59,0.80,0.52,0.34
4:31:59,0.79,0.52,0.33
4:31:59,0.80,0.50,0.34
4:32:0,0.78,0.50,0.32
4:32:0,0.79,0.52,0.31
4:32:0,0.90,0.10,0.39
4:32:2,-1.01,0.53,-0.26
4:32:2,-0.06,0.90,-0.21
4:32:2,-0.81,0.55,-0.08
4:32:2,-0.76,0.56,-0.26
4:32:2,-0.38,0.79,-0.29
4:32:2,-0.57,0.81,-0.19
4:32:2,-0.41,0.87,-0.24
4:32:2,-0.50,0.82,-0.32
4:32:2,-0.46,0.79,-0.30
4:32:2,-0.58,0.79,-0.29
4:32:3,-0.56,0.74,-0.25
4:32:3,-0.21,0.83,-0.41
4:32:3,-0.46,0.84,-0.24
4:32:3,-0.42,0.81,-0.31
4:32:3,-0.47,0.81,-0.26
4:32:3,-0.42,0.86,-0.27
4:32:3,-0.44,0.80,-0.31
4:32:3,-0.44,0.80,-0.30
4:32:3,-0.43,0.80,-0.29
4:32:10,-0.64,0.48,-0.44
4:32:10,-0.66,0.45,-0.53
4:32:10,-0.67,0.45,-0.52
4:32:10,-0.64,0.43,-0.57
4:32:10,-0.62,0.45,-0.52
4:32:10,-0.65,0.44,-0.60
4:32:11,-0.71,0.55,-0.48
4:32:11,-0.58,0.47,-0.55
4:32:11,-0.03,0.82,-0.51
4:32:11,2.00,1.54,0.11
4:32:11,0.98,-0.41,0.26
4:32:11,0.95,-0.35,-0.05
4:32:11,1.00,-0.20,-0.03
4:32:11,0.98,-0.30,-0.03
4:32:11,0.99,-0.28,-0.03
4:32:11,0.98,-0.28,-0.04
4:32:12,1.00,-0.28,-0.03
4:32:12,0.99,-0.28,-0.02
4:32:12,0.98,-0.30,-0.02
4:32:12,0.99,-0.29,-0.02
4:32:12,0.99,-0.30,-0.03
4:32:12,0.99,-0.29,-0.03
4:32:12,0.99,-0.30,-0.02
4:32:12,0.98,-0.29,-0.02
4:32:12,0.99,-0.29,-0.04
4:32:12,0.98,-0.31,-0.05
4:32:13,0.99,-0.29,-0.03
4:32:13,0.97,-0.26,-0.04
4:32:13,1.01,-0.21,-0.04
6:10:2,-0.07,-1.00,0.02
6:10:3,-0.01,-1.01,-0.08
6:10:3,-0.03,-1.03,-0.13
6:10:3,0.02,-1.02,-0.01
6:10:3,-0.04,-1.09,-0.06
6:10:3,-0.07,-1.02,-0.08
6:10:3,0.04,-1.03,0.00
6:10:3,0.04,-1.11,-0.17
6:10:3,0.06,-1.04,0.07
6:10:3,0.10,-0.98,0.23
6:10:3,0.08,-1.01,0.25
6:10:4,-0.05,-1.10,0.17
6:10:4,-0.07,-0.99,0.11
6:10:4,-0.01,-1.10,0.11
6:10:4,-0.17,-1.04,-0.06
6:10:4,-0.24,-0.95,0.18
6:10:4,-0.38,-0.89,0.15
6:10:4,-0.26,-0.99,0.15
6:10:4,-0.31,-0.98,0.11
6:10:4,-0.30,-0.95,0.11
6:10:4,-0.31,-0.99,0.12
6:10:5,-0.28,-0.98,0.12
6:10:5,-0.28,-0.98,0.13
6:10:5,-0.28,-0.97,0.11
6:10:5,-0.27,-0.99,0.12
6:10:5,-0.28,-0.98,0.13
6:10:5,-0.27,-0.99,0.13
6:10:5,-0.25,-0.99,0.13
6:10:5,-0.23,-1.00,0.13
6:10:12,-0.48,-0.88,0.18
6:10:12,-0.49,-0.89,0.19
6:10:12,-0.50,-0.87,0.18
6:10:12,-0.45,-0.91,0.16
6:10:12,-0.36,-0.92,0.20
6:10:12,-0.37,-0.84,0.24
6:10:13,-0.36,-0.96,0.17
6:10:13,-0.42,-0.92,0.21
6:10:13,-0.45,-0.90,0.18
6:10:13,-0.42,-0.92,0.18
6:10:13,-0.41,-0.93,0.17
6:10:13,-0.42,-0.94,0.18
6:10:13,-0.36,-0.94,0.15
6:10:13,-0.26,-0.97,0.15
6:10:13,-0.18,-0.99,0.18
6:10:13,-0.22,-0.99,0.18
6:10:14,-0.22,-0.99,0.19
6:10:14,-0.22,-0.98,0.19
6:10:14,-0.20,-1.01,0.17
6:10:14,-0.03,-1.04,0.17
7:3:16,-0.99,-0.00,0.09
7:3:16,-0.98,-0.01,0.06
7:3:16,-0.99,-0.02,0.08
7:3:16,-0.98,-0.02,0.08
7:3:16,-0.97,-0.02,0.07
7:3:16,-0.97,0.02,0.08
7:3:16,-0.92,0.13,0.07
7:3:17,-0.94,0.22,0.04
7:3:17,-0.95,0.21,0.03
7:3:17,-0.95,0.20,0.04
7:3:17,-1.08,-0.09,0.14
7:3:17,-0.70,0.66,-0.12
7:3:17,-0.95,0.53,0.05
7:3:17,-1.07,0.46,-0.07
7:3:17,-0.69,0.74,0.40
7:3:17,-0.56,0.30,0.42
7:3:17,-0.49,0.64,0.52
7:3:18,0.13,1.17,0.12
7:3:18,0.19,0.85,0.29
7:3:18,0.30,0.88,0.29
7:3:18,0.23,0.87,0.35
7:3:18,0.38,0.84,0.37
7:3:18,0.35,0.86,0.35
7:3:18,0.36,0.85,0.33
7:3:18,0.35,0.85,0.33
7:3:18,0.36,0.86,0.32
7:3:18,0.37,0.85,0.34
7:3:18,0.36,0.86,0.33
7:3:19,0.37,0.85,0.34
7:3:19,0.36,0.85,0.35
7:3:19,0.37,0.83,0.35
7:3:19,0.37,0.85,0.33
7:3:19,0.35,0.87,0.31
7:3:19,0.49,0.87,0.20
7:3:19,1.09,0.95,-0.11
7:3:20,-0.91,-0.40,-0.60
7:3:21,-0.86,0.08,-0.60
7:3:21,-1.03,0.26,-0.86
7:3:21,-0.97,0.10,-0.43
7:3:21,-0.90,0.20,-0.43
7:3:21,-0.91,0.23,-0.44
7:3:21,-0.89,0.05,-0.38
7:3:21,-0.80,0.04,-0.29
7:3:21,-0.91,0.03,-0.31
7:3:21,-0.93,0.06,-0.29
7:3:21,-0.89,0.06,-0.32
7:3:22,-0.91,0.06,-0.32
7:3:22,-0.92,0.07,-0.31
7:3:22,-0.91,0.10,-0.33
7:3:22,-0.94,0.10,-0.32
7:3:22,-0.91,0.06,-0.31
7:3:22,-0.93,0.06,-0.29
7:3:22,-0.92,0.06,-0.28
7:3:22,-0.93,0.07,-0.31
7:3:22,-0.92,0.07,-0.30
8:25:40,-0.87,0.40,-0.14
8:25:40,-0.86,0.42,-0.19
8:25:40,-0.88,0.38,-0.17
8:25:40,-0.86,0.40,-0.18
8:25:40,-0.87,0.40,-0.19
8:25:40,-0.87,0.40,-0.16
8:25:40,-0.86,0.39,-0.16
8:25:41,-0.92,0.39,-0.18
8:25:41,-0.92,0.39,-0.14
8:25:41,-0.87,0.38,-0.14
8:25:41,-0.84,0.45,-0.19
8:25:41,-0.82,0.60,-0.21
8:25:41,-0.87,0.54,-0.13
8:25:41,-1.50,-0.60,-0.26
8:25:41,-1.16,-0.40,-0.47
8:25:41,-1.22,-0.58,-0.20
8:25:41,-0.86,0.22,-0.08
8:25:42,-0.91,0.23,-0.20
8:25:42,-0.95,0.21,-0.14
8:25:42,-0.97,0.14,-0.17
8:25:51,-0.82,0.23,-0.41
8:25:51,-0.78,0.46,-0.36
8:25:51,-0.78,0.62,-0.37
8:25:52,-0.68,0.60,-0.37
8:25:52,-0.65,0.75,-0.32
8:25:52,-0.67,0.65,-0.26
8:25:52,-0.70,0.67,-0.20
8:25:52,-0.64,0.66,-0.23
8:25:52,-0.73,0.75,-0.06
8:25:52,-0.65,0.72,-0.08
8:25:52,-0.67,0.70,-0.11
8:25:52,-0.65,0.69,-0.13
8:25:52,-0.58,0.68,-0.10
8:25:53,-0.64,0.75,-0.10
8:25:53,-0.55,0.81,-0.08
8:25:53,-0.54,0.81,-0.09
8:25:53,-0.50,0.81,-0.10
8:25:53,-0.53,0.82,-0.07
8:25:53,-0.58,0.82,-0.26
8:25:53,-0.45,0.84,-0.12
8:25:53,-0.43,0.90,-0.05
8:25:53,-0.48,0.90,-0.15
8:25:53,-0.54,0.81,-0.11
8:25:54,-0.62,0.69,-0.12
8:25:54,-0.84,0.52,-0.19
8:25:54,-0.83,0.46,-0.25
8:25:55,-0.64,0.72,-0.11
8:25:55,-0.64,0.71,-0.10
8:25:55,-0.64,0.72,-0.12
8:25:56,-0.64,0.71,-0.11
8:25:56,-0.63,0.73,-0.11
8:25:56,-0.62,0.79,-0.11
8:25:56,-0.63,0.74,-0.10
8:25:56,-0.61,0.74,-0.12
8:25:56,-0.63,0.73,-0.10
8:25:56,-0.62,0.73,-0.10
8:25:56,-0.63,0.72,-0.10
8:25:56,-0.62,0.73,-0.11
8:25:56,-0.63,0.73,-0.10
8:25:57,-0.63,0.73,-0.09
8:25:57,-0.62,0.73,-0.08
8:25:57,-0.62,0.74,-0.08
8:25:57,-0.62,0.73,-0.08
8:25:57,-0.62,0.73,-0.09
8:25:57,-0.62,0.73,-0.08
8:25:57,-0.68,0.72,-0.09
8:25:59,-0.39,0.54,-0.69
8:25:59,-0.41,0.52,-0.72
8:25:59,-0.35,0.56,-0.67
8:26:0,-0.43,0.53,-0.61
8:26:0,-0.46,0.53,-0.65
8:26:0,-0.46,0.53,-0.66
8:26:0,-0.50,0.50,-0.51
8:26:0,-0.53,0.66,-0.49
8:26:0,-0.59,0.58,-0.56
8:26:0,-0.62,0.57,-0.43
8:26:0,-0.67,0.62,-0.44
8:26:0,-0.68,0.62,-0.36
8:26:0,-0.62,0.69,-0.36
8:26:1,-0.66,0.63,-0.35
8:26:1,-0.63,0.55,-0.34
8:26:1,-0.64,0.61,-0.35
8:26:1,-0.63,0.64,-0.34
8:26:1,-0.64,0.65,-0.35
8:26:1,-0.63,0.66,-0.32
8:26:1,-0.63,0.66,-0.36
8:26:3,-0.83,0.67,-0.04
8:26:3,-0.95,0.72,-0.18
8:26:3,-0.70,0.40,-0.29
8:26:3,-0.99,-0.07,-0.18
8:26:3,-1.05,0.93,-0.22
8:26:3,-0.75,0.57,-0.24
8:26:3,-0.55,0.65,-0.37
8:26:3,-0.59,0.67,-0.32
8:26:3,-0.59,0.70,-0.30
8:26:3,-0.53,0.80,-0.30
8:26:4,-0.42,0.79,-0.23
8:26:4,0.11,0.99,-0.17
8:26:4,-0.22,1.04,-0.24
8:26:4,0.05,0.96,-0.16
8:26:4,0.09,0.96,-0.16
8:26:4,-0.02,0.93,-0.25
8:26:4,0.02,0.93,-0.24
8:26:4,-0.03,0.93,-0.24
8:26:4,-0.00,0.93,-0.24
8:26:4,-0.00,0.94,-0.26
8:26:5,0.00,0.92,-0.25
8:26:5,-0.00,0.93,-0.26
8:26:5,-0.01,0.94,-0.25
8:26:5,-0.01,0.94,-0.24
8:26:5,0.00,0.94,-0.27
8:26:5,-0.02,0.93,-0.27
8:26:5,0.00,0.94,-0.27
8:26:5,-0.03,0.93,-0.27
8:26:5,-0.06,0.97,-0.27
8:26:5,-0.10,0.08,-0.04
8:26:6,-0.22,-0.11,-0.16
8:26:6,-0.70,0.95,0.20
8:26:6,-1.00,-0.34,-0.35
8:26:6,-0.88,-0.23,-0.45
8:26:6,-0.88,-0.23,-0.40
8:26:6,-0.88,-0.29,-0.40
8:26:6,-0.84,-0.32,-0.42
8:26:6,-0.82,-0.37,-0.42
8:26:6,-0.81,-0.45,-0.40
8:26:6,-0.72,-0.43,-0.42
8:26:7,-0.79,-0.45,-0.41
8:26:7,-0.78,-0.47,-0.42
8:26:7,-0.75,-0.48,-0.41
8:26:7,-0.71,-0.58,-0.43
8:26:7,-0.75,-0.58,-0.42
8:26:7,-0.71,-0.57,-0.37
8:26:7,-0.70,-0.59,-0.36
8:26:7,-0.73,-0.57,-0.38
8:26:7,-0.76,-0.60,-0.34
8:26:7,-0.68,-0.59,-0.35
8:26:8,-0.23,-0.47,-0.28
8:26:9,-0.79,-0.27,-0.54
8:26:9,-0.78,-0.27,-0.54
8:26:9,-0.79,-0.27,-0.53
8:26:9,-0.76,-0.29,-0.53
8:26:9,-0.78,-0.29,-0.55
8:26:9,-0.78,-0.28,-0.52
8:26:9,-0.77,-0.28,-0.53
8:26:10,-0.78,-0.27,-0.53
8:26:10,-0.79,-0.30,-0.55
8:26:10,-0.78,-0.30,-0.50
8:26:10,-0.80,-0.29,-0.54
8:26:10,-0.79,-0.29,-0.54
8:26:10,-0.77,-0.28,-0.54
8:26:10,-0.79,-0.26,-0.52
8:26:10,-0.79,-0.28,-0.52
8:26:10,-0.77,-0.23,-0.51
8:26:10,-0.73,-0.30,-0.56
8:26:11,-0.46,0.04,0.27
8:26:11,0.03,-0.32,-0.02
8:26:18,-0.76,-0.49,-0.42
8:26:18,-0.76,-0.51,-0.43
8:26:18,-0.73,-0.46,-0.44
8:26:18,-0.91,-0.25,-0.41
8:26:18,-0.62,-0.53,-0.45
8:26:19,-0.76,-0.46,-0.43
8:26:19,-0.77,-0.51,-0.44
8:26:19,-0.75,-0.50,-0.42
8:26:19,-0.74,-0.51,-0.43
8:26:19,-0.75,-0.48,-0.41
8:26:19,-0.78,-0.50,-0.43
8:26:19,-0.76,-0.50,-0.42
8:26:19,-0.81,-0.43,-0.39
8:26:19,-0.76,-0.50,-0.40
8:26:19,-0.77,-0.54,-0.38
8:26:20,-0.81,-0.51,-0.43
8:26:20,-0.74,-0.53,-0.38
8:26:20,-0.77,-0.51,-0.38
8:26:20,-0.78,-0.51,-0.38
8:26:20,-0.93,-0.21,-0.30
9:21:25,0.90,-0.15,-0.28
9:21:25,0.95,-0.26,-0.41
9:21:25,0.82,0.34,-0.36
9:21:25,0.15,1.09,-1.22
9:21:25,-0.54,0.83,-0.06
9:21:25,-0.44,0.85,-0.13
9:21:25,-0.29,0.94,-0.54
9:21:25,-0.49,0.62,-0.25
9:21:25,-0.42,0.25,-0.44
9:21:26,-0.41,1.30,-0.49
9:21:26,-0.50,-0.44,-0.56
9:21:26,-1.06,0.14,-0.36
9:21:26,-0.91,-0.02,-0.36
9:21:26,-0.91,-0.03,-0.36
9:21:26,-0.90,-0.03,-0.36
9:21:26,-0.91,-0.04,-0.36
9:21:26,-0.90,-0.07,-0.37
9:21:26,-0.92,-0.03,-0.37
9:21:26,-0.91,-0.03,-0.37
9:21:32,0.57,1.90,1.64
9:21:32,-0.62,0.82,0.10
9:21:32,-1.32,0.11,0.34
9:21:32,-0.71,0.55,-0.49
9:21:32,-0.45,0.73,-0.10
9:21:32,-0.80,1.15,-0.11
9:21:32,-0.82,0.55,0.13
9:21:33,-0.69,0.63,0.16
9:21:33,-0.72,0.62,0.17
9:21:33,-0.73,0.59,0.15
9:21:33,-0.70,0.54,0.23
9:21:33,-0.76,0.58,0.14
9:21:33,-0.77,0.57,0.14
9:21:33,-0.79,0.56,0.14
9:21:33,-0.79,0.54,0.15
9:21:33,-0.78,0.55,0.12
9:21:33,-0.81,0.51,0.13
9:21:34,-0.85,0.47,0.11
9:21:34,-0.92,0.32,0.06
9:21:34,-0.97,0.05,0.07
9:21:34,-0.94,-0.22,0.08
9:21:34,-0.62,-0.29,-0.04
9:21:34,-0.88,-0.42,0.16
9:21:34,-0.89,-0.42,0.17
9:21:43,-0.69,-0.88,-0.07
9:21:43,-0.32,-1.00,-0.19
9:21:43,0.09,-0.97,-0.27
9:21:43,0.39,-0.90,-0.18
9:21:43,-0.08,-0.47,-0.26
9:21:43,-0.65,-0.60,-0.39
9:21:43,-0.89,-0.62,-0.37
9:21:43,-0.20,-0.92,-0.33
9:21:43,-0.40,-0.80,-0.37
9:21:43,-0.45,-0.84,-0.36
9:21:44,-0.46,-0.82,-0.37
9:21:44,-0.45,-0.83,-0.36
9:21:44,-0.46,-0.82,-0.37
9:21:44,-0.46,-0.83,-0.36
9:21:44,-0.47,-0.82,-0.36
9:21:44,-0.47,-0.83,-0.36
9:21:44,-0.47,-0.83,-0.35
9:21:44,-0.46,-0.83,-0.36
9:21:44,-0.48,-0.83,-0.36
9:21:44,-0.48,-0.83,-0.37
9:52:46,-0.67,-0.69,0.09
9:52:46,-0.19,0.25,-0.03
9:52:46,-1.23,-0.15,-0.80
9:52:46,-0.66,-0.70,-0.24
9:52:46,-0.67,-0.70,-0.24
9:52:46,-0.68,-0.71,-0.23
9:52:47,-0.68,-0.70,-0.25
9:52:47,-0.68,-0.71,-0.24
9:52:47,-0.67,-0.70,-0.24
9:52:47,-0.67,-0.71,-0.21
9:52:47,-0.67,-0.70,-0.23
9:52:47,-0.68,-0.71,-0.24
9:52:47,-0.68,-0.71,-0.24
9:52:47,-0.67,-0.72,-0.25
9:52:47,-0.67,-0.71,-0.24
9:52:47,-0.66,-0.71,-0.25
9:52:48,-0.67,-0.72,-0.24
9:52:48,-0.67,-0.72,-0.24
9:52:48,-0.68,-0.72,-0.23
9:52:48,-0.66,-0.72,-0.24
9:52:48,-0.67,-0.72,-0.23
9:52:50,-1.09,-0.58,0.17
9:52:50,-0.81,-0.57,0.02
9:52:50,-0.91,-0.44,0.05
9:52:50,-0.76,-0.49,0.10
9:52:50,-0.90,-0.50,0.06
9:52:50,-0.89,-0.47,0.09
9:52:50,-0.93,-0.31,0.06
9:52:50,-0.96,-0.21,0.07
9:52:51,-1.05,0.73,-0.27
9:52:51,-0.93,0.09,-0.00
9:52:51,-0.90,0.16,-0.08
9:52:51,-0.92,0.24,-0.10
9:52:51,-0.93,0.23,-0.11
9:52:51,-0.93,0.25,-0.11
9:52:51,-0.94,0.24,-0.11
9:52:51,-0.93,0.26,-0.13
9:52:51,-0.93,0.25,-0.12
9:52:51,-0.94,0.25,-0.12
9:52:52,-0.94,0.25,-0.11
9:52:52,-0.94,0.25,-0.11
9:52:52,-0.93,0.26,-0.10
9:52:52,-0.93,0.25,-0.11
9:52:52,-0.93,0.24,-0.13
9:52:52,-0.93,0.25,-0.12
9:52:52,-0.94,0.25,-0.10
9:52:52,-0.91,0.26,-0.13
9:52:52,-0.94,0.24,-0.12
9:52:52,-0.94,0.26,-0.12
10:7:45,0.45,0.86,-0.06
10:7:45,0.46,0.87,-0.06
10:7:45,0.46,0.87,-0.06
10:7:45,0.46,0.87,-0.07
10:7:46,0.45,0.87,-0.06
10:7:46,0.45,0.87,-0.06
10:7:46,0.44,0.87,-0.06
10:7:46,0.45,0.87,-0.06
10:7:46,0.46,0.87,-0.06
10:7:46,0.43,0.88,-0.04
10:7:46,0.45,0.87,-0.06
10:7:46,0.48,0.88,-0.04
10:7:46,0.48,0.86,-0.06
10:7:46,0.49,0.87,-0.06
10:7:47,0.50,0.84,-0.07
10:7:47,0.47,0.87,-0.04
10:7:47,0.46,0.86,-0.06
10:7:47,0.46,0.87,-0.04
10:7:47,0.48,0.87,-0.05
10:37:25,0.83,0.36,0.23
10:37:25,1.02,0.01,0.26
10:37:25,0.96,0.07,0.25
10:37:26,0.95,0.02,0.19
10:37:26,1.01,0.02,0.16
10:37:26,1.02,-0.01,0.13
10:37:26,0.96,0.08,0.24
10:37:26,1.01,0.12,0.11
10:37:26,0.99,0.08,0.15
10:37:26,1.02,0.04,0.09
10:37:26,0.98,0.10,0.06
10:37:26,1.01,0.09,0.03
10:37:26,1.00,0.08,0.02
10:37:27,1.02,0.07,0.02
10:37:27,1.02,0.08,0.02
10:37:27,1.02,0.09,0.02
10:37:27,1.03,0.09,0.06
10:37:27,1.00,0.15,0.05
10:37:27,1.03,0.07,-0.00
10:37:27,1.01,0.08,-0.00
10:37:27,1.01,0.09,-0.00
10:37:27,1.01,0.12,0.02
10:38:9,0.60,0.77,-0.16
10:38:9,0.64,0.69,-0.21
10:38:9,0.61,0.72,-0.31
10:38:9,0.60,0.73,-0.27
10:38:9,0.61,0.72,-0.28
10:38:9,0.61,0.72,-0.29
10:38:9,0.60,0.72,-0.31
10:38:9,0.61,0.71,-0.31
10:38:10,0.62,0.69,-0.30
10:38:10,0.62,0.71,-0.31
10:38:10,0.63,0.69,-0.33
10:38:10,0.64,0.68,-0.34
10:38:10,0.64,0.68,-0.34
10:38:10,0.63,0.67,-0.36
10:38:10,0.64,0.66,-0.33
10:38:10,0.64,0.67,-0.33
10:38:10,0.65,0.67,-0.33
10:38:10,0.65,0.67,-0.35
10:38:11,0.58,0.64,-0.36
10:38:12,0.15,-0.19,0.09
10:38:12,1.53,0.83,-0.10
10:38:12,1.10,0.32,-0.04
10:38:12,0.60,-0.22,-0.09
10:38:12,0.36,0.04,-0.08
10:38:13,0.99,0.09,0.01
10:38:13,0.81,-0.45,0.18
10:38:13,0.67,-0.57,0.06
10:38:13,1.16,-0.31,0.16
10:38:13,0.22,-0.61,0.16
10:38:13,0.69,-0.81,-0.15
10:38:13,0.81,-0.71,-0.03
10:38:13,0.73,-0.75,0.16
10:38:13,0.73,-0.76,0.12
10:38:13,0.72,-0.67,0.23
10:38:14,0.36,-0.62,0.46
10:38:14,0.21,-0.93,0.31
10:38:14,-0.13,-0.96,0.53
10:38:14,-0.45,-1.03,0.49
10:38:14,-0.41,-0.76,0.56
10:38:14,-0.72,-0.47,0.82
10:38:14,-0.63,-0.59,0.53
10:38:14,-0.67,-0.53,0.35
10:38:14,-1.08,-0.45,0.74
10:38:14,-0.73,-0.52,0.48
10:38:15,-0.71,-0.54,0.46
10:38:15,-0.74,-0.48,0.57
10:38:15,-0.74,-0.60,0.44
10:38:15,-0.65,-0.51,0.45
10:38:15,-0.69,-0.54,0.44
10:38:15,-0.70,-0.59,0.46
10:38:15,-0.73,-0.55,0.40
10:38:15,-0.76,-0.59,0.41
10:38:15,-0.71,-0.55,0.43
10:38:15,-0.73,-0.58,0.39
10:38:16,-0.72,-0.59,0.40
10:38:16,-0.72,-0.58,0.42
10:38:16,-0.72,-0.57,0.41
10:38:24,0.69,0.69,0.18
10:38:24,0.69,0.69,0.17
10:38:24,0.69,0.69,0.18
10:38:24,0.73,0.71,0.14
10:38:24,0.70,0.66,0.17
10:38:25,0.70,0.67,0.18
10:38:25,0.73,0.67,0.18
10:38:25,0.72,0.67,0.16
10:38:25,0.72,0.66,0.17
10:38:25,0.70,0.67,0.16
10:38:25,0.72,0.67,0.18
10:38:25,0.70,0.68,0.17
10:38:25,0.71,0.67,0.19
10:38:25,0.71,0.68,0.18
10:38:25,0.71,0.68,0.17
10:38:26,0.70,0.67,0.18
10:38:26,0.72,0.68,0.19
10:38:26,0.71,0.68,0.17
10:38:26,0.71,0.68,0.17
10:38:26,0.71,0.68,0.17
10:38:33,0.76,0.57,0.21
10:38:33,0.76,0.62,0.19
10:38:33,0.76,0.62,0.19
10:38:33,0.76,0.61,0.19
10:38:33,0.76,0.62,0.20
10:38:33,0.75,0.63,0.18
10:38:33,0.76,0.61,0.18
10:38:33,0.76,0.63,0.19
10:38:34,0.76,0.64,0.19
10:38:34,0.75,0.63,0.19
10:38:34,0.74,0.63,0.18
10:38:34,0.68,0.67,0.15
10:38:34,0.72,0.67,0.15
10:38:34,0.70,0.67,0.15
10:38:34,0.67,0.72,0.14
10:38:34,0.69,0.71,0.14
10:38:34,0.69,0.70,0.15
10:38:34,0.68,0.72,0.15
10:38:35,0.66,0.72,0.15
10:38:35,0.68,0.77,0.16
10:52:16,0.91,0.44,-0.13
10:52:16,0.89,0.44,-0.14
10:52:16,0.86,0.48,-0.09
10:52:17,0.89,0.43,-0.14
10:52:17,0.93,0.27,-0.11
10:52:17,0.98,0.11,-0.22
10:52:17,0.99,0.23,-0.13
10:52:17,0.99,0.17,-0.12
10:52:17,0.99,0.18,-0.12
10:52:17,0.99,0.18,-0.14
10:52:17,0.98,0.18,-0.14
10:52:17,0.98,0.18,-0.15
10:52:17,1.00,0.17,-0.13
10:52:18,0.99,0.19,-0.14
10:52:18,0.99,0.19,-0.14
10:52:18,0.98,0.18,-0.13
10:52:18,0.98,0.17,-0.15
10:52:18,0.99,0.19,-0.14
10:52:18,1.00,0.19,-0.13
10:52:18,0.98,0.18,-0.15
12:1:9,-0.53,0.81,-0.09
12:1:9,-0.57,0.84,-0.09
12:1:9,-0.50,0.77,-0.09
12:1:9,-0.53,0.87,-0.05
12:1:9,-0.51,0.85,-0.02
12:1:9,-0.40,0.85,-0.08
12:1:9,-0.44,0.90,-0.08
12:1:9,-0.39,0.95,-0.11
12:1:9,-0.10,0.97,-0.15
12:1:9,-0.18,1.00,-0.18
12:1:10,0.03,0.97,-0.22
12:1:10,-0.10,0.85,-0.20
12:1:10,-0.34,0.92,-0.15
12:1:10,-0.45,0.66,-0.10
12:1:10,-0.83,0.10,-0.07
12:1:10,-0.89,0.62,0.11
12:1:10,-0.88,0.44,0.01
12:1:10,-0.90,0.44,0.00
12:1:10,-0.91,0.40,0.01
12:1:10,-0.86,0.37,-0.09
12:1:11,-0.51,0.77,0.14
12:1:11,-0.86,0.26,-0.00
12:1:11,-0.89,0.48,0.01
12:1:11,-0.87,0.47,0.02
12:1:11,-0.87,0.45,0.02
12:1:11,-0.87,0.48,0.00
12:1:11,-0.86,0.50,0.02
12:1:11,-0.86,0.49,0.02
12:1:11,-0.86,0.50,0.02
12:1:11,-0.87,0.49,0.01
12:1:12,-0.86,0.50,0.01
12:1:12,-0.86,0.50,0.02
12:1:12,-0.87,0.50,0.03
12:1:12,-0.87,0.50,0.02
12:1:12,-0.85,0.50,0.01
12:1:12,-0.85,0.51,0.01
12:1:16,-0.14,0.95,0.04
12:1:16,-0.21,1.00,0.05
12:1:16,-0.40,0.91,0.05
12:1:16,-0.25,0.94,0.13
12:1:16,-0.12,1.15,-0.29
12:1:17,-0.28,0.88,0.24
12:1:17,-0.49,0.91,0.19
12:1:17,-0.34,0.86,0.37
12:1:17,-0.34,0.86,0.24
12:1:17,-0.33,0.92,0.27
12:1:17,-0.21,0.94,0.28
12:1:17,-0.23,1.07,0.05
12:1:17,-0.29,0.93,0.05
12:1:17,-0.36,0.95,0.07
12:1:17,-0.32,1.00,0.07
12:1:18,-0.33,0.93,0.09
12:1:18,-0.33,0.95,0.08
12:1:18,-0.31,0.93,0.07
12:1:18,-0.33,0.94,0.09
12:1:18,-0.31,0.93,0.08
12:1:18,-0.36,0.93,0.08
12:1:18,-0.33,0.96,0.07
12:1:18,-0.66,0.47,0.05
12:1:18,-0.36,0.86,-0.02
12:1:18,-0.29,0.97,0.10
12:1:21,0.12,0.96,-0.21
12:1:21,0.13,0.95,-0.22
12:1:21,0.14,0.95,-0.21
12:1:21,0.14,0.96,-0.22
12:1:21,0.14,0.96,-0.21
12:1:21,0.15,0.96,-0.21
12:1:21,0.14,0.97,-0.21
12:1:21,0.15,0.96,-0.22
12:1:21,0.15,0.96,-0.21
12:1:21,0.14,0.97,-0.19
12:1:22,0.13,0.96,-0.19
12:1:22,0.15,0.97,-0.19
12:1:22,0.15,0.96,-0.20
12:1:22,0.14,0.97,-0.21
12:1:22,0.13,0.97,-0.18
12:1:22,0.14,0.96,-0.19
12:1:22,0.16,0.98,-0.17
12:1:22,0.14,0.97,-0.20
12:1:22,0.15,0.97,-0.19
12:1:22,0.15,0.96,-0.18
12:1:29,-0.13,0.83,-0.32
12:1:29,-0.30,1.01,-0.30
12:1:29,-0.28,0.92,-0.31
12:1:29,-0.23,0.91,-0.29
12:1:29,-0.09,0.99,-0.32
12:1:30,-0.16,0.92,-0.29
12:1:30,0.28,0.52,-0.53
12:1:30,-0.47,0.99,0.01
12:1:30,-0.52,0.88,0.05
12:1:30,-0.60,0.79,0.02
12:1:30,-0.79,0.58,0.12
12:1:30,-0.91,0.50,0.04
12:1:30,0.19,0.53,-0.03
12:1:30,0.92,0.25,0.02
12:1:30,0.96,0.86,-0.46
12:1:31,-0.05,0.93,-0.51
12:1:31,-0.78,0.42,-0.67
12:1:31,-0.08,0.97,-0.41
12:1:31,-0.15,0.87,-0.43
12:1:31,-0.08,0.93,-0.44
12:1:31,-0.05,0.92,-0.40
12:1:31,-0.05,0.91,-0.43
12:1:31,-0.07,0.93,-0.39
12:1:31,-0.06,0.91,-0.39
12:1:31,-0.05,0.92,-0.40
12:1:32,-0.04,0.92,-0.40
12:1:32,-0.04,0.91,-0.42
12:1:32,-0.05,0.91,-0.41
12:1:32,-0.03,0.92,-0.40
12:1:48,-0.07,0.91,-0.41
12:1:48,-0.07,0.93,-0.41
12:1:49,-0.06,0.90,-0.42
12:1:49,-0.05,0.93,-0.41
12:1:49,-0.06,0.91,-0.40
12:1:49,-0.05,0.90,-0.42
12:1:49,-0.10,0.91,-0.40
12:1:49,-0.08,0.88,-0.40
12:1:49,-0.02,0.87,-0.41
12:1:49,-0.02,0.80,-0.49
12:1:49,-0.22,1.02,-0.50
12:1:49,-0.01,0.91,-0.41
12:1:50,0.02,0.91,-0.37
12:1:50,-0.07,0.91,-0.42
12:1:50,0.01,0.93,-0.36
12:1:50,-0.37,0.81,-0.37
12:1:50,0.17,1.05,-0.46
12:1:50,-0.03,0.97,-0.28
12:1:50,-0.06,0.97,-0.27
12:1:50,-0.13,0.93,-0.28
12:1:50,-0.10,0.96,-0.27
12:1:53,-0.32,0.87,-0.40
12:1:53,-0.26,0.93,-0.40
12:1:54,-0.35,0.87,-0.38
12:1:54,-0.62,0.98,-0.26
12:1:54,-0.14,0.98,-0.25
12:1:54,-0.14,0.96,-0.19
12:1:54,-0.18,0.97,-0.29
12:1:54,-0.21,0.83,-0.42
12:1:54,-0.22,0.91,-0.36
12:1:54,-0.17,0.92,-0.29
12:1:54,0.08,1.09,0.35
12:1:54,-0.02,0.81,-0.62
12:1:55,-0.10,1.06,-0.25
12:1:55,0.04,0.93,-0.40
12:1:55,-0.05,0.91,-0.34
12:1:55,0.09,0.95,-0.34
12:1:55,0.10,0.95,-0.35
12:1:55,0.13,0.94,-0.35
12:1:55,0.16,0.95,-0.26
12:1:55,-0.05,0.96,-0.34
12:2:0,-0.17,0.96,-0.22
12:2:0,-0.17,0.95,-0.22
12:2:0,-0.16,0.94,-0.17
12:2:1,-0.19,0.95,-0.23
12:2:1,-0.25,1.00,-0.21
12:2:1,-0.33,0.93,-0.21
12:2:1,-0.17,1.02,-0.16
12:2:1,-0.21,0.96,-0.23
12:2:1,-0.24,0.93,-0.23
12:2:1,-0.25,0.93,-0.24
12:2:1,-0.28,0.94,-0.27
12:2:1,-0.15,0.93,-0.18
12:2:1,-0.38,0.85,-0.35
12:2:2,-0.26,0.92,-0.28
12:2:2,-0.08,0.83,-0.09
12:2:2,-0.21,0.97,-0.29
12:2:2,-0.17,0.98,-0.26
12:2:2,-0.15,0.97,-0.27
12:2:2,-0.11,0.96,-0.28
12:2:2,-0.09,0.94,-0.28
12:2:5,0.14,0.98,-0.22
12:2:5,0.12,0.94,-0.17
12:2:5,0.13,0.95,-0.26
12:2:5,0.14,0.96,-0.24
12:2:6,0.14,0.96,-0.25
12:2:6,0.09,0.95,-0.28
12:2:6,0.10,0.95,-0.26
12:2:6,0.08,0.96,-0.27
12:2:6,0.12,0.95,-0.29
12:2:6,0.11,0.94,-0.28
12:2:6,0.10,0.95,-0.28
12:2:6,0.11,0.95,-0.28
12:2:6,0.11,0.95,-0.27
12:2:6,0.11,0.95,-0.27
12:2:7,0.10,0.96,-0.27
12:2:7,0.10,0.95,-0.28
12:2:7,0.10,0.96,-0.26
12:2:7,0.09,0.96,-0.28
12:2:7,0.10,0.95,-0.28
12:2:7,0.10,0.95,-0.28
12:2:12,-0.03,0.74,0.16
12:2:12,0.08,0.93,-0.45
12:2:12,0.01,0.90,-0.43
12:2:12,0.01,0.89,-0.42
12:2:12,-0.06,0.89,-0.43
12:2:12,-0.01,0.90,-0.41
12:2:13,-0.01,0.92,-0.43
12:2:13,-0.02,0.91,-0.43
12:2:13,-0.01,0.90,-0.43
12:2:13,-0.01,0.90,-0.44
12:2:13,-0.00,0.91,-0.44
12:2:13,0.01,0.92,-0.43
12:2:13,0.00,0.89,-0.42
12:2:13,-0.00,0.90,-0.43
12:2:13,-0.01,0.89,-0.44
12:2:13,0.00,0.92,-0.41
12:2:14,0.01,0.90,-0.43
12:2:14,0.01,0.90,-0.43
12:2:14,-0.00,0.91,-0.41
12:2:14,0.02,0.92,-0.39
12:2:14,0.10,0.89,-0.33
12:2:14,0.19,0.77,-0.47
12:2:16,0.18,0.95,-0.25
12:2:16,0.18,0.97,-0.23
12:2:16,0.16,0.90,-0.23
12:2:16,0.16,0.97,-0.25
12:2:16,0.17,0.95,-0.25
12:2:16,0.17,0.74,-0.31
12:2:17,0.40,0.75,-0.34
12:2:17,0.15,0.84,-0.51
12:2:17,0.20,0.90,-0.48
12:2:17,0.27,0.83,-0.48
12:2:17,0.27,0.77,-0.51
12:2:17,0.27,0.85,-0.53
12:2:17,0.30,0.86,-0.47
12:2:17,0.25,0.82,-0.54
12:2:17,1.00,0.97,-0.29
12:2:17,-0.40,1.19,-0.19
12:2:18,-0.04,0.93,-0.35
12:2:18,-0.06,0.89,-0.34
12:2:18,-0.07,0.98,-0.25
12:2:18,-0.03,0.95,-0.30
12:2:35,-0.30,0.93,-0.20
12:2:35,-0.27,0.94,-0.18
12:2:35,-0.26,0.94,-0.20
12:2:35,-0.27,0.95,-0.21
12:2:35,-0.28,0.93,-0.19
12:2:35,-0.27,0.94,-0.20
12:2:35,-0.28,0.95,-0.19
12:2:36,-0.28,0.95,-0.21
12:2:36,-0.25,0.95,-0.20
12:2:36,-0.26,0.94,-0.20
12:2:36,-0.28,0.94,-0.21
12:2:36,-0.28,0.92,-0.24
12:2:36,-0.26,0.93,-0.23
12:2:36,-0.21,0.94,-0.25
12:2:36,-0.22,0.94,-0.24
12:2:36,-0.25,0.95,-0.22
12:2:36,-0.24,0.95,-0.20
12:2:37,-0.25,0.93,-0.20
12:2:37,-0.23,0.93,-0.23
12:8:11,-0.77,0.60,-0.15
12:8:11,-0.76,0.61,-0.14
12:8:12,-0.77,0.61,-0.14
12:8:12,-0.77,0.60,-0.15
12:8:12,-0.77,0.60,-0.15
12:8:12,-0.73,0.62,-0.14
12:8:12,-0.75,0.62,-0.16
12:8:12,-0.74,0.62,-0.15
12:8:12,-0.74,0.60,-0.16
12:8:12,-0.88,0.52,-0.08
12:8:12,-0.77,0.58,-0.21
12:8:12,-0.81,0.53,-0.18
12:8:13,-0.77,0.58,-0.17
12:8:13,-0.71,0.67,-0.13
12:8:13,-0.75,0.63,-0.16
12:8:13,-0.78,0.64,-0.16
12:8:13,-0.80,0.59,-0.17
12:8:13,-0.78,0.61,-0.15
12:8:13,-0.79,0.61,-0.12
12:8:13,-0.74,0.70,-0.13
12:18:26,-0.94,-0.36,0.11
12:18:26,-0.94,-0.37,0.08
12:18:26,-0.93,-0.34,0.09
12:18:26,-0.94,-0.34,0.09
12:18:26,-0.95,-0.33,0.00
12:18:26,-1.02,-0.20,0.09
12:18:26,-0.82,-0.57,0.06
12:18:26,-0.85,-0.53,0.05
12:18:26,-0.86,-0.50,0.07
12:18:27,-0.81,-0.62,0.06
12:18:27,-0.80,-0.61,0.04
12:18:27,-0.81,-0.61,0.06
12:18:27,-0.77,-0.66,0.04
12:18:27,-0.78,-0.66,0.08
12:18:27,-0.78,-0.65,0.08
12:18:27,-0.80,-0.63,0.08
12:18:27,-0.77,-0.64,0.07
12:18:27,-0.76,-0.64,0.07
12:18:27,-0.76,-0.67,0.09
12:18:29,-0.57,-0.82,0.20
12:18:29,-0.53,-0.86,0.18
12:18:29,-0.59,-0.80,0.20
12:18:29,-0.63,-0.77,0.20
12:18:29,-0.61,-0.79,0.19
12:18:29,-0.58,-0.81,0.20
12:18:29,-0.59,-0.83,0.19
12:18:29,-0.59,-0.81,0.20
12:18:30,-0.58,-0.81,0.18
12:18:30,-0.61,-0.79,0.17
12:18:30,-0.61,-0.80,0.20
12:18:30,-0.60,-0.79,0.20
12:18:30,-0.30,-0.95,0.16
12:18:30,-0.43,-0.91,0.31
12:18:30,-0.44,-0.91,0.18
12:18:30,-0.41,-0.88,0.18
12:18:30,-0.40,-0.93,0.20
12:18:30,-0.42,-0.89,0.20
12:18:31,-0.42,-0.91,0.20
12:31:17,0.22,-1.03,0.15
12:31:17,0.14,-0.99,0.12
12:31:17,0.25,-0.99,0.12
12:31:17,0.24,-0.99,0.16
12:31:17,0.31,-0.97,0.20
12:31:17,0.27,-0.99,0.17
12:31:17,0.27,-0.97,0.18
12:31:17,0.28,-0.98,0.19
12:31:17,0.29,-0.98,0.16
12:31:17,0.28,-0.99,0.17
12:31:18,0.29,-0.98,0.19
12:31:18,0.29,-0.98,0.20
12:31:18,0.28,-0.98,0.19
12:31:18,0.27,-0.97,0.20
12:31:18,0.29,-0.96,0.19
12:31:18,0.31,-0.98,0.18
12:31:18,0.30,-0.98,0.18
12:31:18,0.30,-0.97,0.18
12:31:18,0.30,-0.98,0.20
12:43:51,0.84,-0.57,0.22
12:43:51,0.84,-0.53,0.25
12:43:51,0.83,-0.53,0.21
12:43:51,0.84,-0.55,0.22
12:43:51,0.85,-0.54,0.21
12:43:51,0.85,-0.54,0.20
12:43:52,0.85,-0.54,0.23
12:43:52,0.86,-0.54,0.22
12:43:52,0.85,-0.54,0.21
12:43:52,0.86,-0.53,0.20
12:43:52,0.85,-0.54,0.21
12:43:52,0.85,-0.54,0.21
12:43:52,0.85,-0.55,0.21
12:43:52,0.85,-0.54,0.19
12:43:52,0.85,-0.55,0.20
12:43:52,0.85,-0.54,0.22
12:43:53,0.85,-0.54,0.21
12:43:53,0.86,-0.54,0.20
12:43:53,0.86,-0.54,0.21
12:44:1,1.01,-0.14,0.06
12:44:1,1.01,-0.15,0.05
12:44:1,1.02,-0.12,0.07
12:44:1,1.02,-0.15,0.05
12:44:1,1.01,-0.13,0.05
12:44:2,1.01,-0.14,0.05
12:44:2,1.01,-0.15,0.05
12:44:2,1.01,-0.15,0.07
12:44:2,1.00,-0.15,0.06
12:44:2,0.99,-0.14,0.07
12:44:2,1.02,-0.14,0.04
12:44:2,1.01,-0.15,0.07
12:44:2,1.00,-0.14,0.05
12:44:2,1.01,-0.16,0.05
12:44:2,1.01,-0.15,0.07
12:44:3,1.00,-0.13,0.05
12:44:3,0.99,-0.16,0.06
12:44:3,1.03,-0.18,0.05
12:44:3,1.01,-0.17,0.06
12:44:24,0.96,0.13,0.28
12:44:24,0.98,0.14,0.20
12:44:24,0.97,0.16,0.20
12:44:24,1.00,0.19,0.23
12:44:24,0.95,0.20,0.23
12:44:24,0.97,0.21,0.18
12:44:24,0.98,0.20,0.20
12:44:24,0.97,0.18,0.18
12:44:24,0.97,0.19,0.20
12:44:25,1.01,0.46,0.19
12:44:25,0.95,0.25,0.12
12:44:25,0.97,0.24,0.09
12:44:25,0.95,0.29,0.13
12:44:25,0.89,-0.14,0.06
12:44:25,1.01,0.06,0.06
12:44:25,1.01,0.05,0.06
12:44:25,1.01,0.03,0.03
12:44:25,1.01,0.15,0.03
12:44:25,1.00,-0.06,0.01
12:44:26,1.01,0.01,0.04
14:9:29,0.89,0.40,0.20
14:9:29,0.90,0.41,0.20
14:9:29,0.90,0.42,0.20
14:9:29,0.91,0.35,0.21
14:9:29,0.93,0.34,0.22
14:9:29,0.93,0.34,0.21
14:9:29,0.93,0.33,0.21
14:9:29,0.94,0.34,0.20
14:9:29,0.93,0.33,0.21
14:9:30,0.94,0.34,0.20
14:9:30,0.93,0.30,0.22
14:9:30,0.96,0.33,0.20
14:9:30,0.94,0.31,0.20
14:9:30,0.94,0.31,0.20
14:9:30,0.93,0.30,0.20
14:9:30,0.95,0.31,0.20
14:9:30,0.93,0.29,0.20
14:9:30,0.95,0.28,0.20
14:9:30,0.94,0.28,0.19
14:9:36,0.97,-0.26,0.23
14:9:36,0.98,-0.25,0.22
14:9:37,0.99,-0.22,0.19
14:9:37,0.99,-0.18,0.13
14:9:37,0.99,-0.17,0.12
14:9:37,1.00,-0.18,0.13
14:9:37,1.00,-0.15,0.11
14:9:37,1.01,-0.12,0.11
14:9:37,1.02,-0.10,0.09
14:9:37,1.01,-0.07,0.08
14:9:37,1.02,-0.04,0.05
14:9:37,1.02,-0.02,0.03
14:9:38,1.01,0.02,0.03
14:9:38,1.01,0.04,0.04
14:9:38,1.01,0.07,0.03
14:9:38,1.01,0.09,0.03
14:9:38,1.00,0.12,0.01
14:9:38,1.01,0.18,-0.00
14:9:38,1.00,0.24,-0.01
14:9:38,0.98,0.21,-0.01
14:20:40,0.66,0.75,0.04
14:20:41,0.65,0.75,0.04
14:20:41,0.65,0.74,0.05
14:20:41,0.65,0.75,0.05
14:20:41,0.65,0.75,0.05
14:20:41,0.65,0.75,0.04
14:20:41,0.65,0.74,0.04
14:20:41,0.64,0.74,0.04
14:20:41,0.65,0.75,0.06
14:20:41,0.65,0.74,0.05
14:20:41,0.65,0.75,0.05
14:20:42,0.64,0.75,0.04
14:20:42,0.65,0.75,0.04
14:20:42,0.66,0.75,0.05
14:20:42,0.65,0.75,0.04
14:20:42,0.64,0.76,0.04
14:20:42,0.64,0.75,0.04
14:20:42,0.65,0.75,0.04
14:20:42,0.63,0.73,0.06
14:31:19,0.02,0.95,-0.21
14:31:19,0.02,0.96,-0.23
14:31:19,0.04,0.95,-0.23
14:31:19,0.03,0.96,-0.24
14:31:20,0.03,0.96,-0.21
14:31:20,0.04,0.95,-0.22
14:31:20,0.03,0.95,-0.24
14:31:20,0.03,0.95,-0.22
14:31:20,0.02,0.95,-0.22
14:31:20,0.02,0.96,-0.23
14:31:20,0.02,0.95,-0.24
14:31:20,0.03,0.95,-0.22
14:31:20,0.04,0.95,-0.23
14:31:20,0.02,0.94,-0.23
14:31:21,-0.06,0.91,-0.28
14:31:21,-0.02,0.96,-0.22
14:31:21,0.01,0.95,-0.23
14:31:21,0.03,0.96,-0.25
14:31:21,0.06,0.96,-0.24
14:31:25,-0.08,0.97,-0.15
14:31:25,-0.08,0.97,-0.16
14:31:25,-0.07,0.97,-0.15
14:31:25,-0.06,0.96,-0.15
14:31:25,-0.08,0.97,-0.14
14:31:25,-0.07,0.97,-0.14
14:31:25,-0.08,0.97,-0.15
14:31:25,-0.06,0.97,-0.13
14:31:26,-0.06,0.97,-0.16
14:31:26,-0.06,0.97,-0.15
14:31:26,-0.06,0.96,-0.14
14:31:26,-0.05,0.96,-0.15
14:31:26,-0.06,0.97,-0.14
14:31:26,-0.05,0.97,-0.13
14:31:26,-0.05,0.96,-0.14
14:31:26,-0.05,0.97,-0.14
14:31:26,-0.06,0.98,-0.13
14:31:26,-0.06,0.96,-0.14
14:31:27,-0.07,0.96,-0.14
14:40:58,-0.86,-0.50,0.06
14:40:58,-0.84,-0.62,0.16
14:40:58,-0.09,-2.00,0.89
14:40:58,-0.06,-0.90,0.55
14:40:58,-0.02,-1.01,0.27
14:40:59,-0.02,-1.00,0.28
14:40:59,-0.03,-0.99,0.28
14:40:59,-0.03,-0.98,0.29
14:40:59,-0.07,-1.00,0.28
14:40:59,-0.05,-0.99,0.27
14:40:59,-0.04,-0.99,0.28
14:40:59,-0.04,-0.98,0.27
14:40:59,-0.04,-1.00,0.26
14:40:59,-0.04,-0.99,0.27
14:40:59,-0.03,-1.00,0.27
14:41:0,-0.04,-0.99,0.26
14:41:0,-0.08,-0.99,0.27
14:41:0,-0.07,-0.98,0.26
14:41:0,-0.05,-0.98,0.29
14:41:0,-0.07,-0.99,0.27
14:41:0,-0.07,-0.99,0.26
14:41:0,-0.06,-0.98,0.27
14:41:0,-0.07,-0.99,0.26
14:41:6,-1.01,-0.17,0.14
14:41:6,-0.90,-0.12,0.08
14:41:7,-0.94,-0.37,0.09
14:41:7,-1.01,-0.23,0.09
14:41:7,-0.95,-0.27,0.11
14:41:7,-0.96,-0.26,0.10
14:41:7,-0.95,-0.23,0.09
14:41:7,-0.96,-0.17,0.11
14:41:7,-0.94,-0.15,0.09
14:41:7,-0.99,-0.23,0.10
14:41:7,-1.01,-0.21,0.06
14:41:7,-0.96,-0.23,0.11
14:41:8,-0.98,-0.26,0.11
14:41:8,-0.95,-0.30,0.10
14:41:8,-0.97,-0.24,0.10
14:41:8,-0.97,-0.22,0.11
14:41:8,-0.97,-0.22,0.09
14:41:8,-0.97,-0.23,0.09
14:41:8,-0.97,-0.22,0.09
14:41:8,-0.97,-0.22,0.10
15:46:10,-0.97,0.18,0.02
15:46:11,-0.98,0.11,0.03
15:46:11,-0.98,0.09,0.01
15:46:11,-0.98,0.19,0.06
15:46:11,-1.02,0.15,0.15
15:46:11,-0.95,0.03,-0.04
15:46:11,-0.98,-0.13,-0.14
15:46:11,-0.98,0.06,-0.06
15:46:11,-0.98,0.11,0.00
15:46:11,-0.98,0.05,-0.04
15:46:11,-0.97,0.07,-0.02
15:46:12,-0.98,0.07,-0.03
15:46:12,-0.98,0.07,-0.01
15:46:12,-0.97,0.07,-0.02
15:46:12,-0.98,0.06,-0.02
15:46:12,-0.98,0.07,-0.01
15:46:12,-0.97,0.07,-0.02
15:46:12,-1.03,-0.06,-0.09
15:46:12,-0.95,0.26,0.01
15:46:17,0.67,0.54,-0.55
15:46:17,0.64,0.54,-0.53
15:46:17,0.62,0.54,-0.52
15:46:18,0.62,0.54,-0.51
15:46:18,0.62,0.58,-0.51
15:46:18,0.61,0.59,-0.52
15:46:18,0.62,0.58,-0.52
15:46:18,0.64,0.54,-0.47
15:46:18,0.61,0.58,-0.51
15:46:18,0.58,0.60,-0.50
15:46:18,0.60,0.61,-0.50
15:46:18,0.59,0.64,-0.48
15:46:18,0.58,0.62,-0.49
15:46:19,0.59,0.63,-0.47
15:46:19,0.58,0.62,-0.50
15:46:19,0.58,0.63,-0.49
15:46:19,0.57,0.62,-0.49
15:46:19,0.57,0.65,-0.49
15:46:19,0.57,0.63,-0.48
15:46:42,0.61,0.63,-0.44
15:46:42,0.63,0.63,-0.46
15:46:42,0.60,0.63,-0.44
15:46:42,0.63,0.66,-0.44
15:46:42,0.61,0.63,-0.47
15:46:42,0.61,0.68,-0.43
15:46:42,0.54,0.68,-0.46
15:46:42,0.59,0.63,-0.44
15:46:43,0.64,0.62,-0.45
15:46:43,0.59,0.62,-0.46
15:46:43,0.62,0.62,-0.43
15:46:43,0.62,0.63,-0.45
15:46:43,0.60,0.66,-0.43
15:46:43,0.51,0.72,-0.43
15:46:43,0.58,0.68,-0.44
15:46:43,0.66,0.55,-0.43
15:46:43,0.59,0.63,-0.44
15:46:43,0.61,0.64,-0.45
15:46:44,0.61,0.63,-0.45
15:46:44,0.62,0.64,-0.44
15:52:48,0.08,0.95,-0.14
15:52:48,0.08,0.96,-0.14
15:52:48,0.07,0.96,-0.13
15:52:49,0.07,0.95,-0.14
15:52:49,0.08,0.96,-0.14
15:52:49,0.07,0.95,-0.13
15:52:49,0.09,0.96,-0.15
15:52:49,0.06,0.96,-0.15
15:52:49,0.07,0.95,-0.15
15:52:49,0.07,0.96,-0.14
15:52:49,0.06,0.95,-0.15
15:52:49,0.06,0.97,-0.15
15:52:49,0.06,0.96,-0.14
15:52:50,0.06,0.96,-0.13
15:52:50,0.05,0.95,-0.15
15:52:50,0.05,0.96,-0.15
15:52:50,0.06,0.96,-0.15
15:52:50,0.02,0.96,-0.16
15:52:50,-0.00,1.03,-0.27
15:54:46,-0.54,0.85,-0.01
15:54:46,-0.55,0.87,-0.03
15:54:46,-0.49,0.87,-0.02
15:54:46,-0.49,0.84,-0.01
15:54:46,-0.43,0.84,-0.03
15:54:46,-0.47,0.82,-0.02
15:54:47,-0.49,0.84,-0.02
15:54:47,-0.47,0.85,-0.04
15:54:47,-0.48,0.84,-0.01
15:54:47,-0.47,0.83,-0.02
15:54:47,-0.48,0.84,-0.03
15:54:47,-0.47,0.85,-0.02
15:54:47,-0.48,0.84,-0.01
15:54:47,-0.47,0.85,-0.01
15:54:47,-0.48,0.85,-0.02
15:54:47,-0.47,0.85,-0.02
15:54:48,-0.46,0.85,-0.02
15:54:48,-0.47,0.84,-0.02
15:54:48,-0.47,0.84,-0.02
15:54:48,-0.47,0.84,-0.01
16:9:37,-0.45,-0.85,-0.34
16:9:37,-0.42,-0.83,-0.41
16:9:37,-0.48,-0.77,-0.41
16:9:37,-0.65,-0.64,-0.40
16:9:37,-0.93,-0.30,-0.34
16:9:37,-0.85,0.41,-0.31
16:9:37,-0.91,0.20,-0.29
16:9:37,-0.91,0.24,-0.25
16:9:37,-0.91,0.22,-0.23
16:9:38,-0.93,0.25,-0.21
16:9:38,-0.92,0.26,-0.18
16:9:38,-0.91,0.26,-0.18
16:9:38,-0.93,0.27,-0.16
16:9:38,-0.92,0.27,-0.16
16:9:38,-0.93,0.25,-0.15
16:9:38,-0.94,0.26,-0.15
16:9:38,-0.93,0.26,-0.15
16:9:38,-0.90,0.27,-0.16
16:9:38,-0.94,0.27,-0.12
16:9:39,-0.93,0.26,-0.14
16:9:39,-0.92,0.27,-0.14
16:9:39,-0.92,0.27,-0.14
16:9:39,-0.95,0.21,-0.08
16:9:39,-0.91,0.27,-0.15
16:9:39,-0.92,0.31,-0.12
16:9:39,-0.90,0.34,-0.16
16:9:39,-0.89,0.34,-0.14
16:26:8,0.50,0.85,0.04
16:26:8,0.48,0.85,0.04
16:26:9,0.49,0.84,0.04
16:26:9,0.50,0.84,0.04
16:26:9,0.49,0.84,0.03
16:26:9,0.62,0.65,0.40
16:26:9,0.80,0.89,-0.11
16:26:9,0.87,0.54,0.07
16:26:9,0.75,0.65,-0.01
16:26:9,0.73,0.67,-0.11
16:26:9,0.59,0.78,-0.12
16:26:9,0.63,0.75,-0.12
16:26:10,0.63,0.75,-0.12
16:26:10,0.63,0.74,-0.13
16:26:10,0.64,0.75,-0.13
16:26:10,0.63,0.74,-0.12
16:26:10,0.63,0.75,-0.12
16:26:10,0.62,0.75,-0.12
16:26:10,0.64,0.74,-0.12
16:26:10,0.64,0.74,-0.12
16:26:10,0.64,0.73,-0.12
16:26:10,0.64,0.74,-0.13
16:26:11,0.64,0.74,-0.11
16:26:11,0.65,0.74,-0.11
16:26:11,0.65,0.74,-0.11
16:26:11,0.64,0.74,-0.12
16:26:11,0.64,0.74,-0.12
16:26:11,0.64,0.74,-0.12
16:26:15,0.97,0.22,-0.11
16:26:15,0.97,0.22,-0.11
16:26:15,0.98,0.22,-0.11
16:26:15,0.98,0.23,-0.11
16:26:15,0.98,0.23,-0.12
16:26:15,0.98,0.23,-0.11
16:26:15,0.98,0.22,-0.11
16:26:15,0.98,0.23,-0.10
16:26:15,0.98,0.22,-0.12
16:26:15,0.97,0.23,-0.12
16:26:16,0.98,0.22,-0.12
16:26:16,0.98,0.21,-0.11
16:26:16,0.98,0.23,-0.12
16:26:16,0.98,0.23,-0.12
16:26:16,0.98,0.22,-0.12
16:26:16,0.98,0.23,-0.12
16:26:16,0.98,0.22,-0.11
16:26:16,0.98,0.22,-0.12
16:26:16,0.98,0.23,-0.12
16:26:16,0.98,0.21,-0.11
16:26:18,0.67,0.69,-0.10
16:26:19,0.68,0.72,-0.09
16:26:19,0.66,0.73,-0.11
16:26:19,0.71,0.73,-0.11
16:26:19,0.68,0.70,-0.11
16:26:19,0.78,0.68,-0.11
16:26:19,0.67,0.72,-0.09
16:26:19,0.68,0.73,-0.06
16:26:19,0.67,0.72,0.02
16:26:19,0.56,0.75,0.16
16:26:19,0.69,0.71,0.05
16:26:20,0.68,0.70,0.06
16:26:20,0.69,0.71,0.05
16:26:20,0.72,0.69,0.06
16:26:20,0.69,0.70,0.08
16:26:20,0.68,0.71,0.06
16:26:20,0.69,0.72,0.07
16:26:20,0.70,0.71,0.05
16:26:20,0.70,0.71,0.03
16:26:20,0.68,0.73,0.02
16:26:48,-0.05,0.97,-0.06
16:26:49,-0.04,0.97,-0.06
16:26:49,-0.05,0.98,-0.06
16:26:49,-0.05,0.96,-0.07
16:26:49,-0.05,0.96,-0.06
16:26:49,-0.14,1.04,-0.11
16:26:49,0.18,0.95,-0.04
16:26:49,0.11,0.96,-0.06
16:26:49,0.09,0.96,-0.04
16:26:49,0.08,0.98,-0.04
16:26:49,0.09,0.96,-0.06
16:26:50,0.08,0.95,-0.06
16:26:50,0.10,0.97,-0.04
16:26:50,0.08,0.96,-0.04
16:26:50,0.10,0.96,-0.04
16:26:50,0.05,0.96,-0.02
16:26:50,0.06,1.04,-0.07
16:26:50,0.09,0.97,-0.04
16:26:50,0.05,0.95,-0.04
16:26:50,0.05,0.97,-0.05
16:26:55,0.13,0.93,-0.25
16:26:55,0.11,0.93,-0.27
16:26:55,0.11,0.92,-0.27
16:26:55,0.19,0.89,-0.25
16:26:55,-0.01,0.85,-0.23
16:26:55,-0.19,0.94,-0.16
16:26:56,-0.22,0.92,-0.17
16:26:56,-0.21,0.92,-0.19
16:26:56,-0.18,0.93,-0.16
16:26:56,-0.20,0.93,-0.17
16:26:56,-0.21,0.93,-0.19
16:26:56,-0.26,0.90,-0.22
16:26:56,-0.30,0.88,-0.22
16:26:56,-0.36,0.85,-0.25
16:26:56,-0.39,0.82,-0.27
16:26:56,-0.63,0.69,-0.18
16:26:57,-0.75,0.47,-0.10
16:26:57,-0.37,-0.48,-0.03
16:26:57,-1.05,-0.16,-0.01
16:26:57,-0.96,-0.30,-0.01
16:26:57,-0.97,-0.11,-0.07
16:26:57,-0.96,-0.17,-0.07
16:26:57,-0.97,-0.17,-0.08
16:26:57,-0.97,-0.16,-0.08
16:26:57,-0.97,-0.17,-0.07
16:26:57,-0.97,-0.15,-0.08
16:26:57,-0.98,-0.16,-0.07
16:26:58,-0.97,-0.16,-0.08
16:26:58,-0.97,-0.16,-0.06
16:26:58,-0.97,-0.16,-0.06
16:26:58,-0.97,-0.16,-0.07
16:26:58,-0.98,-0.16,-0.07
16:26:58,-0.98,-0.14,-0.07
16:26:58,-0.97,-0.16,-0.06
16:26:58,-0.98,-0.14,-0.07
16:26:58,-0.97,-0.14,-0.06
16:26:58,-0.95,-0.16,-0.07
17:11:38,-0.41,0.78,-0.38
17:11:38,-0.40,0.76,-0.40
17:11:38,-0.42,0.80,-0.40
17:11:38,-0.40,0.80,-0.40
17:11:39,-0.39,0.80,-0.38
17:11:39,-0.41,0.79,-0.39
17:11:39,-0.40,0.79,-0.37
17:11:39,-0.40,0.79,-0.39
17:11:39,-0.40,0.79,-0.40
17:11:39,-0.40,0.78,-0.40
17:11:39,-0.39,0.78,-0.40
17:11:39,-0.39,0.79,-0.39
17:11:39,-0.40,0.78,-0.39
17:11:39,-0.39,0.77,-0.40
17:11:40,-0.39,0.78,-0.39
17:11:40,-0.39,0.78,-0.40
17:11:40,-0.39,0.78,-0.40
17:11:40,-0.39,0.80,-0.41
17:11:40,-0.39,0.79,-0.41
17:11:40,-0.39,0.79,-0.40
17:12:57,-0.09,0.85,-0.48
17:12:57,-0.11,0.86,-0.44
17:12:57,-0.08,0.85,-0.44
17:12:57,-0.07,0.85,-0.42
17:12:57,-0.09,0.87,-0.42
17:12:57,-0.05,0.85,-0.45
17:12:58,-0.08,0.86,-0.41
17:12:58,-0.08,0.86,-0.45
17:12:58,-0.08,0.87,-0.44
17:12:58,-0.08,0.85,-0.42
17:12:58,-0.09,0.85,-0.44
17:12:58,-0.09,0.87,-0.43
17:12:58,-0.10,0.87,-0.44
17:12:58,-0.11,0.87,-0.45
17:12:58,-0.09,0.86,-0.45
17:12:58,-0.10,0.84,-0.44
17:12:58,-0.10,0.85,-0.45
17:12:59,-0.08,0.86,-0.45
17:12:59,-0.08,0.86,-0.45
17:12:59,-0.08,0.85,-0.44
17:15:18,-0.36,0.91,0.01
17:15:18,-0.33,0.90,0.01
17:15:18,-0.34,0.91,0.03
17:15:18,-0.34,0.91,0.00
17:15:18,-0.32,0.94,-0.00
17:15:18,-0.31,0.92,0.01
17:15:18,-0.31,0.92,0.02
17:15:18,-0.30,0.92,0.02
17:15:19,-0.30,0.92,0.01
17:15:19,-0.30,0.93,0.01
17:15:19,-0.31,0.93,0.02
17:15:19,-0.31,0.92,0.00
17:15:19,-0.31,0.93,-0.01
17:15:19,-0.31,0.91,-0.01
17:15:19,-0.32,0.92,-0.01
17:15:19,-0.32,0.91,-0.03
17:15:19,-0.31,0.92,-0.01
17:15:19,-0.31,0.93,-0.01
17:15:20,-0.33,0.93,0.03
17:40:16,-0.74,0.70,0.28
17:40:16,-0.86,0.39,0.04
17:40:17,-0.88,0.40,0.17
17:40:17,-0.90,0.37,0.17
17:40:17,-0.92,0.31,0.15
17:40:17,-0.91,0.33,0.14
17:40:17,-0.92,0.32,0.15
17:40:17,-0.92,0.31,0.14
17:40:17,-0.92,0.31,0.14
17:40:17,-0.92,0.31,0.12
17:40:17,-0.92,0.28,0.12
17:40:17,-0.93,0.30,0.12
17:40:18,-0.93,0.28,0.12
17:40:18,-0.93,0.27,0.13
17:40:18,-0.93,0.29,0.09
17:40:18,-0.93,0.29,0.12
17:40:18,-0.93,0.29,0.10
17:40:18,-0.94,0.26,0.09
17:40:18,-0.93,0.28,0.11
17:40:18,-0.93,0.27,0.12
17:40:18,-0.93,0.28,0.12
17:40:18,-0.94,0.27,0.11
17:40:21,-0.91,-0.11,0.31
17:40:21,-0.95,-0.10,0.23
17:40:21,-0.97,-0.09,0.25
17:40:21,-0.95,-0.05,0.24
17:40:22,-0.94,-0.02,0.25
17:40:22,-0.89,-0.07,0.24
17:40:22,-0.91,-0.14,0.31
17:40:22,-0.95,-0.09,0.29
17:40:22,-0.98,-0.08,0.26
17:40:22,-0.95,-0.09,0.28
17:40:22,-0.96,-0.08,0.29
17:40:22,-0.96,-0.02,0.27
17:40:22,-0.94,-0.09,0.32
17:40:22,-0.96,-0.07,0.31
17:40:23,-0.93,-0.08,0.31
17:40:23,-0.94,-0.07,0.32
17:40:23,-0.95,-0.09,0.29
17:40:23,-0.94,-0.09,0.29
17:40:23,-0.94,-0.08,0.30
17:41:1,-0.96,0.02,-0.28
17:41:1,-0.95,0.03,-0.30
17:41:2,-0.94,0.03,-0.28
17:41:2,-0.94,0.01,-0.27
17:41:2,-0.93,-0.00,-0.29
17:41:2,-0.94,-0.01,-0.28
17:41:2,-0.93,-0.01,-0.31
17:41:2,-0.93,-0.02,-0.30
17:41:2,-0.93,-0.02,-0.29
17:41:2,-0.95,-0.06,-0.28
17:41:2,-0.92,-0.05,-0.27
17:41:2,-0.95,-0.16,-0.27
17:41:2,-0.94,-0.16,-0.29
17:41:3,-0.92,-0.12,-0.27
17:41:3,-0.94,-0.13,-0.27
17:41:3,-0.94,-0.13,-0.28
17:41:3,-0.95,-0.14,-0.26
17:41:3,-0.94,-0.15,-0.28
17:41:3,-0.92,-0.21,-0.26
17:41:3,-0.92,-0.23,-0.27
18:30:4,0.22,-0.97,-0.24
18:30:4,0.23,-0.97,-0.25
18:30:4,0.23,-0.98,-0.25
18:30:4,0.24,-0.98,-0.24
18:30:4,0.24,-0.97,-0.26
18:30:4,0.24,-0.98,-0.24
18:30:5,0.26,-0.97,-0.24
18:30:5,0.27,-0.98,-0.23
18:30:5,0.28,-0.97,-0.23
18:30:5,0.31,-0.94,-0.20
18:30:5,0.29,-0.95,-0.23
18:30:5,0.31,-0.96,-0.24
18:30:5,0.34,-0.94,-0.23
18:30:5,0.35,-0.96,-0.23
18:30:5,0.35,-0.95,-0.22
18:30:5,0.38,-0.94,-0.22
18:30:6,0.40,-0.93,-0.18
18:30:6,0.41,-0.93,-0.19
18:30:6,0.42,-0.94,-0.19
18:30:17,0.53,0.81,-0.00
18:30:17,0.64,0.76,-0.04
18:30:17,0.55,0.78,-0.09
18:30:17,0.44,0.82,-0.19
18:30:17,0.57,0.81,-0.15
18:30:17,0.67,0.74,-0.13
18:30:17,0.74,0.66,-0.12
18:30:18,0.75,0.63,-0.15
18:30:18,0.78,0.61,-0.14
18:30:18,0.81,0.57,-0.15
18:30:18,0.82,0.55,-0.12
18:30:18,1.28,0.09,-0.41
18:30:18,0.83,-0.75,-0.25
18:30:18,0.88,-0.54,-0.20
18:30:18,0.99,0.07,-0.14
18:30:18,0.96,-0.28,-0.20
18:30:18,0.98,-0.27,-0.17
18:30:19,0.98,-0.25,-0.15
18:30:19,0.98,-0.25,-0.14
18:30:19,0.98,-0.25,-0.15
18:30:19,0.97,-0.28,-0.17
18:30:19,0.98,-0.24,-0.15
18:30:19,0.99,-0.25,-0.17
18:30:19,0.99,-0.25,-0.16
18:30:19,0.98,-0.25,-0.16
18:30:19,0.99,-0.25,-0.16
18:30:19,0.98,-0.25,-0.14
18:30:20,0.98,-0.25,-0.16
18:30:20,0.98,-0.26,-0.16
18:30:20,0.98,-0.25,-0.16
18:30:20,0.97,-0.25,-0.16
18:30:20,0.98,-0.25,-0.16
18:30:20,0.98,-0.24,-0.16
18:30:22,0.95,-0.38,0.04
18:30:22,0.94,-0.41,0.02
18:30:22,0.92,-0.46,0.02
18:30:22,0.86,-0.60,-0.02
18:30:23,0.70,-0.73,-0.08
18:30:23,0.31,-0.94,-0.36
18:30:23,0.41,-0.92,-0.22
18:30:23,0.28,-0.98,-0.16
18:30:23,0.21,-1.01,-0.15
18:30:23,0.19,-1.01,-0.14
18:30:23,0.15,-1.04,-0.17
18:30:23,0.13,-1.02,-0.14
18:30:23,0.10,-1.02,-0.11
18:30:23,0.08,-1.01,-0.13
18:30:24,0.06,-1.04,-0.16
18:30:24,0.04,-1.02,-0.16
18:30:24,0.01,-0.99,-0.20
18:30:24,-0.00,-1.02,-0.22
18:30:24,-0.01,-1.01,-0.22
18:30:24,-0.05,-1.02,-0.26
18:30:24,-0.03,-0.99,-0.26
18:30:24,-0.03,-0.99,-0.27
18:30:24,-0.06,-0.99,-0.25
18:30:24,-0.06,-0.99,-0.28
18:30:25,-0.06,-0.99,-0.30
18:52:28,-0.88,0.20,-0.34
18:52:28,-0.83,0.39,-0.27
18:52:28,-0.79,0.13,-0.27
18:52:28,-0.71,0.43,-0.27
18:52:28,-0.78,0.51,-0.42
18:52:28,-0.89,0.33,-0.34
18:52:28,-1.21,0.40,-0.55
18:52:29,-1.32,0.60,-0.37
18:52:29,-0.93,0.34,-0.28
18:52:29,-0.94,0.39,-0.26
18:52:29,-0.60,0.26,-0.27
18:52:29,-0.75,0.28,-0.27
18:52:29,-0.77,0.27,-0.24
18:52:29,-0.78,0.33,-0.32
18:52:29,-0.84,0.32,-0.33
18:52:29,-0.84,0.37,-0.29
18:52:29,-0.87,0.41,-0.26
18:52:30,-0.84,0.39,-0.28
18:52:30,-0.86,0.38,-0.26
18:52:30,-0.85,0.35,-0.28
18:52:30,-0.87,0.32,-0.27
18:52:30,-0.88,0.38,-0.26
18:52:39,-0.53,1.20,0.37
18:52:39,-0.32,0.95,-0.06
18:52:39,-0.31,0.92,-0.05
18:52:39,-0.32,0.90,-0.06
18:52:40,-0.31,0.91,-0.07
18:52:40,-0.31,0.91,-0.07
18:52:40,-0.32,0.91,-0.07
18:52:40,-0.30,0.92,-0.07
18:52:40,-0.25,0.93,-0.08
18:52:40,-0.23,0.93,-0.08
18:52:40,-0.21,0.94,-0.09
18:52:40,-0.20,0.94,-0.10
18:52:40,-0.19,0.94,-0.09
18:52:40,-0.19,0.95,-0.11
18:52:41,-0.18,0.94,-0.11
18:52:41,-0.13,0.95,-0.10
18:52:41,-0.13,0.96,-0.10
18:52:41,-0.11,0.95,-0.11
18:52:41,-0.06,0.96,-0.12
18:52:41,-0.00,0.96,-0.13
18:52:41,0.09,0.96,-0.12
18:52:41,0.16,0.96,-0.12
18:53:52,1.05,-0.09,0.06
18:53:52,1.00,-0.04,0.08
18:53:52,1.02,-0.06,0.06
18:53:53,1.02,-0.04,0.07
18:53:53,1.02,-0.05,0.07
18:53:53,1.02,-0.04,0.07
18:53:53,1.02,-0.04,0.06
18:53:53,1.02,-0.05,0.06
18:53:53,1.00,-0.08,0.06
18:53:53,1.00,0.15,0.09
18:53:53,1.02,0.04,0.06
18:53:53,1.01,0.02,0.06
18:53:53,1.01,-0.01,0.05
18:53:54,1.00,-0.05,0.05
18:53:54,1.03,0.01,0.05
18:53:54,1.02,0.01,0.04
18:53:54,1.02,-0.00,0.07
18:53:54,1.02,0.02,0.04
18:53:54,1.02,0.03,0.05
18:53:54,1.02,-0.01,0.04
19:30:39,0.66,0.05,-0.25
19:30:39,0.96,-0.13,-0.20
19:30:39,0.70,0.03,-0.21
19:30:39,0.93,-0.01,-0.09
19:30:39,0.75,0.44,-0.04
19:30:40,0.93,0.43,0.05
19:30:40,0.71,0.70,-0.24
19:30:40,0.52,0.65,-0.26
19:30:40,0.69,0.73,0.02
19:30:40,0.64,0.78,-0.13
19:30:40,0.61,0.78,-0.09
19:30:40,0.60,0.77,-0.09
19:30:40,0.61,0.79,-0.12
19:30:40,0.61,0.79,-0.10
19:30:40,0.60,0.79,-0.09
19:30:41,0.56,0.60,-0.15
19:30:41,0.51,0.89,-0.08
19:30:41,0.58,0.80,-0.12
19:30:41,0.59,0.79,-0.12
19:30:41,0.54,0.82,-0.10
19:30:41,0.57,0.82,-0.09
19:30:41,0.53,0.81,-0.10
19:30:41,0.53,0.83,-0.10
19:30:41,0.55,0.82,-0.10
19:30:41,0.54,0.81,-0.11
19:30:42,0.54,0.82,-0.09
19:30:42,0.53,0.83,-0.09
19:30:42,0.53,0.82,-0.10
19:30:44,0.69,0.62,-0.38
19:30:44,0.48,0.55,-0.36
19:30:45,1.65,0.11,-0.03
19:30:45,1.12,-0.23,-0.19
19:30:45,1.06,0.03,0.04
19:30:45,1.02,0.07,0.05
19:30:45,1.03,-0.00,0.04
19:30:45,1.01,0.01,0.03
19:30:45,1.02,0.01,0.04
19:30:45,1.01,0.01,0.03
19:30:45,1.02,0.02,0.03
19:30:45,1.02,0.02,0.04
19:30:46,1.02,0.04,0.03
19:30:46,1.02,0.03,0.03
19:30:46,1.02,0.04,0.02
19:30:46,1.01,0.06,0.00
19:30:46,1.02,0.06,0.01
19:30:46,1.02,0.05,0.00
19:30:46,1.02,0.07,0.00
19:30:46,1.02,0.10,-0.03
19:30:46,1.02,0.09,-0.02
19:30:46,1.01,0.10,-0.02
19:30:47,1.01,0.11,-0.03
19:30:47,1.00,0.14,-0.02
19:30:58,0.07,0.88,-0.41
19:30:59,0.08,0.88,-0.40
19:30:59,0.08,0.87,-0.42
19:30:59,0.07,0.87,-0.41
19:30:59,0.08,0.88,-0.39
19:30:59,0.08,0.88,-0.40
19:30:59,0.07,0.88,-0.39
19:30:59,0.07,0.88,-0.41
19:30:59,0.08,0.88,-0.42
19:30:59,0.06,0.88,-0.40
19:30:59,0.07,0.89,-0.40
19:31:0,0.08,0.88,-0.40
19:31:0,0.06,0.87,-0.38
19:31:0,0.06,0.87,-0.40
19:31:0,0.10,0.90,-0.40
19:31:0,0.08,0.87,-0.38
19:31:0,0.06,0.87,-0.38
19:31:0,0.06,0.88,-0.39
19:31:0,0.07,0.89,-0.39
