0:1:19,36.7,34.7,30.6,32.1,52,2054,3467
0:2:19,36.6,34.7,30.6,32.0,52,2054,3469
0:3:19,36.7,34.8,30.5,32.0,52,2054,3478
0:4:19,36.6,34.9,30.7,32.1,52,2054,3453
0:5:19,36.6,34.8,30.6,32.1,52,2054,3467
0:6:19,36.7,34.8,30.7,32.1,52,2054,3453
0:7:19,36.7,34.8,30.6,32.1,52,2054,3464
0:8:19,36.6,34.7,30.6,32.0,52,2054,3475
0:9:19,36.7,34.8,30.7,32.1,52,2054,3450
0:10:19,36.7,34.9,30.5,32.0,52,2054,3475
0:11:19,36.6,34.8,30.6,32.3,52,2032,3472
0:12:19,36.7,34.7,30.6,32.0,52,2032,3467
0:13:19,36.7,34.8,30.6,32.1,52,2032,3453
0:14:19,36.7,34.7,30.7,32.0,52,2032,3458
0:15:19,36.8,34.8,30.7,32.1,52,2032,3453
0:16:19,36.8,34.7,30.6,32.2,52,2019,3456
0:17:19,36.8,34.8,30.7,32.1,52,2019,3472
0:18:19,36.7,34.8,30.7,32.0,52,2032,3461
0:19:19,36.8,34.8,30.5,32.0,52,2019,3478
0:20:19,36.8,34.8,30.7,32.1,52,2019,3461
0:21:19,36.8,34.9,30.7,32.0,52,2032,3467
0:22:19,36.9,34.8,30.6,32.2,52,2019,3453
0:23:19,36.7,34.9,30.7,32.1,52,2032,3450
0:24:19,36.9,34.8,30.7,32.0,52,2019,3472
0:25:18,36.6,34.7,30.8,31.7,51,2005,3461
0:26:18,36.0,33.5,31.0,35.4,51,2054,3450
0:27:18,35.2,32.4,31.3,36.9,51,2096,3453
0:28:18,35.0,31.7,31.8,37.3,52,2126,3464
0:29:18,34.9,31.5,32.1,37.5,53,2140,3467
0:30:18,34.8,31.2,32.4,37.6,53,2140,3464
0:31:18,34.8,31.0,32.7,37.6,53,2140,3458
0:32:18,34.8,31.0,32.9,37.7,53,2178,3464
0:33:18,34.7,30.9,32.9,37.7,53,2178,3464
0:34:18,34.6,30.9,33.0,37.7,53,2207,3453
0:35:17,34.8,30.9,33.1,37.7,54,2191,3448
0:36:17,34.7,30.9,33.1,37.7,54,2207,3475
0:37:17,34.8,30.9,33.2,37.7,54,2226,3464
0:38:17,34.8,30.9,33.2,37.6,54,2242,3478
0:39:17,34.8,30.9,33.2,37.8,54,2242,3467
0:40:17,34.8,30.9,33.2,37.8,54,2255,3448
0:41:17,34.8,30.8,33.3,37.8,54,2269,3456
0:42:16,34.8,30.9,33.4,37.7,54,2269,3475
0:43:16,34.8,30.9,33.3,37.7,54,2269,3467
0:44:16,34.8,31.0,33.4,37.9,54,2287,3480
0:45:16,34.8,30.9,33.4,38.0,54,2304,3458
0:46:16,34.9,30.9,33.4,37.8,54,2304,3478
0:47:16,34.9,30.9,33.5,37.8,54,2304,3478
0:48:15,34.8,30.9,33.3,37.9,54,2304,3453
0:49:15,34.9,30.9,33.5,37.8,54,2320,3469
0:50:15,34.9,31.0,33.5,37.9,54,2320,3464
0:51:15,34.9,30.9,33.5,37.8,54,2320,3453
0:52:15,34.9,31.0,33.5,37.9,54,2338,3464
0:53:15,34.8,30.9,33.5,37.7,54,2338,3453
0:54:14,34.9,30.8,33.5,37.8,54,2338,3467
0:55:14,34.7,31.0,33.4,37.8,54,2357,3467
0:56:14,34.9,31.0,33.5,37.9,54,2357,3464
0:57:14,34.8,30.9,33.6,37.8,54,2357,3467
0:58:14,34.9,31.0,33.5,37.9,54,2370,3456
0:59:14,34.7,31.0,33.5,37.9,54,2357,3458
1:0:14,35.0,31.0,33.6,37.9,54,2370,3461
1:1:13,34.9,31.0,33.5,37.9,54,2386,3472
1:2:13,34.9,31.0,33.5,37.8,54,2370,3464
1:3:13,35.0,31.0,33.5,37.8,54,2370,3456
1:4:13,35.0,31.0,33.5,37.9,54,2386,3467
1:5:13,34.9,31.0,33.5,37.9,54,2386,3469
1:6:12,34.9,30.8,33.5,37.9,54,2386,3448
1:7:12,35.0,31.0,33.5,37.8,54,2386,3453
1:8:12,35.0,31.0,33.5,37.8,54,2386,3469
1:9:12,35.0,30.9,33.5,37.9,54,2402,3464
1:10:12,34.9,31.0,33.6,37.8,54,2402,3475
1:11:12,35.0,31.1,33.5,37.9,54,2423,3464
1:12:11,35.1,31.1,33.4,37.9,54,2423,3478
1:13:11,35.1,31.1,33.5,37.9,54,2423,3478
1:14:11,35.0,31.2,33.1,37.4,54,2386,3442
1:15:11,36.5,32.5,32.7,36.5,54,2423,3483
1:16:11,37.0,33.4,32.6,35.7,54,2442,3469
1:17:10,37.4,34.1,32.5,35.3,54,2459,3456
1:18:10,37.5,34.6,32.5,34.8,54,2476,3472
1:19:10,37.6,35.0,32.5,34.8,53,2501,3478
1:20:10,37.6,35.2,32.5,34.8,53,2501,3464
1:21:10,37.6,35.4,32.5,34.7,52,2516,3464
1:22:9,37.6,35.6,32.5,34.6,52,2516,3453
1:23:9,37.6,35.6,32.4,34.8,52,2535,3467
1:24:9,37.8,35.7,32.6,34.7,52,2516,3467
1:25:8,37.7,35.8,32.6,34.6,51,2556,3469
1:26:8,37.7,36.0,32.6,34.8,51,2556,3467
1:27:8,37.7,35.8,32.6,34.9,51,2556,3478
1:28:8,37.8,35.8,32.7,34.8,51,2556,3472
1:29:7,37.7,36.0,32.7,34.9,51,2576,3458
1:30:7,37.9,36.0,32.7,34.9,51,2576,3461
1:31:7,37.8,36.0,32.8,35.0,51,2576,3478
1:32:7,37.8,36.1,32.8,35.0,50,2556,3472
1:33:6,37.8,36.0,32.8,34.9,50,2593,3475
1:34:6,37.9,36.1,32.7,34.9,50,2576,3472
1:35:6,37.9,36.1,32.8,35.0,50,2593,3475
1:36:5,37.8,36.2,32.9,34.9,50,2593,3478
1:37:5,37.9,36.2,32.8,34.9,50,2593,3450
1:38:5,37.9,36.3,32.8,35.1,50,2593,3478
1:39:4,37.8,36.2,32.9,35.0,50,2610,3467
1:40:4,37.9,36.3,32.9,34.9,50,2610,3469
1:41:4,37.9,36.4,32.9,34.8,50,2593,3461
1:42:4,37.8,36.4,32.9,34.7,49,2593,3483
1:43:3,38.0,36.4,32.9,34.7,50,2593,3480
1:44:3,37.9,36.5,32.9,34.7,49,2593,3469
1:45:3,37.9,36.5,32.9,34.6,49,2610,3489
1:46:2,37.9,36.4,32.9,34.6,49,2610,3478
1:47:2,38.0,36.4,32.8,34.6,49,2593,3464
1:48:2,37.9,36.5,32.9,34.6,49,2593,3472
1:49:1,37.9,36.5,32.7,34.7,49,2593,3475
1:50:1,37.9,36.3,32.9,34.7,49,2593,3478
1:51:1,37.8,36.5,32.9,34.7,49,2593,3464
1:52:1,37.9,36.4,32.8,34.6,49,2593,3489
1:53:0,37.9,36.4,32.8,34.6,49,2593,3480
1:54:0,37.8,36.5,32.9,34.6,49,2593,3467
1:55:0,37.9,36.6,32.8,34.6,49,2593,3480
1:55:59,38.0,36.5,32.8,34.7,49,2576,3456
1:56:59,37.8,36.4,32.8,34.6,49,2593,3467
1:57:59,37.8,36.4,32.8,34.7,49,2593,3472
1:58:59,37.9,36.4,32.8,34.6,49,2593,3475
1:59:58,37.9,36.5,32.8,34.6,49,2593,3469
2:0:58,37.9,36.4,32.9,34.5,49,2593,3483
2:1:58,37.9,36.5,32.8,34.6,49,2593,3475
2:2:57,37.9,36.5,32.8,34.5,49,2593,3475
2:3:57,37.8,36.5,32.9,34.5,49,2593,3478
2:4:57,38.0,36.6,32.9,34.6,49,2593,3461
2:5:57,37.9,36.5,32.9,34.5,49,2593,3478
2:6:56,37.9,36.4,32.8,34.6,49,2593,3472
2:7:56,37.9,36.4,32.9,34.6,49,2593,3472
2:8:56,37.8,36.4,32.9,34.7,49,2593,3472
2:9:55,38.0,36.4,32.8,34.7,49,2593,3475
2:10:55,37.9,36.4,32.8,34.6,49,2593,3478
2:11:55,37.9,36.4,32.9,34.7,49,2593,3467
2:12:55,37.9,36.4,32.8,34.6,49,2593,3467
2:13:54,37.9,36.5,33.0,34.6,49,2576,3480
2:14:57,37.5,36.6,32.8,34.4,49,1737,3458
2:15:54,37.0,37.4,33.5,33.9,49,2630,3478
2:16:53,36.6,37.8,34.2,33.7,50,2610,3494
2:17:53,36.4,37.9,34.6,33.6,49,2630,3475
2:18:53,36.2,37.9,35.1,33.6,49,2650,3475
2:19:53,36.1,38.1,35.4,33.6,49,2650,3464
2:20:53,36.1,38.0,35.6,33.6,49,2671,3475
2:21:52,36.0,37.9,35.7,33.7,49,2704,3478
2:22:52,36.1,38.1,35.9,33.6,49,2739,3469
2:23:52,36.0,38.2,36.0,33.7,49,2719,3472
2:24:51,36.0,38.1,36.0,33.8,49,2739,3464
2:25:51,36.0,38.1,36.2,33.7,49,2739,3472
2:26:51,36.1,38.1,36.1,33.7,49,2757,3472
2:27:51,36.1,38.1,36.2,33.8,49,2757,3480
2:28:50,36.1,38.0,36.2,33.8,49,2783,3475
2:29:50,36.2,38.1,36.3,33.9,49,2801,3475
2:30:50,36.1,38.1,36.2,34.0,49,2801,3480
2:31:50,36.1,38.1,36.3,34.0,49,2801,3483
2:32:49,36.0,38.1,36.2,34.0,49,2822,3483
2:33:49,36.1,38.2,36.5,33.9,49,2822,3469
2:34:49,36.0,38.2,36.4,34.0,49,2845,3469
2:35:48,36.2,38.2,36.4,34.0,49,2845,3472
2:36:48,36.2,38.2,36.5,34.0,49,2845,3489
2:37:48,36.2,38.2,36.4,34.1,49,2855,3491
2:38:48,36.2,38.1,36.5,34.0,49,2855,3483
2:39:47,36.2,38.2,36.5,34.1,49,2880,3483
2:40:47,36.2,38.2,36.4,34.0,49,2880,3478
2:41:47,36.3,38.2,36.5,34.1,49,2880,3464
2:42:46,36.3,38.2,36.5,34.2,49,2880,3478
2:43:46,36.2,38.2,36.6,34.2,49,2906,3475
2:44:46,36.2,38.3,36.5,34.2,49,2906,3483
2:45:45,36.3,38.2,36.4,34.2,49,2927,3483
2:46:45,36.2,38.1,36.5,34.2,49,2927,3483
2:47:45,36.3,38.2,36.5,34.2,49,2927,3478
2:48:44,36.3,38.1,36.5,34.4,49,2927,3469
2:49:44,36.3,38.3,36.5,34.2,49,2927,3502
2:50:44,36.4,38.2,36.6,34.4,49,2959,3489
2:51:44,36.3,38.2,36.6,34.3,49,2959,3489
2:52:43,36.2,38.1,36.6,34.3,49,2959,3480
2:53:43,36.2,38.1,36.6,34.1,49,2977,3453
2:54:43,35.3,37.6,36.9,34.0,49,2906,3478
2:55:42,35.2,37.9,36.9,33.9,49,2880,3467
2:56:42,35.3,38.2,36.9,34.1,49,2906,3478
2:57:42,35.4,38.2,36.9,34.0,49,2927,3448
2:58:42,35.2,38.1,36.9,34.2,49,2927,3472
2:59:41,35.4,38.2,36.9,34.2,49,2959,3467
3:0:41,35.5,38.1,37.0,34.2,49,2959,3472
3:1:41,35.4,38.2,37.1,34.3,49,2977,3483
3:2:40,35.5,38.1,37.0,34.2,49,2959,3478
3:3:40,35.5,38.2,36.9,34.3,49,2977,3475
3:4:40,35.4,38.2,36.9,34.3,49,3001,3480
3:5:39,35.5,38.2,37.0,34.4,49,3001,3458
3:6:39,35.5,38.2,37.0,34.3,49,3001,3478
3:7:39,35.4,38.2,37.1,34.3,49,3001,3478
3:8:39,35.5,38.1,37.1,34.4,49,3001,3475
3:9:38,35.6,38.2,37.0,34.4,48,3030,3472
3:10:38,35.5,38.2,37.1,34.4,49,3030,3469
3:11:38,35.4,38.2,36.9,34.3,49,3030,3491
3:12:37,35.5,38.1,37.0,34.4,49,3050,3480
3:13:37,35.4,38.1,37.1,34.3,48,3030,3472
3:14:37,35.5,38.2,37.1,34.5,49,3030,3472
3:15:36,35.3,38.0,37.0,34.3,49,3030,3475
3:16:36,35.5,38.1,37.0,34.3,49,3030,3469
3:17:36,35.5,38.2,37.2,34.3,49,3050,3500
3:18:35,35.4,38.0,37.1,34.3,48,3050,3480
3:19:35,35.5,38.1,37.0,34.3,49,3050,3472
3:20:35,35.4,38.0,37.0,34.5,48,3050,3478
3:21:35,35.3,38.1,37.2,34.5,48,3030,3475
3:22:34,35.1,36.8,36.8,34.6,49,2927,3450
3:23:34,35.1,37.4,36.4,34.2,47,2880,3453
3:24:34,35.2,37.9,36.5,34.1,47,2855,3467
3:25:33,35.3,37.9,36.7,34.1,48,2855,3461
3:26:33,35.3,38.2,36.9,34.1,47,2855,3472
3:27:33,35.4,38.1,37.0,34.3,47,2845,3475
3:28:33,35.5,38.2,37.1,34.2,47,2845,3464
3:29:32,35.6,38.2,37.0,34.3,47,2845,3478
3:30:32,35.5,38.2,37.2,34.3,46,2845,3475
3:31:32,35.6,38.3,37.3,34.3,46,2855,3483
3:32:32,35.7,38.3,37.3,34.4,46,2845,3453
3:33:31,35.9,38.3,37.3,34.4,46,2855,3478
3:34:31,35.9,38.3,37.3,34.4,46,2822,3469
3:35:31,35.9,38.3,37.4,34.6,46,2855,3464
3:36:30,35.9,38.3,37.5,34.6,46,2855,3453
3:37:30,36.0,38.3,37.5,34.6,46,2845,3478
3:38:30,36.0,38.4,37.5,34.6,46,2855,3453
3:39:29,35.9,38.4,37.5,34.6,46,2845,3461
3:40:29,36.0,38.4,37.6,34.6,46,2845,3469
3:41:29,36.1,38.5,37.6,34.6,45,2845,3480
3:42:28,35.9,38.4,37.5,34.6,46,2845,3475
3:43:28,36.0,38.4,37.5,34.8,45,2845,3464
3:44:28,36.2,38.5,37.6,34.7,45,2845,3469
3:45:27,36.0,38.4,37.6,34.8,45,2845,3489
3:46:27,36.1,38.5,37.5,34.7,45,2845,3486
3:47:27,36.1,38.5,37.5,34.7,45,2845,3478
3:48:26,36.1,38.5,37.6,34.7,45,2822,3467
3:49:26,36.2,38.4,37.6,34.8,45,2822,3469
3:50:26,36.3,38.5,37.6,34.8,45,2822,3478
3:51:25,36.2,38.3,37.7,34.8,45,2822,3472
3:52:25,36.1,38.5,37.6,34.8,45,2822,3478
3:53:25,36.2,38.4,37.7,34.8,45,2801,3483
3:54:24,36.1,38.5,37.6,34.7,45,2801,3489
3:55:24,36.1,38.4,37.7,34.8,45,2801,3467
3:56:24,36.2,38.4,37.7,34.8,45,2801,3480
3:57:23,36.3,38.5,37.6,34.7,45,2801,3475
3:58:23,36.1,38.4,37.7,34.9,45,2801,3469
3:59:23,36.2,38.5,37.7,34.9,45,2801,3475
4:0:22,36.2,38.5,37.7,34.8,45,2801,3467
4:1:22,36.1,38.6,37.6,34.8,45,2783,3472
4:2:22,36.2,38.5,37.6,35.0,45,2783,3464
4:3:21,36.2,38.4,37.6,34.8,44,2783,3478
4:4:21,36.3,38.4,37.7,34.8,44,2757,3478
4:5:21,36.1,38.5,37.7,34.8,44,2757,3467
4:6:20,36.2,38.4,37.7,34.8,45,2783,3475
4:7:20,36.2,38.6,37.5,34.7,45,2757,3475
4:8:20,36.2,38.6,37.5,34.8,45,2757,3464
4:9:19,36.2,38.5,37.7,34.8,44,2757,3464
4:10:19,36.2,38.5,37.6,34.8,44,2739,3475
4:11:19,36.2,38.5,37.7,34.7,44,2739,3489
4:12:18,36.1,38.5,37.6,35.0,44,2739,3453
4:13:18,36.2,38.5,37.7,34.9,44,2739,3453
4:14:18,36.3,38.5,37.6,34.8,44,2719,3478
4:15:17,36.1,38.6,37.7,34.9,44,2739,3483
4:16:17,36.2,38.5,37.7,34.9,44,2719,3483
4:17:16,36.2,38.5,37.7,34.8,44,2719,3478
4:18:16,36.2,38.5,37.5,34.8,44,2719,3483
4:19:16,36.2,38.5,37.6,34.9,44,2719,3478
4:20:15,36.3,38.6,37.6,34.8,44,2719,3480
4:21:15,36.2,38.5,37.7,34.8,44,2719,3467
4:22:15,36.3,38.6,37.7,34.8,44,2719,3453
4:23:14,36.2,38.6,37.7,35.0,44,2719,3469
4:24:14,36.3,38.6,37.7,34.9,44,2719,3478
4:25:14,36.2,38.6,37.6,34.7,44,2704,3472
4:26:13,36.1,38.3,36.6,33.7,44,2255,3407
4:27:13,35.8,38.1,35.9,33.1,43,2556,3478
4:28:13,35.4,38.1,35.6,32.7,43,2476,3478
4:29:13,35.1,37.9,35.4,32.5,43,2423,3472
4:30:12,34.9,37.8,35.2,32.3,43,2370,3486
4:31:12,34.9,37.8,35.0,32.1,43,2304,3467
4:32:12,34.5,37.8,35.0,31.9,44,2269,3483
4:33:12,34.3,37.7,34.9,31.9,44,2242,3469
4:34:12,34.2,37.6,34.8,31.7,44,2207,3469
4:35:12,34.1,37.5,34.7,31.5,44,2140,3483
4:36:12,34.0,37.5,34.5,31.5,44,2126,3458
4:37:12,33.8,37.6,34.5,31.4,44,2096,3469
4:38:12,33.7,37.3,34.4,31.3,44,2070,3469
4:39:12,33.7,37.4,34.3,31.3,44,2032,3472
4:40:12,33.6,37.3,34.2,31.1,44,2005,3483
4:41:12,33.5,37.3,34.2,31.1,44,1998,3475
4:42:12,33.4,37.2,34.1,31.1,44,1964,3475
4:43:12,33.4,37.2,34.0,31.0,44,1942,3467
4:44:12,33.4,37.3,34.1,30.8,45,1912,3472
4:45:12,33.2,37.0,34.0,30.8,45,1912,3469
4:46:12,33.2,37.2,33.9,30.8,44,1870,3472
4:47:12,33.1,37.0,33.8,30.7,44,1858,3464
4:48:12,33.3,37.1,33.9,30.6,45,1839,3475
4:49:12,33.1,37.2,33.8,30.7,44,1827,3475
4:50:13,32.9,37.1,33.8,30.5,45,1806,3467
4:51:13,33.0,37.0,33.7,30.5,44,1792,3437
4:52:13,32.9,36.9,33.7,30.5,45,1768,3469
4:53:13,33.0,36.9,33.6,30.5,45,1768,3461
4:54:13,32.9,37.0,33.6,30.5,45,1748,3478
4:55:13,32.8,36.9,33.6,30.5,45,1737,3472
4:56:13,32.8,37.1,33.6,30.6,45,1710,3464
4:57:13,32.8,36.9,33.6,30.3,45,1710,3472
4:58:13,32.8,36.9,33.6,30.3,45,1698,3467
4:59:13,32.7,37.0,33.5,30.3,45,1693,3453
5:0:13,32.8,37.0,33.5,30.3,45,1676,3467
5:1:14,32.6,36.9,33.5,30.3,45,1670,3467
5:2:14,32.7,37.0,33.5,30.3,45,1659,3472
5:3:14,32.7,36.8,33.5,30.3,45,1647,3475
5:4:14,32.6,36.9,33.5,30.3,45,1638,3469
5:5:14,32.7,36.9,33.4,30.3,45,1627,3453
5:6:14,32.6,36.9,33.4,30.3,45,1627,3469
5:7:14,32.6,36.9,33.5,30.3,45,1609,3453
5:8:14,32.6,36.9,33.3,30.3,45,1609,3478
5:9:15,32.6,36.9,33.3,30.2,45,1597,3475
5:10:15,32.6,36.9,33.4,30.2,45,1587,3464
5:11:15,32.5,36.9,33.2,30.2,45,1574,3461
5:12:15,32.5,36.8,33.4,30.3,45,1564,3461
5:13:15,32.6,36.8,33.3,30.1,45,1564,3478
5:14:15,32.6,36.9,33.2,30.1,45,1564,3478
5:15:15,32.5,36.9,33.4,30.1,45,1559,3472
5:16:15,32.5,36.9,33.3,30.3,45,1542,3467
5:17:16,32.5,36.9,33.3,30.0,45,1537,3478
5:18:16,32.5,36.9,33.2,30.1,45,1527,3467
5:19:16,32.5,37.0,33.3,30.1,45,1519,3472
5:20:16,32.5,36.8,33.3,30.1,45,1519,3450
5:21:16,32.5,36.7,33.2,30.1,45,1508,3448
5:22:16,32.5,36.8,33.3,30.1,45,1508,3478
5:23:16,32.4,36.7,33.2,30.0,45,1498,3448
5:24:17,32.3,36.7,33.3,30.2,45,1488,3480
5:25:17,32.6,36.8,33.3,30.3,46,1508,3445
5:26:17,33.3,37.0,33.4,30.6,46,1559,3456
5:27:17,33.7,37.0,33.7,31.2,47,1609,3469
5:28:17,33.9,37.4,34.1,31.8,47,1659,3469
5:29:17,34.4,37.5,34.2,32.0,47,1693,3453
5:30:17,34.5,37.7,34.4,32.3,47,1720,3475
5:31:17,34.9,37.8,34.6,32.5,47,1758,3458
5:32:17,35.0,37.9,34.9,32.8,47,1792,3467
5:33:16,35.1,37.9,35.1,32.9,46,1817,3467
5:34:16,35.2,37.9,35.3,33.0,46,1827,3467
5:35:16,35.4,38.1,35.4,33.2,46,1851,3469
5:36:16,35.5,38.1,35.4,33.2,46,1851,3461
5:37:16,35.6,38.0,35.6,33.4,46,1897,3475
5:38:15,35.6,38.1,35.7,33.5,46,1912,3464
5:39:15,35.6,38.2,35.8,33.6,46,1924,3478
5:40:15,35.9,38.2,35.9,33.6,46,1942,3478
5:41:15,35.9,38.3,35.9,33.7,45,1964,3458
5:42:15,35.9,38.2,36.0,33.7,45,1964,3469
5:43:14,35.9,38.2,36.0,33.8,45,1978,3464
5:44:14,35.9,38.3,35.9,33.9,45,1998,3469
5:45:14,35.8,38.1,36.0,33.9,45,2005,3469
5:46:13,35.8,38.3,36.2,33.8,45,2005,3464
5:47:13,36.0,38.3,36.1,33.8,45,2019,3464
5:48:13,36.0,38.3,36.0,34.0,45,2032,3472
5:49:13,36.1,38.3,36.2,34.0,45,2054,3478
5:50:12,36.0,38.3,36.2,34.0,45,2054,3478
5:51:12,36.0,38.3,36.2,34.1,45,2054,3475
5:52:12,36.0,38.4,36.3,34.1,45,2070,3478
5:53:12,36.1,38.3,36.3,34.1,45,2070,3489
5:54:11,36.1,38.4,36.3,34.1,45,2070,3467
5:55:11,36.1,38.3,36.4,34.1,45,2084,3469
5:56:11,36.1,38.4,36.3,34.2,45,2084,3483
5:57:10,36.1,38.4,36.4,34.3,45,2084,3461
5:58:10,36.0,38.3,36.5,34.2,45,2096,3464
5:59:10,36.1,38.4,36.5,34.1,45,2096,3467
6:0:10,36.1,38.5,36.2,34.2,44,2118,3472
6:1:9,36.1,38.3,36.4,34.1,45,2118,3475
6:2:9,36.1,38.4,36.4,34.2,45,2126,3464
6:3:9,35.9,38.4,36.4,34.2,44,2126,3478
6:4:9,36.0,38.4,36.3,34.1,44,2126,3467
6:5:8,36.0,38.4,36.4,34.1,44,2140,3456
6:6:8,36.1,38.4,36.4,34.2,44,2140,3453
6:7:8,36.2,38.4,36.4,34.2,44,2140,3480
6:8:7,36.1,38.5,36.4,34.3,44,2140,3475
6:9:7,36.0,38.4,36.4,34.2,44,2156,3464
6:10:7,36.0,38.4,36.5,34.2,44,2156,3464
6:11:7,36.1,38.4,36.4,34.3,44,2156,3478
6:12:6,36.2,38.4,36.4,34.3,44,2156,3456
6:13:6,36.0,38.4,36.4,34.3,44,2156,3467
6:14:6,36.1,38.5,36.6,34.4,44,2178,3486
6:15:5,36.1,38.4,36.5,34.3,44,2178,3464
6:16:5,36.1,38.5,36.5,34.2,44,2178,3464
6:17:5,36.2,38.5,36.4,34.2,44,2178,3453
6:18:5,36.2,38.4,36.5,34.2,44,2191,3464
6:19:4,36.2,38.3,36.6,34.2,44,2191,3475
6:20:4,36.1,38.5,36.6,34.3,44,2191,3453
6:21:4,36.1,38.5,36.4,34.3,44,2191,3467
6:22:3,36.1,38.4,36.5,34.3,44,2191,3478
6:23:3,36.1,38.3,36.5,34.3,44,2191,3469
6:24:3,36.1,38.5,36.6,34.3,44,2207,3453
6:25:3,36.0,38.5,36.5,34.2,44,2207,3469
6:26:2,36.1,38.5,36.4,34.3,44,2226,3472
6:27:2,36.1,38.5,36.5,34.3,44,2207,3458
6:28:2,36.1,38.4,36.5,34.3,44,2207,3475
6:29:1,36.0,38.5,36.6,34.3,44,2207,3472
6:30:1,36.1,38.5,36.5,34.2,44,2207,3467
6:31:1,36.3,38.5,36.6,34.2,44,2226,3478
6:32:1,36.3,38.5,36.5,34.3,44,2226,3456
6:33:0,36.2,38.5,36.5,34.2,44,2226,3478
6:34:0,36.2,38.6,36.5,34.4,44,2226,3461
6:35:0,36.2,38.4,36.6,34.3,44,2226,3475
6:35:59,36.2,38.5,36.5,34.4,44,2226,3475
6:36:59,36.0,38.5,36.4,34.4,44,2226,3475
6:37:59,36.2,38.4,36.5,34.2,44,2226,3472
6:38:59,36.2,38.5,36.6,34.4,44,2242,3478
6:39:58,36.2,38.5,36.6,34.3,44,2226,3458
6:40:58,36.1,38.5,36.5,34.4,44,2242,3469
6:41:58,36.1,38.4,36.5,34.4,44,2226,3472
6:42:57,36.3,38.6,36.6,34.2,44,2226,3464
6:43:57,36.1,38.4,36.6,34.2,44,2242,3478
6:44:57,36.0,38.4,36.4,34.1,44,2191,3478
6:45:57,36.3,38.2,36.2,34.7,43,2126,3467
6:46:56,36.5,38.4,36.0,34.4,43,2178,3453
6:47:56,36.4,38.5,35.8,33.9,45,2207,3469
6:48:56,36.5,38.4,35.7,33.7,45,2226,3461
6:49:55,36.5,38.4,35.5,33.5,46,2242,3472
6:50:55,36.6,38.5,35.6,33.4,46,2242,3461
6:51:55,36.6,38.5,35.5,33.1,46,2255,3461
6:52:55,36.4,38.4,35.5,33.1,47,2255,3458
6:53:54,36.6,38.4,35.5,33.0,47,2255,3458
6:54:54,36.4,38.5,35.4,32.9,47,2255,3456
6:55:54,36.5,38.3,35.4,32.9,47,2269,3464
6:56:54,36.3,38.2,35.2,32.8,47,2269,3461
6:57:53,36.4,38.3,35.3,32.8,48,2269,3464
6:58:53,36.3,38.3,35.3,32.6,47,2269,3448
6:59:53,36.3,38.3,35.2,32.8,47,2269,3478
7:0:53,36.3,38.4,35.1,32.6,47,2269,3453
7:1:52,36.4,38.3,35.1,32.7,48,2269,3467
7:2:52,36.2,38.3,35.2,32.5,48,2269,3464
7:3:52,36.2,38.2,35.1,32.5,47,2269,3445
7:4:52,36.3,38.2,35.0,32.5,48,2269,3456
7:5:51,36.2,38.2,35.1,32.4,48,2269,3472
7:6:51,36.1,38.2,35.0,32.5,48,2269,3458
7:7:51,36.1,38.2,34.9,32.4,48,2269,3448
7:8:51,36.1,38.2,35.0,32.4,48,2269,3456
7:9:50,36.2,38.1,35.1,32.3,48,2269,3442
7:10:50,36.1,38.2,35.0,32.4,48,2269,3467
7:11:50,36.0,38.1,35.0,32.4,48,2269,3448
7:12:50,36.1,38.2,35.0,32.4,48,2269,3458
7:13:50,36.0,38.1,34.9,32.3,48,2269,3467
7:14:49,36.0,38.1,34.9,32.4,48,2287,3453
7:15:49,36.0,38.1,34.9,32.3,48,2287,3450
7:16:49,36.0,38.1,34.8,32.3,48,2287,3461
7:17:49,36.1,38.0,35.0,32.3,48,2287,3442
7:18:49,36.0,38.1,34.9,32.3,48,2269,3456
7:19:48,35.9,38.1,34.8,32.2,48,2287,3456
7:20:48,36.1,38.2,34.8,32.3,48,2287,3456
7:21:48,36.0,38.2,34.9,32.2,48,2269,3458
7:22:48,35.9,38.1,34.9,32.2,48,2287,3461
7:23:48,36.0,38.2,34.8,32.3,48,2287,3456
7:24:47,35.8,38.2,34.8,32.1,48,2287,3453
7:25:47,35.9,38.1,34.9,32.2,48,2287,3453
7:26:47,35.9,38.1,34.8,32.2,48,2287,3445
7:27:47,35.9,38.1,34.8,32.2,48,2287,3469
7:28:47,36.0,38.1,34.7,32.1,48,2287,3453
7:29:46,35.9,38.1,34.7,32.3,48,2287,3456
7:30:46,35.8,38.1,34.8,32.1,48,2287,3464
7:31:46,35.9,38.1,34.8,32.2,48,2304,3442
7:32:46,36.0,38.2,34.8,32.1,48,2304,3442
7:33:45,35.9,38.2,34.8,32.2,48,2304,3442
7:34:45,36.0,38.2,34.7,32.2,48,2304,3458
7:35:45,36.0,38.0,34.8,32.3,48,2386,3467
7:36:45,35.8,38.0,35.9,32.7,49,2386,3453
7:37:45,35.3,37.9,37.0,33.0,49,2402,3461
7:38:44,34.9,38.0,37.5,33.2,48,2255,3461
7:39:44,34.6,38.0,37.8,33.3,49,2423,3448
7:40:44,34.5,38.1,37.8,33.5,48,2442,3472
7:41:44,34.5,38.0,37.9,33.5,48,2442,3448
7:42:44,34.5,37.9,38.0,33.7,48,2442,3456
7:43:43,34.4,38.1,37.9,33.6,48,2459,3467
7:44:43,34.2,38.0,38.1,33.6,48,2459,3456
7:45:43,34.3,37.9,37.9,33.6,48,2476,3450
7:46:43,34.2,38.1,38.0,33.7,48,2476,3453
7:47:42,34.2,37.9,37.9,33.7,48,2476,3469
7:48:42,34.2,37.9,37.9,33.7,48,2501,3453
7:49:42,34.1,37.9,37.8,33.8,48,2476,3469
7:50:42,34.1,38.1,38.1,33.6,48,2501,3469
7:51:42,34.1,38.0,37.9,33.7,48,2501,3456
7:52:41,34.1,38.1,38.0,33.6,48,2516,3464
7:53:41,34.0,37.9,38.0,33.7,48,2501,3467
7:54:41,34.2,37.9,37.8,33.7,48,2516,3461
7:55:41,34.1,37.9,37.9,33.7,48,2516,3448
7:56:41,34.1,38.0,37.9,33.7,48,2516,3467
7:57:40,34.1,38.0,37.8,33.7,48,2516,3453
7:58:40,34.0,37.9,38.0,33.7,48,2535,3475
7:59:40,34.2,37.9,37.8,33.6,48,2516,3458
8:0:40,34.1,37.9,38.0,33.6,49,2535,3458
8:1:40,34.0,38.0,37.9,33.6,48,2535,3467
8:2:39,34.0,37.0,37.6,33.9,48,2535,3464
8:3:39,34.2,36.3,37.7,34.0,48,2476,3442
8:4:39,33.8,36.5,37.9,34.0,48,2501,3467
8:5:39,33.7,36.6,38.0,34.2,48,2501,3469
8:6:39,33.5,36.8,38.1,34.2,48,2501,3467
8:7:38,33.3,36.9,38.1,34.2,48,2501,3456
8:8:38,33.3,36.8,38.1,34.3,48,2501,3456
8:9:38,33.3,36.9,38.2,34.3,48,2501,3448
8:10:38,33.2,36.8,38.1,34.2,48,2501,3464
8:11:38,33.3,36.9,38.2,34.4,48,2516,3458
8:12:37,33.2,37.0,38.1,34.4,48,2516,3453
8:13:37,33.2,37.0,38.2,34.2,48,2516,3461
8:14:37,33.2,37.0,38.2,34.3,48,2516,3467
8:15:37,33.1,36.9,38.2,34.4,48,2535,3456
8:16:36,33.2,36.9,38.1,34.4,48,2516,3480
8:17:36,33.1,36.9,38.2,34.4,48,2535,3467
8:18:36,33.2,37.0,38.1,34.4,48,2516,3464
8:19:36,33.2,37.0,38.2,34.4,48,2535,3453
8:20:36,33.2,36.9,38.2,34.4,48,2535,3467
8:21:35,33.1,37.0,38.2,34.3,48,2535,3453
8:22:35,33.2,37.0,38.2,34.3,48,2535,3450
8:23:35,33.3,37.0,38.2,34.4,48,2535,3461
8:24:35,33.2,37.1,38.3,34.3,48,2535,3458
8:25:35,33.2,36.9,38.3,34.4,48,2535,3461
8:26:34,33.3,37.0,38.0,34.5,48,2535,3450
8:27:34,34.0,36.5,37.7,34.9,48,2535,3456
8:28:34,34.0,35.9,38.1,36.2,48,2576,3453
8:29:34,33.7,35.6,38.2,36.9,49,2593,3442
8:30:33,33.7,35.6,38.3,37.2,49,2593,3458
8:31:33,33.7,35.5,38.3,37.4,48,2610,3445
8:32:33,33.5,35.3,38.4,37.5,49,2630,3483
8:33:32,33.4,35.5,38.3,37.4,49,2630,3450
8:34:32,33.3,35.4,38.4,37.6,48,2630,3461
8:35:32,33.4,35.4,38.3,37.6,49,2630,3464
8:36:32,33.4,35.4,38.4,37.6,48,2650,3453
8:37:31,33.2,35.3,38.4,37.7,48,2630,3453
8:38:31,33.3,35.4,38.6,37.6,48,2630,3464
8:39:31,33.2,35.2,38.5,37.6,48,2593,3458
8:40:31,33.2,35.2,38.4,37.5,48,2630,3478
8:41:30,33.1,35.1,38.4,37.6,48,2630,3458
8:42:30,33.2,35.1,38.4,37.6,48,2630,3461
8:43:30,33.1,35.2,38.5,37.6,48,2630,3458
8:44:29,33.1,35.0,38.5,37.6,48,2610,3456
8:45:29,33.1,35.0,38.3,37.6,48,2610,3453
8:46:29,33.1,35.0,38.4,37.6,48,2610,3453
8:47:29,33.1,35.1,38.4,37.8,48,2610,3450
8:48:28,33.1,35.1,38.4,37.7,48,2630,3445
8:49:28,33.0,35.1,38.4,37.6,48,2630,3461
8:50:28,33.1,35.2,38.3,37.6,48,2630,3467
8:51:28,33.0,35.1,38.4,37.6,48,2630,3467
8:52:27,33.0,35.2,38.5,37.5,48,2630,3450
8:53:27,33.2,35.2,38.5,37.6,48,2650,3453
8:54:27,33.1,35.2,38.4,37.6,48,2650,3456
8:55:27,33.3,35.2,38.3,37.7,48,2650,3467
8:56:26,33.2,35.2,38.4,37.8,48,2650,3448
8:57:26,33.1,35.1,38.4,37.7,48,2650,3469
8:58:26,33.1,35.2,38.5,37.9,48,2650,3453
8:59:26,33.2,35.4,38.3,38.0,48,2650,3478
9:0:25,33.4,35.6,38.1,37.4,48,2593,3467
9:1:25,33.6,35.4,37.9,38.2,48,2671,3442
9:2:25,33.9,35.0,37.5,38.4,49,2671,3445
9:3:24,34.1,34.6,37.6,38.6,49,2650,3464
9:4:24,34.0,34.4,37.6,38.6,49,2650,3461
9:5:24,33.9,34.2,37.3,38.5,49,2650,3445
9:6:24,34.0,33.9,37.3,38.6,49,2630,3458
9:7:23,33.9,33.9,37.3,38.6,49,2610,3448
9:8:23,33.8,33.7,37.3,38.5,49,2610,3461
9:9:23,33.8,33.7,37.2,38.5,49,2593,3456
9:10:23,33.7,33.6,37.2,38.5,49,2593,3453
9:11:22,33.7,33.5,37.2,38.6,49,2576,3458
9:12:22,33.7,33.5,37.2,38.4,49,2556,3458
9:13:22,33.6,33.4,37.1,38.4,49,2535,3456
9:14:22,33.6,33.5,36.9,38.5,50,2535,3456
9:15:21,33.6,33.4,37.1,38.4,50,2516,3453
9:16:21,33.6,33.2,37.1,38.5,50,2516,3450
9:17:21,33.5,33.2,37.0,38.5,50,2501,3448
9:18:21,33.5,33.2,37.0,38.4,50,2476,3439
9:19:21,33.5,33.2,37.0,38.5,50,2476,3445
9:20:20,33.4,33.1,37.0,38.5,49,2459,3442
9:21:20,33.6,33.1,36.9,38.5,50,2459,3453
9:22:20,33.4,33.0,37.0,38.4,50,2459,3472
9:23:20,33.5,33.1,36.9,38.4,50,1806,3404
9:24:20,34.0,33.2,36.3,38.1,50,2370,3453
9:25:19,34.1,33.1,36.1,38.3,49,2386,3442
9:26:19,34.1,32.8,36.2,38.4,50,2386,3442
9:27:19,34.3,32.6,36.1,38.5,50,2386,3453
9:28:19,34.4,32.6,36.0,38.5,50,2386,3472
9:29:18,34.5,32.4,36.0,38.6,50,2386,3442
9:30:18,34.6,32.3,36.1,38.7,50,2386,3456
9:31:18,34.5,32.4,35.9,38.6,51,2386,3439
9:32:18,34.6,32.2,36.0,38.6,50,2386,3442
9:33:17,34.5,32.3,36.0,38.3,50,2304,3448
9:34:17,34.0,32.7,36.8,38.2,50,2442,3445
9:35:17,33.6,33.0,37.4,38.1,50,2402,3450
9:36:17,33.4,33.1,37.6,37.9,49,2386,3456
9:37:17,33.1,33.4,37.8,37.8,49,2370,3456
9:38:16,33.1,33.5,37.8,37.6,49,2357,3461
9:39:16,33.1,33.6,37.9,37.6,48,2338,3442
9:40:16,33.0,33.7,38.0,37.7,48,2287,3458
9:41:16,32.9,33.7,37.8,37.3,48,2226,3456
9:42:16,32.7,33.7,36.1,34.9,48,2140,3458
9:43:16,32.5,33.4,34.7,33.3,45,1978,3453
9:44:16,31.9,33.1,33.3,32.0,45,1839,3453
9:45:16,31.5,32.5,32.3,31.0,45,1698,3445
9:46:16,31.0,32.1,31.5,30.3,45,1597,3456
9:47:17,30.4,31.7,30.7,29.6,46,1488,3439
9:48:17,29.8,31.1,29.7,29.1,47,1387,3442
9:49:18,29.4,30.7,29.1,28.4,47,1296,3437
9:50:18,29.0,30.1,28.5,27.8,48,1198,3439
9:51:19,28.4,29.7,28.0,27.5,48,1136,3456
9:52:19,28.0,29.3,27.8,27.1,49,1069,3439
9:53:20,27.7,29.1,27.5,26.7,49,1013,3445
9:54:21,27.3,28.6,27.3,26.5,50,959,3437
9:55:22,27.0,28.3,27.0,26.2,50,920,3437
9:56:23,26.8,28.1,26.8,26.1,51,890,3450
9:57:24,26.6,27.9,26.5,25.9,52,857,3445
9:58:25,26.3,27.6,26.4,25.8,53,825,3445
9:59:25,26.1,27.4,26.2,25.7,53,785,3439
10:0:26,25.9,27.2,25.8,25.6,54,765,3431
10:1:27,25.7,27.1,25.7,25.5,54,738,3423
10:2:28,25.5,26.8,25.5,25.4,54,718,3434
10:3:30,25.5,26.7,25.5,25.3,55,693,3409
10:4:31,25.3,26.5,25.5,25.2,55,676,3437
10:5:32,25.3,26.4,26.9,25.5,56,697,3412
10:6:33,25.2,26.6,30.1,26.6,59,791,3417
10:7:33,25.3,26.9,31.6,27.8,69,895,3431
10:8:34,25.7,27.5,32.5,28.8,73,997,3426
10:9:35,26.1,28.1,33.2,29.7,76,1098,3409
10:10:35,26.5,28.6,33.6,30.3,78,1201,3409
10:11:36,26.9,29.2,33.7,30.7,79,1320,3423
10:12:36,27.3,29.5,34.1,31.1,80,1434,3409
10:13:36,27.6,29.9,34.3,31.4,81,1559,3439
10:14:37,28.0,30.2,34.4,31.6,82,1676,3409
10:15:37,28.2,30.5,34.4,31.7,83,1806,3434
10:16:37,28.3,30.7,34.5,31.8,83,1942,3407
10:17:38,28.5,30.7,34.6,32.1,83,2070,3423
10:18:38,28.8,31.0,34.6,32.2,84,2207,3420
10:19:38,28.8,31.2,34.8,32.4,84,2357,3431
10:20:38,29.0,31.3,34.8,32.3,85,2476,3412
10:21:38,29.2,31.5,35.0,32.4,85,2630,3445
10:22:39,29.2,31.6,35.1,32.5,85,2783,3409
10:23:39,29.2,31.6,35.2,32.5,85,2906,3437
10:24:39,29.3,31.8,35.1,32.4,85,3050,3420
10:25:39,29.6,31.8,35.2,32.4,85,3179,3428
10:26:39,29.5,32.0,35.3,32.4,85,3314,3426
10:27:39,29.6,32.0,35.1,32.4,85,3456,3434
10:28:39,29.6,32.1,35.1,32.4,85,3614,3431
10:29:40,29.7,32.0,35.1,32.4,84,3741,3423
10:30:40,29.7,32.2,35.2,32.4,85,3876,3415
10:31:40,29.7,32.2,35.1,32.4,84,3988,3420
10:32:40,29.8,32.1,35.2,32.4,84,4075,3431
10:33:40,29.9,32.2,35.2,32.4,83,4250,3420
10:34:40,29.8,32.2,35.2,32.5,83,4372,3431
10:35:40,29.9,32.3,35.2,32.4,82,4452,3426
10:36:40,29.9,32.3,35.0,32.4,81,2704,3368
10:37:40,30.7,35.1,34.2,32.2,80,4530,3426
10:38:40,31.3,36.3,34.0,32.3,79,4657,3431
10:39:40,31.9,36.8,34.1,32.5,77,4803,3434
10:40:40,32.4,37.0,34.2,32.7,74,4945,3445
10:41:40,32.8,37.2,34.3,32.9,73,4992,3420
10:42:40,33.1,37.3,34.6,32.9,71,5192,3420
10:43:40,33.4,37.4,34.8,33.0,69,5307,3448
10:44:40,33.6,37.5,34.8,33.2,67,5353,3428
10:45:40,33.8,37.5,34.9,33.3,66,5419,3431
10:46:40,33.9,37.5,35.1,33.4,65,5461,3442
10:47:40,34.0,37.6,35.2,33.5,63,5461,3431
10:48:40,34.1,37.7,35.3,33.6,62,5461,3431
10:49:39,34.3,37.7,35.4,33.7,62,5520,3431
10:50:39,34.4,37.7,35.4,33.7,60,5520,3442
10:51:39,34.5,37.8,35.6,33.8,60,5520,3442
10:52:39,34.5,37.8,35.6,33.8,59,5520,3428
10:53:39,34.6,37.9,35.7,33.8,58,5461,3445
10:54:38,34.6,37.8,35.7,34.0,58,5461,3439
10:55:38,34.7,37.8,35.9,34.1,57,5461,3431
10:56:38,34.7,37.9,35.7,34.1,57,5419,3445
10:57:38,34.8,37.8,35.8,34.1,57,5419,3453
10:58:37,34.7,37.8,35.8,34.1,56,5419,3431
10:59:37,34.9,37.9,35.8,34.1,56,5353,3437
11:0:37,34.9,37.9,36.0,34.1,55,5353,3450
11:1:37,35.0,37.8,35.9,34.2,55,5307,3450
11:2:36,35.0,37.9,36.0,34.2,55,5242,3458
11:3:36,35.0,38.0,36.1,34.2,55,5242,3437
11:4:36,35.0,37.9,35.9,34.3,54,5192,3450
11:5:36,35.1,38.0,36.0,34.2,54,5192,3439
11:6:35,35.1,37.8,36.1,34.2,54,5152,3445
11:7:35,35.2,38.0,36.3,34.1,54,5152,3461
11:8:35,35.2,38.0,36.0,34.3,54,5087,3450
11:9:35,35.0,37.9,36.2,34.1,53,5087,3426
11:10:34,34.9,37.9,36.2,34.3,53,5041,3456
11:11:34,35.1,37.9,36.0,34.2,53,4992,3439
11:12:34,35.0,38.0,36.0,34.2,53,4992,3442
11:13:34,35.0,38.1,36.1,34.2,52,4945,3445
11:14:33,35.0,38.1,36.1,34.1,53,4893,3442
11:15:33,35.1,37.9,36.1,34.1,52,4893,3442
11:16:33,35.1,38.0,36.1,34.0,52,4855,3437
11:17:33,35.1,38.0,36.1,34.1,52,4803,3445
11:18:32,35.2,38.0,36.1,34.1,52,4803,3448
11:19:32,35.2,37.9,36.0,34.1,52,4756,3437
11:20:32,35.2,38.0,36.1,34.0,52,4712,3439
11:21:32,35.1,37.9,36.0,34.0,51,4712,3456
11:22:31,35.1,37.9,36.1,33.9,51,4657,3456
11:23:31,35.0,38.0,36.0,33.8,51,4613,3439
11:24:31,35.1,38.0,36.1,33.9,51,4613,3448
11:25:31,35.2,37.9,35.9,33.8,51,4564,3442
11:26:30,35.0,37.9,36.0,33.8,51,4530,3431
11:27:30,35.2,38.1,36.0,33.8,50,4492,3445
11:28:30,35.1,37.9,36.1,33.8,50,4452,3439
11:29:30,35.1,38.0,36.1,33.8,50,4452,3445
11:30:29,35.1,37.9,36.0,33.7,50,4406,3439
11:31:29,35.0,37.9,35.9,33.8,50,4372,3450
11:32:29,35.1,37.9,36.0,33.7,50,4339,3456
11:33:29,35.0,37.9,35.8,33.7,50,4339,3456
11:34:28,35.1,37.9,35.8,33.7,50,4290,3431
11:35:28,35.0,38.0,35.8,33.5,50,4250,3428
11:36:28,35.2,37.6,35.8,33.3,50,4530,3322
11:37:28,35.3,37.7,35.6,33.5,50,4712,3456
11:38:27,35.5,37.8,35.5,33.6,51,4712,3442
11:39:27,35.6,37.8,35.6,33.8,51,4712,3448
11:40:27,35.9,38.0,35.6,34.0,51,4756,3448
11:41:27,35.9,37.9,35.7,34.0,51,4803,3467
11:42:26,36.1,37.9,35.6,34.3,51,4492,3453
11:43:26,36.2,38.0,35.6,34.1,51,4855,3458
11:44:26,36.2,38.0,35.7,34.2,51,4855,3458
11:45:25,36.3,38.1,35.8,34.4,51,4855,3450
11:46:25,36.3,38.0,35.9,34.4,51,4893,3453
11:47:25,36.2,38.1,36.0,34.4,51,4893,3450
11:48:24,36.4,38.1,35.9,34.4,51,4893,3442
11:49:24,36.4,38.1,36.0,34.5,51,4945,3442
11:50:24,36.5,38.1,35.9,34.5,51,4893,3448
11:51:23,36.4,38.1,36.0,34.5,50,4893,3461
11:52:23,36.5,38.2,36.0,34.5,51,4893,3448
11:53:23,36.4,38.1,36.0,34.5,50,4893,3456
11:54:22,36.6,38.1,36.0,34.7,50,4893,3445
11:55:22,36.7,38.2,36.1,34.6,50,4893,3464
11:56:22,36.5,38.2,36.1,34.6,50,4893,3461
11:57:21,36.6,38.2,36.1,34.7,50,4893,3448
11:58:21,36.5,38.2,36.1,34.6,50,4855,3467
11:59:21,36.6,38.3,36.2,34.5,50,4855,3464
12:0:20,36.7,38.2,36.2,34.7,50,4855,3456
12:1:20,36.7,38.2,36.1,34.7,50,4855,3445
12:2:19,36.7,38.2,36.2,34.6,50,4855,3437
12:3:19,36.7,38.2,36.2,34.6,50,4803,3461
12:4:19,36.6,38.2,36.3,34.6,50,4803,3448
12:5:18,36.5,38.2,36.3,34.6,50,4803,3450
12:6:18,36.6,38.3,36.1,34.6,49,4803,3456
12:7:18,36.6,38.1,36.2,34.7,50,4756,3456
12:8:17,36.5,38.3,36.2,34.6,49,4756,3450
12:9:17,36.6,38.3,36.3,34.6,49,4756,3464
12:10:16,36.6,38.3,36.4,34.6,49,4712,3448
12:11:16,36.6,38.3,36.3,34.6,49,4712,3464
12:12:16,36.7,38.2,36.2,34.6,49,4712,3461
12:13:15,36.6,38.3,36.2,34.7,49,4657,3453
12:14:15,36.7,38.2,36.3,34.6,49,4657,3467
12:15:15,36.7,38.3,36.3,34.5,49,4613,3467
12:16:14,36.8,38.2,36.3,34.7,49,4613,3453
12:17:14,36.6,38.3,36.4,34.6,49,4613,3453
12:18:13,36.6,38.2,36.3,34.5,49,4613,3442
12:19:13,36.6,38.3,36.2,34.6,49,4564,3464
12:20:13,36.6,38.3,36.3,34.5,49,4530,3453
12:21:12,36.7,38.2,36.4,34.6,49,4530,3461
12:22:12,36.7,38.3,36.1,34.6,49,4530,3453
12:23:12,36.7,38.2,36.3,34.5,49,4530,3464
12:24:11,36.7,38.3,36.3,34.6,49,4492,3461
12:25:11,36.7,38.2,36.3,34.5,49,4492,3456
12:26:10,36.6,38.2,36.3,34.6,49,4492,3478
12:27:10,36.6,38.2,36.2,34.5,49,4452,3478
12:28:10,36.5,38.2,36.2,34.5,49,4452,3453
12:29:9,36.6,38.2,36.3,34.5,48,4406,3450
12:30:9,36.7,38.2,36.3,34.5,49,4406,3458
12:31:9,36.7,38.3,36.2,34.5,49,4406,3453
12:32:8,36.6,38.2,36.2,34.5,48,4372,3458
12:33:8,36.6,38.3,36.2,34.6,49,4372,3461
12:34:7,36.6,38.4,36.2,34.5,49,4372,3453
12:35:7,36.7,38.2,36.3,34.6,48,4339,3458
12:36:7,36.5,38.2,36.2,34.5,48,4339,3450
12:37:6,36.8,38.1,36.2,34.4,48,4339,3464
12:38:6,36.7,38.3,36.3,34.5,48,4339,3453
12:39:6,36.6,38.3,36.2,34.5,48,4290,3453
12:40:5,36.7,38.3,36.3,34.5,48,4290,3467
12:41:5,36.6,38.2,36.3,34.5,48,4290,3456
12:42:4,36.6,38.2,36.1,34.5,48,4290,3469
12:43:4,36.7,38.3,36.3,34.5,48,4198,3442
12:44:4,36.6,38.2,36.3,34.5,48,4198,3461
12:45:3,36.5,38.2,36.3,34.5,48,4250,3442
12:46:3,36.7,38.3,36.3,34.5,48,4250,3461
12:47:3,36.7,38.2,36.2,34.6,48,4198,3458
12:48:2,36.6,38.4,36.1,34.6,48,4198,3464
12:49:2,36.6,38.3,36.2,34.5,48,4198,3458
12:50:2,36.6,38.2,36.2,34.6,48,4174,3448
12:51:1,36.7,38.3,36.2,34.4,48,4174,3456
12:52:1,36.8,38.2,36.2,34.4,48,4174,3456
12:53:0,36.6,38.3,36.3,34.6,48,4138,3461
12:54:0,36.8,38.3,36.2,34.6,48,4138,3453
12:55:0,36.6,38.3,36.1,34.5,48,4138,3464
12:55:59,36.7,38.3,36.3,34.6,48,4138,3464
12:56:59,36.7,38.2,36.2,34.5,48,4075,3448
12:57:59,36.7,38.3,36.3,34.5,48,4075,3467
12:58:58,36.6,38.2,36.1,34.5,48,4075,3442
12:59:58,36.7,38.3,36.3,34.5,48,4075,3453
13:0:57,36.6,38.2,36.3,34.4,48,4075,3456
13:1:57,36.6,38.3,36.3,34.5,48,4075,3456
13:2:57,36.7,38.3,36.2,34.5,48,4045,3448
13:3:56,36.7,38.3,36.2,34.5,48,4045,3464
13:4:56,36.7,38.3,36.2,34.5,48,4045,3453
13:5:56,36.7,38.3,36.3,34.4,48,4045,3467
13:6:55,36.7,38.4,36.2,34.5,48,4011,3450
13:7:55,36.7,38.3,36.1,34.5,48,4011,3461
13:8:54,36.6,38.3,36.4,34.5,48,4011,3461
13:9:54,36.5,37.9,36.0,34.0,48,3290,3445
13:10:54,35.9,37.3,37.0,34.6,48,3083,3439
13:11:53,35.2,37.0,37.9,35.0,48,3107,3434
13:12:53,34.9,36.8,38.1,35.1,48,3128,3420
13:13:53,34.6,36.9,38.2,35.2,48,3128,3420
13:14:52,34.5,36.8,38.4,35.4,48,3152,3434
13:15:52,34.5,36.8,38.2,35.5,48,3152,3439
13:16:52,34.4,36.7,38.3,35.6,48,3179,3434
13:17:51,34.3,36.7,38.3,35.6,48,3179,3415
13:18:51,34.3,36.7,38.3,35.7,48,3179,3431
13:19:51,34.4,36.6,38.3,35.8,48,3212,3439
13:20:50,34.4,36.6,38.2,35.7,48,3212,3434
13:21:50,34.3,36.5,38.3,35.8,48,3234,3426
13:22:50,34.4,36.7,38.2,35.9,48,3234,3426
13:23:49,34.3,36.8,38.3,35.9,48,3234,3431
13:24:49,34.5,36.6,38.3,35.8,48,3234,3439
13:25:49,34.4,36.7,38.3,35.9,48,3255,3409
13:26:48,34.4,36.7,38.3,35.9,48,3255,3439
13:27:48,34.4,36.7,38.3,35.9,48,3255,3437
13:28:48,34.4,36.8,38.3,35.9,48,3255,3407
13:29:48,34.4,36.7,38.3,36.0,48,3255,3423
13:30:47,34.4,36.7,38.3,35.9,48,3255,3437
13:31:47,34.5,36.7,38.3,36.0,48,3255,3445
13:32:47,34.5,36.6,38.3,35.9,49,3290,3420
13:33:46,34.6,36.7,38.3,36.1,48,3290,3439
13:34:46,34.6,36.7,38.2,36.1,48,3290,3431
13:35:46,34.6,36.7,38.3,36.0,48,3290,3439
13:36:45,34.6,36.8,38.3,36.1,49,3314,3445
13:37:45,34.7,36.8,38.3,35.9,48,3314,3431
13:38:45,34.6,36.8,38.5,36.2,48,3314,3428
13:39:44,34.7,36.8,38.4,36.0,48,3314,3442
13:40:44,34.8,36.9,38.3,36.1,49,3314,3439
13:41:44,34.7,36.9,38.3,36.1,48,3334,3439
13:42:43,34.8,36.7,38.4,36.1,49,3334,3445
13:43:43,34.9,36.8,38.4,36.2,48,3334,3431
13:44:42,34.8,36.8,38.4,36.2,49,3255,3434
13:45:42,34.8,36.7,38.4,36.3,49,3375,3431
13:46:42,34.9,36.8,38.4,36.3,49,3375,3420
13:47:41,34.8,36.9,38.4,36.4,49,3375,3445
13:48:41,34.9,36.7,38.4,36.3,49,3375,3420
13:49:41,34.9,36.8,38.5,36.2,49,3400,3445
13:50:40,35.0,36.7,38.4,36.3,48,3400,3439
13:51:40,35.0,36.7,38.3,36.4,49,3400,3426
13:52:40,35.0,36.8,38.5,36.4,48,3400,3426
13:53:39,35.0,36.7,38.4,36.5,48,3400,3437
13:54:39,35.0,36.8,38.5,36.4,48,3427,3423
13:55:38,35.1,36.8,38.5,36.4,48,3427,3437
13:56:38,35.0,36.8,38.4,36.5,48,3427,3426
13:57:38,35.1,36.9,38.5,36.4,49,3427,3439
13:58:37,35.0,36.8,38.5,36.6,48,3427,3450
13:59:37,35.1,36.7,38.5,36.5,49,3427,3437
14:0:37,35.1,36.8,38.4,36.5,49,3427,3420
14:1:36,35.0,36.8,38.5,36.6,49,3456,3431
14:2:36,35.3,36.7,38.5,36.5,49,3489,3428
14:3:36,35.1,36.6,38.4,36.4,49,3234,3428
14:4:35,34.7,36.3,38.4,36.0,48,2719,3412
14:5:35,34.4,36.1,38.4,36.3,47,2719,3431
14:6:35,34.1,35.9,38.3,36.4,47,2719,3415
14:7:34,34.0,35.8,38.3,36.6,47,2704,3412
14:8:34,33.9,35.7,38.4,36.5,47,2704,3407
14:9:34,33.9,35.5,38.5,36.7,47,2704,3412
14:10:33,33.8,35.5,38.3,36.7,47,2671,3401
14:11:33,33.7,35.4,38.3,36.7,48,2671,3409
14:12:33,33.6,35.3,38.3,36.7,47,2650,3404
14:13:33,33.7,35.2,38.3,36.6,47,2630,3415
14:14:32,33.6,35.3,38.4,36.6,47,2630,3412
14:15:32,33.6,35.3,38.2,36.6,48,2630,3415
14:16:32,33.5,35.2,38.3,36.6,47,2610,3423
14:17:32,33.6,35.2,38.3,36.6,48,2610,3409
14:18:31,33.4,35.1,38.4,36.7,47,2630,3423
14:19:31,33.5,34.7,37.6,36.5,48,2757,3420
14:20:31,33.8,34.3,37.1,37.9,46,2757,3412
14:21:31,34.0,34.0,36.8,38.3,47,2757,3417
14:22:30,34.2,33.8,36.6,38.3,48,2757,3398
14:23:30,34.3,33.7,36.5,38.5,48,2757,3398
14:24:30,34.4,33.6,36.6,38.5,48,2739,3409
14:25:30,34.5,33.6,36.5,38.4,48,2739,3434
14:26:29,34.6,33.6,36.5,38.6,49,2739,3417
14:27:29,34.6,33.5,36.5,38.4,49,2739,3423
14:28:29,34.7,33.5,36.4,38.5,49,2739,3423
14:29:28,34.7,33.6,36.4,38.4,49,2739,3409
14:30:28,34.8,33.5,36.5,38.6,49,2739,3417
14:31:28,34.7,33.5,36.5,38.5,49,2739,3445
14:32:27,34.8,33.6,36.3,38.5,49,2719,3407
14:33:27,34.9,33.5,36.6,38.6,49,2719,3409
14:34:27,34.8,33.5,36.5,38.4,49,2739,3407
14:35:27,34.8,33.5,36.4,38.5,49,2739,3412
14:36:26,35.0,33.5,36.5,38.3,49,2719,3409
14:37:26,35.0,33.4,36.4,38.4,49,2719,3420
14:38:26,34.9,33.5,36.6,38.5,49,2739,3398
14:39:25,34.8,33.5,36.4,38.5,49,2739,3420
14:40:25,35.0,33.4,36.5,38.5,49,2719,3404
14:41:25,34.9,33.4,36.5,38.4,49,2719,3412
14:42:24,34.9,33.4,36.5,38.4,49,2739,3407
14:43:24,34.9,33.4,36.5,38.4,49,2719,3428
14:44:24,34.9,33.5,36.4,38.5,49,2719,3409
14:45:24,34.9,33.4,36.4,38.4,49,2671,3409
14:46:23,34.8,33.5,36.5,38.6,49,2739,3423
14:47:23,34.9,33.5,36.3,38.4,49,2739,3412
14:48:24,34.8,33.3,36.1,38.0,49,1387,3371
14:49:22,34.6,33.4,36.8,38.1,49,2501,3404
14:50:22,34.4,33.7,37.4,38.1,49,2516,3398
14:51:22,34.2,33.6,37.4,38.1,49,2516,3409
14:52:22,34.3,33.6,37.6,38.3,49,2535,3404
14:53:21,34.3,33.8,37.7,38.2,49,2535,3398
14:54:21,34.1,33.8,37.6,38.1,49,2556,3404
14:55:21,34.3,33.9,37.6,38.1,49,2556,3387
14:56:20,34.1,33.9,37.6,38.1,49,2556,3401
14:57:20,34.2,34.0,37.7,38.2,49,2556,3407
14:58:20,34.1,33.9,37.6,38.0,49,2576,3396
14:59:20,34.2,33.9,37.7,38.1,49,2576,3407
15:0:19,34.1,33.9,37.6,38.2,49,2576,3404
15:1:19,34.1,34.0,37.7,38.2,49,2576,3396
15:2:19,34.1,33.8,37.6,38.0,49,2593,3409
15:3:19,34.0,33.9,37.7,38.0,49,2593,3407
15:4:18,34.0,33.9,37.7,38.1,49,2593,3401
15:5:18,34.1,34.0,37.8,38.2,49,2556,3407
15:6:18,34.1,34.0,37.7,38.3,49,2593,3415
15:7:17,34.0,33.9,37.8,38.2,49,2610,3412
15:8:17,34.1,33.9,37.7,38.2,49,2610,3423
15:9:17,34.0,33.9,37.9,38.2,49,2610,3412
15:10:17,34.0,33.9,37.7,38.2,49,2610,3412
15:11:16,34.1,33.9,37.7,38.1,49,2610,3393
15:12:16,34.0,33.9,37.8,38.2,49,2610,3423
15:13:16,34.0,34.0,37.7,38.1,49,2610,3409
15:14:16,34.0,33.9,37.7,38.1,49,2610,3404
15:15:15,34.1,33.9,37.6,38.1,49,2610,3409
15:16:15,34.0,34.0,37.7,38.1,49,2610,3407
15:17:15,34.1,33.8,37.7,38.1,49,2610,3412
15:18:15,34.0,33.9,37.6,38.1,49,2593,3404
15:19:14,34.1,33.9,37.9,38.1,49,2610,3404
15:20:14,34.1,33.9,37.7,38.1,49,2610,3407
15:21:14,34.1,34.0,37.8,38.1,49,2610,3412
15:22:14,34.2,33.7,36.9,37.1,49,1248,3390
15:23:13,34.8,33.8,36.1,37.9,48,3803,3439
15:24:13,35.4,33.7,35.8,38.2,49,3780,3445
15:25:13,36.0,33.7,35.5,38.4,50,3876,3448
15:26:12,35.9,33.6,35.5,38.4,51,3843,3420
15:27:12,35.9,33.5,35.2,38.5,51,3803,3448
15:28:12,35.8,33.4,35.2,38.4,51,3780,3426
15:29:11,35.9,33.3,35.1,38.4,52,3780,3415
15:30:11,36.0,33.3,35.1,38.3,52,3741,3431
15:31:11,35.9,33.4,35.2,38.4,52,3741,3426
15:32:10,35.9,33.3,35.1,38.3,52,3702,3456
15:33:10,36.0,33.3,35.1,38.4,52,3702,3450
15:34:10,36.0,33.3,34.9,38.5,52,3674,3428
15:35:9,35.9,33.3,34.9,38.5,53,3674,3442
15:36:9,36.0,33.2,35.0,38.4,53,3639,3456
15:37:9,35.9,33.3,35.0,38.3,52,3639,3426
15:38:9,36.0,33.4,35.1,38.6,53,3639,3445
15:39:8,36.1,33.2,34.7,38.3,53,3614,3434
15:40:8,36.1,33.3,34.9,38.4,53,3614,3428
15:41:8,36.0,33.4,34.8,38.4,53,3573,3426
15:42:7,36.0,33.1,34.8,38.4,53,3573,3437
15:43:7,35.9,33.2,34.8,38.3,53,3573,3456
15:44:7,36.0,33.3,34.9,38.5,53,3545,3434
15:45:6,36.0,33.2,34.9,38.4,53,3545,3439
15:46:6,36.1,33.3,34.8,38.4,53,3489,3456
15:47:6,36.0,33.2,34.8,38.4,53,3519,3439
15:48:5,36.1,33.3,34.8,38.4,53,3519,3415
15:49:5,36.1,33.3,34.8,38.4,53,3519,3431
15:50:5,36.1,33.2,34.9,38.5,53,3489,3442
15:51:4,36.1,33.2,34.8,38.3,53,3489,3450
15:52:4,36.0,33.3,34.8,38.4,53,3456,3439
15:53:4,36.0,33.2,34.8,38.4,53,3456,3431
15:54:3,36.0,33.1,34.7,38.4,53,3427,3426
15:55:3,36.0,33.2,34.6,38.4,53,3427,3434
15:56:3,35.9,33.1,34.6,38.4,52,3400,3442
15:57:2,36.0,33.1,34.6,38.5,52,3400,3439
15:58:2,35.9,33.2,34.7,38.5,53,3400,3448
15:59:2,36.1,33.1,34.7,38.4,52,3375,3448
16:0:2,36.0,33.6,34.5,38.2,53,3314,3426
16:1:1,36.2,33.4,34.7,38.5,53,3334,3409
16:2:1,36.2,33.3,34.7,38.6,53,3334,3428
16:3:1,36.3,33.3,34.7,38.7,52,3314,3439
16:4:0,36.3,33.3,34.7,38.7,52,3290,3439
16:5:0,36.2,33.2,34.8,38.7,52,3290,3426
16:6:0,36.3,33.2,34.6,38.8,52,3255,3426
16:6:59,36.3,33.1,34.8,38.8,52,3234,3439
16:7:59,36.2,33.1,34.9,38.8,52,3234,3431
16:8:59,36.2,33.1,34.9,38.7,52,3234,3434
16:9:58,36.3,33.1,34.9,38.7,52,3212,3442
16:10:58,36.2,33.0,34.8,38.6,52,3212,3434
16:11:58,36.2,32.9,34.9,38.6,53,3179,3448
16:12:57,36.2,33.0,34.9,38.7,52,3179,3445
16:13:57,36.3,32.9,34.9,38.8,52,3179,3437
16:14:57,36.1,33.0,34.9,38.8,52,3152,3426
16:15:56,36.3,33.0,34.9,38.8,53,3152,3442
16:16:56,36.2,32.9,34.9,38.7,53,3152,3434
16:17:56,36.2,33.0,34.9,38.6,52,3152,3431
16:18:56,36.2,33.0,34.7,38.2,53,3030,3431
16:19:55,36.5,33.1,34.8,38.2,52,3050,3415
16:20:55,36.7,33.3,34.9,38.1,52,3030,3423
16:21:55,36.6,33.4,34.9,38.2,52,3030,3428
16:22:54,36.8,33.3,35.0,38.3,52,3050,3437
16:23:54,36.8,33.3,35.1,38.2,52,3050,3420
16:24:54,36.7,33.4,35.2,38.2,52,3050,3417
16:25:53,36.7,33.4,35.0,38.3,53,3050,3437
16:26:53,36.8,33.4,35.0,38.2,52,3050,3439
16:27:53,36.8,33.4,35.1,38.3,52,3050,3434
16:28:52,36.8,33.5,35.1,38.3,53,3050,3417
16:29:52,36.8,33.5,35.1,38.2,52,3030,3428
16:30:52,36.9,33.5,35.2,38.3,53,3030,3434
16:31:51,36.8,33.4,35.2,38.1,53,3050,3445
16:32:51,36.9,33.5,35.2,38.3,52,3030,3434
16:33:51,36.9,33.4,35.2,38.2,53,3030,3426
16:34:51,36.9,33.5,35.2,38.2,52,3030,3415
16:35:50,37.0,33.5,35.1,38.2,52,3030,3428
16:36:50,37.0,33.5,35.2,38.2,52,3030,3445
16:37:50,36.9,33.5,35.2,38.1,52,3001,3409
16:38:49,36.9,33.5,35.3,38.1,52,3001,3431
16:39:49,36.8,33.5,35.2,38.2,52,3001,3426
16:40:49,36.7,33.6,35.3,38.2,52,2977,3420
16:41:48,36.9,33.6,35.3,38.1,52,2977,3437
16:42:48,36.7,33.5,35.5,38.2,52,2977,3423
16:43:48,36.8,33.5,35.5,38.2,52,2977,3437
16:44:47,36.9,33.6,35.5,38.2,52,2977,3437
16:45:47,36.9,33.4,35.6,38.2,52,2977,3431
16:46:47,36.9,33.4,35.5,38.2,52,2977,3434
16:47:46,36.9,33.5,35.5,38.1,52,2822,3417
16:48:46,36.8,33.5,35.6,38.2,52,2977,3434
16:49:46,36.9,33.5,35.5,38.3,52,2977,3437
16:50:45,36.9,33.5,35.5,38.2,52,2959,3439
16:51:45,36.9,33.6,35.4,38.2,52,2959,3434
16:52:45,37.0,33.5,35.3,38.2,52,2959,3431
16:53:44,36.8,33.6,35.4,38.3,52,2959,3423
16:54:44,37.0,33.6,35.4,38.3,52,2927,3434
16:55:44,36.9,33.5,35.4,38.3,52,2927,3439
16:56:43,37.0,33.6,35.4,38.3,52,2927,3439
16:57:43,36.9,33.6,35.4,38.4,52,2959,3412
16:58:43,36.8,33.8,35.0,38.4,52,3001,3415
16:59:42,36.8,33.6,35.3,38.6,52,3083,3428
17:0:42,36.8,33.5,35.3,38.8,53,3107,3442
17:1:42,37.0,33.5,35.4,38.9,53,3128,3431
17:2:41,37.0,33.4,35.4,39.1,53,3152,3426
17:3:41,37.0,33.5,35.7,39.0,53,3152,3434
17:4:41,37.2,33.6,35.6,39.2,53,3212,3437
17:5:40,37.1,33.5,35.8,39.2,53,3212,3434
17:6:40,37.3,33.5,35.9,39.2,53,3234,3434
17:7:39,37.3,33.6,35.9,39.3,52,3255,3428
17:8:39,37.3,33.6,35.9,39.3,52,3255,3439
17:9:38,37.3,33.6,35.9,39.2,52,3255,3434
17:10:38,37.4,33.8,36.0,39.2,52,3128,3434
17:11:37,36.6,33.8,36.6,38.7,52,3107,3431
17:12:37,35.7,34.0,37.5,38.5,50,3083,3434
17:13:37,35.0,34.0,37.8,38.4,50,3030,3445
17:14:36,34.6,34.0,37.9,38.4,49,2977,3420
17:15:36,34.3,33.8,38.0,38.4,49,2959,3415
17:16:36,33.9,33.9,37.9,38.4,49,2906,3445
17:17:36,33.7,33.6,37.9,38.2,49,2927,3431
17:18:35,33.9,33.6,37.3,38.4,49,2739,3434
17:19:35,34.1,33.7,37.2,38.5,49,2757,3426
17:20:35,34.2,33.7,37.4,38.6,50,2757,3420
17:21:35,34.4,33.7,37.3,38.4,50,2019,3412
17:21:35,34.5,33.6,37.3,38.5,50,2019,3428
17:22:34,34.8,33.3,35.9,36.3,50,2822,3428
17:23:34,34.8,33.0,34.5,34.5,48,2610,3431
17:24:34,34.6,32.7,33.3,33.1,47,2402,3434
17:25:34,34.3,32.2,32.5,32.1,47,2242,3420
17:26:34,33.8,31.6,31.7,31.5,47,2084,3437
17:27:34,33.5,31.1,30.9,30.7,47,1942,3431
17:28:34,33.0,30.9,30.5,30.1,48,1817,3420
17:29:35,32.7,30.3,29.9,29.5,48,1693,3415
17:30:35,32.2,29.9,29.5,29.1,48,1609,3407
17:31:36,31.9,29.4,29.1,28.8,49,1508,3412
17:32:36,31.5,29.0,28.6,28.5,49,1434,3409
17:33:37,31.1,28.8,28.4,28.3,50,1366,3409
17:34:37,30.9,28.4,28.0,28.0,51,1302,3426
17:35:38,30.6,28.1,27.8,27.8,51,1248,3412
17:36:38,30.4,27.9,27.6,27.6,52,1198,3401
17:37:39,30.2,27.7,27.4,27.4,52,1159,3412
17:38:40,29.9,27.4,27.1,27.1,53,1126,3412
17:39:41,29.6,27.1,26.8,26.8,53,1089,3398
17:40:41,29.5,26.9,26.6,26.6,54,1044,3396
17:41:42,28.9,26.8,26.9,27.4,54,829,3396
17:42:43,28.6,28.2,32.7,28.1,55,946,3371
17:43:43,28.7,29.6,34.6,29.1,60,1044,3387
17:44:44,29.3,31.0,35.8,29.9,60,1150,3412
17:45:44,30.0,32.0,36.2,30.7,60,1259,3398
17:46:45,30.6,33.0,36.7,31.4,59,1374,3412
17:47:45,31.2,33.8,37.0,31.9,59,1498,3404
17:48:45,31.9,34.4,37.3,32.6,58,1537,3398
17:49:45,32.3,34.9,37.6,33.0,58,1758,3385
17:50:45,32.8,35.5,37.9,33.5,58,1870,3420
17:51:45,33.2,35.8,38.1,33.8,58,1998,3415
17:52:45,33.5,36.0,38.2,34.2,57,2118,3434
17:53:45,33.9,36.4,38.3,34.5,57,2242,3412
17:54:45,34.2,36.6,38.4,34.6,57,2338,3412
17:55:44,34.5,36.9,38.5,34.9,56,2423,3423
17:56:44,34.7,37.2,38.5,35.1,56,2535,3423
17:57:44,34.8,37.2,38.7,35.3,56,2610,3409
17:58:44,35.0,37.3,38.8,35.5,56,2704,3423
17:59:43,35.3,37.5,38.9,35.6,55,2822,3428
18:0:43,35.3,37.6,38.9,35.9,55,2880,3439
18:1:43,35.6,37.7,38.9,35.9,55,2959,3439
18:2:42,35.7,37.7,39.0,36.1,55,3030,3426
18:3:42,35.7,37.8,39.0,36.1,54,3107,3415
18:4:41,35.9,38.0,39.0,36.2,54,3152,3426
18:5:41,36.0,38.0,39.0,36.1,54,2977,3426
18:6:41,36.2,37.3,38.4,37.3,54,3212,3431
18:7:40,37.1,36.6,37.9,38.2,52,3234,3434
18:8:40,37.5,36.3,37.7,38.5,52,3234,3434
18:9:39,37.6,35.9,37.4,38.7,52,3234,3417
18:10:39,37.7,35.8,37.2,38.7,52,3234,3442
18:11:39,37.6,35.5,37.2,38.8,52,3212,3442
18:12:38,37.8,35.6,37.1,38.7,52,3212,3431
18:13:38,37.7,35.5,37.1,38.6,52,3212,3434
18:14:37,37.7,35.5,37.0,38.7,52,3179,3420
18:15:37,37.7,35.2,37.0,38.6,52,3179,3437
18:16:37,37.7,35.4,37.0,38.8,52,3152,3439
18:17:36,37.7,35.3,36.9,38.6,52,3152,3426
18:18:36,37.6,35.3,36.9,38.6,52,3152,3409
18:19:35,37.6,35.4,36.8,38.6,52,1637,3412
18:20:35,37.6,35.3,36.7,38.7,53,1637,3439
18:21:35,37.7,35.3,36.7,38.6,52,1626,3450
18:22:34,37.6,35.2,36.8,38.5,52,1626,3409
18:23:34,37.6,35.3,36.8,38.5,52,1626,3439
18:24:34,37.5,35.2,36.8,38.4,52,1626,3434
18:25:33,37.7,35.3,36.8,38.5,53,1613,3434
18:26:33,37.6,35.1,36.6,38.6,53,1613,3445
18:27:33,37.7,35.3,36.8,38.6,52,1599,3439
18:28:32,37.5,35.3,36.7,38.5,52,1599,3445
18:29:32,37.6,35.3,36.6,38.5,52,1599,3442
18:30:31,37.5,35.2,36.6,38.4,53,1590,3439
18:31:31,37.6,35.1,36.6,38.4,53,1590,3428
18:32:31,37.5,35.2,36.5,38.5,52,1575,3426
18:33:30,37.6,35.0,36.4,38.5,53,1575,3437
18:34:30,37.6,35.1,36.4,38.5,52,1562,3434
18:35:30,37.7,35.0,36.4,38.5,53,1562,3431
18:36:29,37.5,34.9,36.4,38.5,53,1554,3442
18:37:29,37.6,34.9,36.2,38.4,52,1554,3420
18:38:29,37.4,34.9,36.2,38.4,53,1538,3439
18:39:28,37.4,34.9,36.3,38.5,53,1538,3431
18:40:28,37.5,34.6,36.2,38.5,53,1529,3437
18:41:27,37.5,34.8,36.1,38.3,53,1529,3423
18:42:27,37.5,34.7,36.0,38.2,53,870,3363
18:43:27,35.9,35.3,35.2,36.3,52,1103,3415
18:44:27,35.5,36.9,35.2,35.1,52,1118,3417
18:45:26,35.1,37.4,35.4,34.3,52,1125,3409
18:46:26,34.9,37.4,35.4,33.8,52,1125,3426
18:47:26,34.9,37.5,35.7,33.4,51,1118,3417
18:48:26,34.7,37.6,35.7,32.9,51,1118,3434
18:49:26,34.7,37.6,35.7,32.7,51,1090,3379
18:50:26,34.5,37.5,35.8,32.6,51,1109,3407
18:51:25,34.5,37.5,35.7,32.5,50,1103,3409
18:52:25,34.4,37.5,35.6,32.4,50,1096,3407
18:53:25,34.2,37.4,35.6,32.2,50,1090,3415
18:54:25,34.2,37.4,35.5,32.1,50,1086,3415
18:55:25,34.2,37.4,35.4,32.0,50,1077,3417
18:56:25,34.1,37.3,35.3,32.0,50,1077,3412
18:57:25,34.0,37.3,35.3,32.0,50,1062,3417
18:58:25,34.0,37.3,35.3,31.8,50,1062,3398
18:59:25,33.8,37.3,35.3,31.6,50,1060,3404
19:0:25,33.9,37.2,35.1,31.7,50,1060,3401
19:1:24,33.8,37.2,35.1,31.6,50,1049,3396
19:2:24,33.7,37.2,35.1,31.6,50,1049,3423
19:3:24,33.7,37.2,35.0,31.6,49,1043,3417
19:4:24,33.7,37.2,35.1,31.4,50,1043,3409
19:5:24,33.6,37.2,35.1,31.4,50,1037,3404
19:6:24,33.5,37.0,35.0,31.5,50,1037,3407
19:7:24,33.7,37.0,35.0,31.4,50,1034,3404
19:8:24,33.6,37.1,35.0,31.3,49,1034,3401
19:9:24,33.5,37.0,34.9,31.3,50,1034,3398
19:10:24,33.5,37.0,34.9,31.3,50,1034,3412
19:11:24,33.5,36.8,34.6,31.2,50,991,3401
19:12:24,33.5,37.2,34.5,31.2,49,980,3393
19:13:24,33.6,37.4,34.5,31.1,49,986,3398
19:14:24,33.8,37.4,34.6,31.1,50,986,3396
19:15:24,33.9,37.5,34.5,31.1,50,991,3396
19:16:24,34.1,37.4,34.5,31.1,49,991,3412
19:17:24,34.2,37.6,34.5,31.2,49,991,3401
19:18:24,34.2,37.5,34.5,31.1,49,996,3407
19:19:24,34.2,37.5,34.6,31.2,49,996,3393
19:20:23,34.3,37.7,34.6,31.1,49,996,3398
19:21:23,34.2,37.5,34.6,31.2,49,996,3390
19:22:23,34.4,37.5,34.6,31.3,49,991,3385
19:23:23,34.5,37.6,34.6,31.2,49,991,3404
19:24:23,34.5,37.5,34.7,31.4,49,996,3387
19:25:23,34.4,37.5,34.6,31.3,49,996,3382
19:26:23,34.4,37.5,34.6,31.4,49,996,3396
19:27:23,34.4,37.5,34.6,31.5,49,996,3398
19:28:23,34.5,37.5,34.6,31.4,49,974,3385
19:29:23,34.4,37.4,34.6,31.4,49,974,3407
19:30:23,34.5,37.4,34.5,31.4,49,956,3393
19:31:22,34.5,37.6,34.6,31.4,49,961,3387
19:32:22,34.6,37.6,34.5,31.3,49,961,3401
19:33:22,34.4,37.5,34.6,31.4,49,961,3390
19:34:22,34.5,37.6,34.5,31.4,49,961,3387
19:35:22,34.5,37.6,34.6,31.4,49,961,3382
19:36:22,34.6,37.6,34.5,31.3,49,956,3390
19:37:22,34.5,37.6,34.5,31.3,49,950,3390
19:38:22,34.5,37.5,34.6,31.4,49,942,3390
19:39:22,34.4,37.5,34.5,31.3,48,930,3371
19:40:22,34.4,37.5,34.5,31.4,49,920,3382
19:41:22,34.5,37.5,34.6,31.4,49,920,3382
19:42:21,34.4,37.6,34.5,31.5,49,928,3382
19:43:21,34.5,37.4,34.4,31.4,49,928,3393
19:44:21,34.5,37.5,34.4,31.4,49,920,3393
19:45:21,34.6,37.5,34.6,31.5,49,928,3379
19:46:21,34.4,37.4,34.5,31.3,49,920,3376
19:47:21,34.5,37.4,34.5,31.4,49,920,3366
19:48:21,34.5,37.5,34.5,31.4,49,920,3379
19:49:21,34.5,37.6,34.5,31.4,49,920,3390
19:50:21,34.5,37.5,34.4,31.4,49,911,3385
19:51:21,34.4,37.5,34.4,31.3,49,928,3382
19:52:21,34.5,37.5,34.5,31.3,48,920,3376
19:53:21,34.5,37.5,34.5,31.3,48,928,3390
19:54:20,34.4,37.4,34.5,31.5,48,920,3390
19:55:20,34.5,37.6,34.5,31.3,48,916,3390
19:56:20,34.4,37.5,34.5,31.3,48,920,3376
19:57:20,34.5,37.5,34.3,31.3,48,928,3379
19:58:20,34.4,37.1,33.6,31.4,48,928,3376
19:59:20,34.3,37.3,33.6,31.3,47,916,3382
20:0:20,34.3,37.4,33.7,31.1,48,916,3379
20:1:20,34.4,37.5,33.7,31.2,48,928,3379
20:2:20,34.4,37.4,33.9,31.2,48,928,3382
20:3:20,34.5,37.3,33.8,31.1,49,928,3379
20:4:20,34.5,37.5,34.0,31.2,49,930,3385
20:5:20,34.5,37.5,33.8,31.2,48,920,3401
20:6:20,34.6,37.4,33.9,31.2,48,920,3376
20:7:20,34.6,37.5,34.0,31.2,48,920,3390
20:8:20,34.6,37.4,34.1,31.2,49,928,3382
20:9:20,34.6,37.5,34.0,31.1,48,928,3379
20:10:19,34.7,37.5,34.2,31.3,48,928,3374
20:11:19,34.7,37.5,34.0,31.2,48,928,3379
20:12:19,34.8,37.4,34.0,31.2,49,928,3382
20:13:19,34.8,37.6,34.0,31.3,48,928,3382
20:14:19,34.8,37.4,34.1,31.3,48,928,3382
20:15:19,34.8,37.5,34.0,31.3,48,920,3382
20:16:19,34.8,37.4,34.1,31.3,48,928,3382
20:17:19,34.9,37.5,34.0,31.3,48,928,3366
20:18:19,34.8,37.5,34.2,31.2,48,928,3366
20:19:19,34.9,37.4,34.2,31.3,48,928,3401
20:20:19,34.9,37.4,34.0,31.2,48,928,3360
20:21:19,34.9,37.5,34.1,31.4,48,920,3366
20:22:19,34.8,37.4,34.1,31.3,48,928,3376
20:23:18,34.8,37.4,34.2,31.4,48,920,3366
20:24:18,34.7,37.5,34.1,31.3,48,920,3379
20:25:18,34.8,37.5,34.1,31.4,48,920,3371
20:26:18,34.8,37.5,34.0,31.3,48,920,3368
20:27:18,34.8,37.3,34.1,31.4,48,920,3355
20:28:18,34.9,37.5,34.0,31.3,48,920,3366
20:29:18,34.8,37.4,34.0,31.3,48,916,3379
20:30:18,34.8,37.5,34.1,31.4,48,916,3376
20:31:18,34.8,37.3,34.0,31.4,48,911,3379
20:32:18,34.9,37.5,34.0,31.4,48,896,3374
20:33:18,34.8,37.4,34.1,31.2,48,890,3376
20:34:18,34.7,37.3,33.9,31.4,48,890,3374
20:35:18,34.8,37.4,34.1,31.4,48,890,3363
20:36:17,34.8,37.3,34.0,31.3,48,886,3363
20:37:17,34.7,37.5,33.9,31.2,48,881,3366
20:38:17,34.8,37.4,34.0,31.3,48,881,3366
20:39:17,34.8,37.5,34.0,31.3,48,881,3374
20:40:17,34.9,37.4,33.9,31.4,48,881,3371
20:41:17,34.8,37.4,34.0,31.3,48,881,3379
20:42:17,34.8,37.3,33.9,31.3,48,876,3363
20:43:17,34.7,37.4,33.9,31.2,48,876,3357
20:44:17,34.7,37.4,33.9,31.3,48,876,3355
20:45:17,34.9,37.4,33.9,31.2,48,876,3366
20:46:17,34.9,37.4,33.9,31.2,48,876,3379
20:47:17,34.9,37.4,33.8,31.3,48,876,3374
20:48:17,34.9,37.5,33.9,31.2,48,876,3371
20:49:17,34.9,37.4,33.9,31.2,48,870,3360
20:50:16,34.9,37.5,33.9,31.2,48,876,3360
20:51:16,34.8,37.4,33.9,31.2,48,852,3325
20:52:16,34.9,37.4,33.8,31.3,48,876,3368
20:53:16,34.9,37.5,33.9,31.4,48,876,3368
20:54:16,35.0,37.4,33.8,31.4,48,876,3363
20:55:16,34.9,37.3,33.8,31.2,48,870,3376
20:56:16,34.8,37.4,33.9,31.3,48,870,3357
20:57:16,34.7,37.5,33.8,31.3,48,870,3363
20:58:16,34.8,37.4,33.8,31.3,48,864,3371
20:59:16,35.0,37.3,33.7,31.2,48,886,3368
21:0:16,34.7,36.4,33.1,31.0,48,1070,3396
21:1:16,34.6,36.7,33.0,30.8,46,966,3360
21:2:16,34.8,37.0,33.0,30.8,47,950,3363
21:3:16,34.9,36.9,33.0,30.7,47,950,3374
21:4:16,34.8,37.1,33.0,30.7,47,928,3374
21:5:16,34.9,37.0,33.2,30.6,47,920,3376
21:6:16,35.0,37.0,33.2,30.7,47,916,3366
21:7:16,34.9,37.0,33.1,30.7,47,911,3366
21:8:16,35.0,37.0,33.0,30.6,47,911,3363
21:9:16,34.9,37.1,33.0,30.6,47,906,3363
21:10:16,34.9,36.8,33.1,30.6,47,901,3376
21:11:16,35.1,37.0,33.1,30.7,47,901,3368
21:12:16,35.1,37.0,33.1,30.8,47,896,3363
21:13:16,35.0,37.0,33.1,30.8,47,896,3374
21:14:16,35.1,36.9,33.1,30.7,47,890,3360
21:15:16,35.1,37.0,33.1,30.7,47,890,3366
21:16:16,35.1,37.1,33.2,30.6,47,886,3376
21:17:16,35.0,36.9,33.1,30.7,47,886,3379
21:18:16,34.9,36.9,33.1,30.7,47,881,3366
21:19:16,35.0,36.9,33.1,30.7,47,881,3374
21:20:16,35.0,36.8,33.2,30.8,48,881,3368
21:21:16,34.9,36.8,33.2,30.7,48,876,3363
21:22:16,34.9,36.6,33.1,30.7,48,876,3355
21:23:16,35.1,36.6,33.0,30.6,47,864,3355
21:24:16,34.8,36.6,33.0,30.7,48,864,3371
21:25:16,34.9,36.9,33.1,30.7,48,862,3363
21:26:16,35.0,36.8,33.0,30.7,48,864,3366
21:27:16,35.0,36.8,33.1,30.7,48,852,3374
21:28:16,35.0,36.7,33.0,30.6,48,852,3366
21:29:16,34.9,36.7,33.0,30.7,48,852,3366
21:30:16,35.0,36.8,33.0,30.7,48,848,3360
21:31:16,34.9,36.8,33.1,30.7,47,848,3371
21:32:16,35.0,36.8,33.0,30.6,48,844,3379
21:33:16,34.9,36.7,33.0,30.6,48,808,3390
21:34:16,34.9,36.8,33.0,30.7,48,808,3349
21:35:16,34.9,36.8,33.0,30.7,48,808,3366
21:36:16,35.0,36.8,33.0,30.6,47,808,3363
21:37:16,35.1,36.8,33.0,30.7,48,808,3368
21:38:16,35.1,36.8,32.9,30.6,48,808,3368
21:39:16,34.9,36.7,33.0,30.7,48,808,3355
21:40:16,34.9,36.7,32.9,30.6,48,804,3363
21:41:16,34.9,36.8,33.0,30.7,48,808,3344
21:42:16,35.1,36.8,33.0,30.7,48,804,3363
21:43:16,34.9,36.7,33.0,30.6,48,804,3382
21:44:16,35.0,36.7,33.1,30.7,48,804,3355
21:45:16,35.1,36.8,33.0,30.6,48,804,3374
21:46:16,35.0,36.8,33.1,30.7,48,804,3368
21:47:16,35.0,36.8,33.0,30.6,48,799,3352
21:48:16,35.0,36.8,33.0,30.7,48,799,3344
21:49:16,35.0,36.8,33.0,30.7,48,799,3368
21:50:16,35.1,36.8,33.1,30.7,48,799,3374
21:51:16,35.0,36.9,33.1,30.7,48,799,3374
21:52:16,35.1,36.9,33.0,30.6,48,782,3360
21:53:16,35.1,36.8,33.1,30.6,48,799,3355
21:54:16,35.1,36.9,33.0,30.7,48,796,3368
21:55:16,35.1,37.0,33.1,30.7,48,796,3374
21:56:16,35.0,36.9,33.1,30.7,48,796,3363
21:57:16,35.1,36.8,33.0,30.8,48,788,3352
21:58:16,35.0,36.9,33.1,30.7,48,788,3363
21:59:16,35.1,36.7,33.1,30.7,48,784,3352
22:0:16,35.0,36.8,33.0,30.7,48,784,3368
22:1:16,35.0,36.8,33.1,30.7,48,782,3360
22:2:16,35.2,36.8,33.0,30.7,48,782,3346
22:3:16,35.0,36.9,33.1,30.7,48,782,3371
22:4:16,35.0,36.8,33.0,30.7,48,782,3368
22:5:16,35.2,36.8,33.1,30.6,48,777,3355
22:6:16,35.2,36.8,33.1,30.7,47,782,3355
22:7:16,35.1,36.9,33.1,30.7,48,777,3349
22:8:16,35.1,36.9,33.0,30.7,48,774,3344
22:9:16,35.1,36.9,33.1,30.7,48,774,3355
22:10:16,35.1,36.7,33.0,30.6,48,774,3357
22:11:16,35.2,36.8,33.2,30.7,48,768,3355
22:12:16,35.1,36.7,33.1,30.7,48,764,3346
22:13:16,35.1,36.8,33.0,30.7,48,764,3355
22:14:16,35.1,36.8,33.1,30.7,48,759,3349
22:15:16,35.1,36.9,33.1,30.7,48,759,3363
22:16:16,35.1,36.8,33.1,30.8,48,759,3352
22:17:16,35.0,36.8,33.0,30.6,48,759,3368
22:18:16,35.1,36.8,33.0,30.6,48,750,3346
22:19:16,35.1,36.8,33.1,30.7,48,755,3344
22:20:16,35.1,36.8,33.1,30.7,48,750,3349
22:21:16,35.0,36.9,33.1,30.6,48,746,3355
22:22:16,35.2,37.0,33.0,30.8,48,744,3355
22:23:16,35.1,36.8,33.1,30.7,47,741,3338
22:24:16,35.2,36.9,33.1,30.7,48,736,3346
22:25:16,35.1,36.8,33.0,30.7,48,717,3344
22:26:16,35.2,36.8,33.0,30.7,48,717,3341
22:27:16,35.2,36.9,33.1,30.7,48,714,3368
22:28:16,35.1,36.8,33.0,30.6,48,714,3344
22:29:16,35.0,36.8,33.0,30.7,47,714,3352
22:30:16,35.1,36.8,33.0,30.7,47,710,3360
22:31:16,35.1,36.7,33.0,30.8,48,706,3349
22:32:16,34.9,36.8,33.1,30.7,48,703,3349
22:33:16,34.8,36.8,32.9,30.7,48,703,3338
22:34:16,34.9,37.0,33.1,30.6,48,694,3338
22:35:16,34.8,36.9,33.1,30.7,47,694,3341
22:36:16,34.9,36.8,33.1,30.6,47,694,3346
22:37:16,34.9,36.8,33.0,30.6,48,692,3341
22:38:16,34.8,36.7,33.1,30.6,48,675,3344
22:39:16,34.9,36.8,33.1,30.5,48,675,3338
22:40:16,34.9,36.8,33.0,30.6,47,675,3330
22:41:16,34.9,36.8,33.1,30.6,48,675,3322
22:42:16,34.9,36.8,33.0,30.7,48,674,3341
22:43:16,34.9,36.7,33.1,30.7,48,674,3325
22:44:17,34.9,36.8,33.0,30.7,48,674,3368
22:45:17,34.9,36.8,33.1,30.7,48,667,3333
22:46:17,34.9,36.8,32.9,30.6,47,664,3344
22:47:17,34.9,36.8,33.0,30.6,48,659,3322
22:48:17,34.9,36.8,32.9,30.6,48,659,3333
22:49:17,34.9,36.9,32.9,30.6,47,652,3335
22:50:17,34.8,36.8,33.0,30.6,47,646,3330
22:51:17,34.8,36.8,32.9,30.5,48,643,3341
22:52:17,34.7,36.8,33.0,30.6,47,637,3344
22:53:17,34.6,36.9,32.9,30.6,48,620,3325
22:54:17,34.6,36.7,33.0,30.5,47,633,3330
22:55:17,34.7,36.7,32.9,30.7,47,637,3330
22:56:17,34.7,36.8,33.1,30.6,48,630,3325
22:57:17,34.7,36.8,32.9,30.5,48,630,3330
22:58:17,34.7,36.7,33.0,30.6,48,626,3322
22:59:17,34.6,36.6,32.9,30.6,48,624,3335
23:0:17,34.6,36.7,32.9,30.6,48,620,3322
23:1:17,34.6,36.9,32.9,30.5,47,618,3325
23:2:17,34.6,36.9,33.1,30.6,48,618,3335
23:3:17,34.8,36.8,32.9,30.6,47,615,3325
23:4:17,34.7,36.9,32.9,30.6,48,615,3319
23:5:17,34.7,36.8,32.9,30.5,48,606,3316
23:6:17,34.7,36.9,33.0,30.6,48,605,3314
23:7:17,34.7,36.9,32.9,30.7,48,602,3325
23:8:17,34.6,36.8,33.0,30.6,48,605,3311
23:9:17,34.8,36.9,32.9,30.4,48,602,3316
23:10:17,34.8,36.7,33.0,30.7,47,602,3325
23:11:17,34.6,36.8,33.0,30.6,48,594,3311
23:12:17,34.6,36.8,32.9,30.6,47,599,3316
23:13:17,34.8,36.8,33.0,30.7,48,599,3314
23:14:17,34.9,36.8,33.0,30.6,48,596,3305
23:15:18,34.6,36.6,33.0,30.7,48,414,3278
23:16:18,33.8,35.1,32.1,30.7,47,657,3319
23:17:18,35.5,34.3,31.7,32.3,46,808,3327
23:18:18,36.2,33.6,31.3,33.6,48,799,3346
23:19:18,36.6,33.3,31.1,34.3,49,799,3355
23:20:18,36.7,33.1,31.0,34.8,49,799,3344
23:21:18,36.8,32.9,31.0,35.4,50,804,3357
23:22:17,36.8,32.8,30.9,35.7,50,808,3357
23:23:17,36.9,32.9,31.0,35.8,50,812,3346
23:24:17,36.7,32.8,31.1,35.8,50,812,3333
23:25:17,36.9,32.8,31.0,35.8,50,812,3352
23:26:17,36.8,32.9,31.1,36.0,50,817,3322
23:27:17,36.8,32.8,31.1,35.9,50,819,3338
23:28:17,36.9,32.8,31.1,35.8,50,819,3360
23:29:17,36.9,32.8,31.1,36.0,50,819,3352
23:30:17,36.8,32.7,31.2,35.9,50,870,3349
23:31:17,36.9,32.8,31.1,35.9,50,876,3341
23:32:16,36.8,32.7,31.1,35.9,50,870,3352
23:33:16,36.7,32.7,31.2,35.8,50,906,3360
23:34:16,36.8,32.8,31.1,35.9,50,906,3368
23:35:16,36.8,32.7,31.2,35.9,50,901,3346
23:36:16,36.9,32.7,31.3,36.0,50,896,3338
23:37:16,36.8,32.8,31.2,35.9,50,896,3357
23:38:16,36.8,32.8,31.2,35.9,50,890,3352
23:39:16,36.9,32.7,31.3,35.9,50,886,3368
23:40:16,36.7,32.7,31.3,35.9,50,886,3366
23:41:15,36.6,32.7,31.1,35.8,50,881,3349
23:42:15,36.6,32.7,31.2,36.0,50,881,3346
23:43:15,36.7,32.7,31.2,35.9,50,876,3346
23:44:15,36.8,32.7,31.3,36.0,50,870,3355
23:45:15,36.8,32.7,31.3,36.0,50,864,3357
23:46:15,36.9,32.8,31.2,36.1,50,864,3352
23:47:15,36.8,32.8,31.2,36.0,49,864,3341
23:48:15,36.9,32.8,31.2,36.1,49,862,3341
23:49:15,36.9,32.7,31.2,36.1,50,862,3344
23:50:14,36.8,32.7,31.3,36.0,49,852,3333
23:51:14,36.7,32.6,31.3,36.2,49,852,3344
23:52:14,36.7,32.8,31.3,36.1,49,848,3344
23:53:14,36.9,32.7,31.4,36.0,49,848,3349
23:54:14,36.8,32.8,31.3,36.1,49,799,3349
23:55:14,36.8,32.7,31.3,36.1,49,848,3355
23:56:14,36.9,32.9,31.4,36.1,49,844,3357
23:57:14,36.7,32.5,31.2,35.7,49,741,3352
23:58:13,34.8,31.8,31.2,33.6,49,980,3368
23:59:14,33.9,31.4,31.2,35.0,47,986,3390
0:0:14,33.6,31.0,31.4,35.9,47,966,3379
