0:1:48,30.7,34.6,36.9,32.4,48,427,3519
0:2:49,30.4,34.7,36.7,32.4,48,427,3524
0:3:49,30.5,34.6,36.7,32.5,48,423,3513
0:4:49,30.6,34.6,36.7,32.5,48,423,3505
0:5:49,30.6,34.6,36.9,32.4,48,423,3502
0:6:49,30.7,34.7,36.7,32.5,47,423,3510
0:7:49,30.6,34.6,36.9,32.4,48,420,3502
0:8:49,30.6,34.7,36.7,32.5,48,420,3524
0:9:49,30.6,34.7,37.0,32.5,48,414,3505
0:10:49,30.7,34.8,36.8,32.5,48,414,3510
0:11:50,30.6,34.7,36.8,32.5,47,410,3516
0:12:50,30.7,34.8,36.8,32.5,48,410,3510
0:13:50,30.6,34.7,36.7,32.5,48,408,3508
0:14:50,30.7,34.7,36.9,32.5,47,408,3510
0:15:50,30.5,34.1,36.3,32.5,47,408,3505
0:16:50,30.4,33.4,36.2,33.2,48,403,3521
0:17:50,30.5,32.7,36.3,33.8,48,400,3519
0:18:50,30.5,32.3,36.2,34.5,48,400,3491
0:19:50,30.5,31.8,36.1,35.0,48,400,3510
0:20:51,30.4,31.6,35.9,35.2,49,400,3513
0:21:51,30.5,31.3,35.8,35.4,49,400,3519
0:22:51,30.3,31.2,35.9,35.3,49,400,3502
0:23:51,30.4,31.0,35.8,35.4,49,400,3508
0:24:51,30.5,30.9,35.9,35.4,50,400,3502
0:25:51,30.3,30.9,35.8,35.4,49,400,3527
0:26:51,30.2,30.8,35.7,35.6,50,400,3513
0:27:51,30.3,30.7,35.7,35.5,50,400,3521
0:28:52,30.2,30.7,35.7,35.6,50,400,3508
0:29:52,30.3,30.6,35.6,35.4,50,400,3510
0:30:52,30.2,30.7,35.5,35.6,50,400,3516
0:31:52,30.3,30.6,35.7,35.6,50,400,3505
0:32:52,30.3,30.6,35.6,35.5,50,400,3524
0:33:52,30.1,30.6,35.5,35.5,50,400,3505
0:34:52,30.1,30.5,35.5,35.5,50,400,3505
0:35:52,30.2,30.5,35.5,35.6,50,403,3505
0:36:53,30.1,30.5,35.6,35.6,50,400,3508
0:37:53,30.1,30.4,35.6,35.7,50,400,3513
0:38:53,30.2,30.3,35.5,35.6,50,400,3516
0:39:53,30.1,30.3,35.5,35.6,50,400,3519
0:40:53,30.1,30.3,35.4,35.7,50,400,3516
0:41:53,30.1,30.3,35.4,35.6,50,400,3524
0:42:54,30.1,30.3,35.3,35.6,51,400,3521
0:43:54,30.0,30.3,35.4,35.6,51,402,3521
0:44:54,30.1,30.3,35.4,35.5,51,400,3510
0:45:54,30.1,30.3,35.5,35.5,51,400,3505
0:46:54,30.2,30.3,35.4,35.6,50,400,3521
0:47:54,30.0,30.3,35.4,35.6,51,400,3521
0:48:55,30.1,30.3,35.5,35.8,51,400,3505
0:49:55,30.0,30.3,35.4,35.7,51,400,3502
0:50:55,30.0,30.3,35.4,35.7,51,400,3510
0:51:55,30.0,30.2,35.4,35.6,51,400,3508
0:52:55,30.1,30.3,35.5,35.6,51,400,3527
0:53:55,30.0,30.2,35.4,35.7,51,400,3497
0:54:56,30.0,30.0,34.7,34.6,51,400,3497
2:29:18,36.2,30.6,28.5,33.8,50,400,3483
2:30:7,36.1,30.9,28.6,33.5,54,400,3505
2:31:7,36.5,31.3,28.7,33.4,54,400,3502
2:32:7,36.6,31.5,28.7,33.3,54,408,3508
2:33:7,36.6,31.7,28.9,33.3,54,411,3516
2:34:8,36.6,31.9,28.9,33.4,54,417,3502
2:35:8,36.8,32.1,29.1,33.4,54,417,3513
2:36:8,36.7,32.3,29.1,33.5,54,423,3510
2:37:8,36.7,32.3,29.2,33.6,54,432,3510
2:38:8,36.7,32.3,29.1,33.6,54,434,3500
2:39:8,36.9,32.4,29.2,33.7,54,438,3497
2:40:8,36.8,32.4,29.4,33.7,54,442,3500
2:41:8,36.8,32.6,29.4,33.7,53,444,3508
2:42:8,37.0,32.5,29.4,33.6,53,444,3527
2:43:8,36.9,32.6,29.3,33.8,53,452,3530
2:44:8,36.9,32.6,29.5,33.7,53,452,3521
2:45:8,36.9,32.6,29.4,33.7,53,456,3521
2:46:8,37.0,32.8,29.4,33.7,53,456,3521
2:47:8,36.9,32.7,29.4,33.8,53,459,3510
2:48:8,36.9,32.8,29.4,33.8,53,459,3510
2:49:8,36.9,32.8,29.5,33.8,53,456,3508
2:50:8,36.9,32.8,29.4,33.7,53,459,3491
2:51:8,36.9,32.7,29.4,33.8,53,459,3513
2:52:8,36.9,32.8,29.3,33.9,53,459,3516
2:53:8,36.8,32.9,29.4,33.7,53,459,3513
2:54:8,37.0,32.8,29.4,33.8,53,459,3505
2:55:8,36.9,32.9,29.5,33.9,53,459,3513
2:56:8,36.8,32.8,29.3,33.8,53,459,3497
2:57:8,36.8,32.9,29.5,33.9,53,463,3513
2:58:8,36.9,32.9,29.4,33.9,53,463,3500
2:59:8,36.9,32.9,29.4,33.9,53,463,3510
3:0:8,36.9,32.8,29.5,34.0,53,470,3516
3:1:8,37.0,32.9,29.5,33.9,53,463,3508
3:2:8,37.0,32.9,29.5,34.0,53,463,3510
3:3:8,37.0,32.9,29.5,33.9,53,470,3510
3:4:8,37.0,32.9,29.5,34.0,52,470,3508
3:5:8,37.1,32.9,29.5,33.9,53,470,3513
3:6:8,36.9,32.9,29.5,34.0,53,470,3510
3:7:8,37.0,32.9,29.6,34.1,53,463,3521
3:8:8,36.9,33.0,29.6,34.0,53,470,3516
3:9:8,37.0,32.9,29.5,34.1,53,470,3510
3:10:8,37.0,33.0,29.5,34.0,53,470,3502
3:11:8,37.1,33.0,29.6,34.0,52,470,3508
3:12:8,37.0,32.9,29.5,34.0,53,463,3516
3:13:8,37.0,33.0,29.5,34.0,52,470,3510
3:14:8,37.0,32.9,29.7,34.2,52,463,3500
3:15:8,37.1,33.0,29.7,34.1,52,463,3502
3:16:8,37.1,33.0,29.7,34.2,52,463,3505
3:17:8,37.0,33.1,29.6,34.1,52,463,3516
3:18:8,37.0,33.0,29.8,33.6,52,470,3461
3:19:8,36.8,32.5,30.4,34.2,53,518,3502
3:20:8,36.9,32.0,30.7,34.6,54,539,3505
3:21:8,36.9,31.6,30.8,35.1,54,551,3502
3:22:8,36.8,31.4,30.9,35.6,54,561,3508
3:23:8,37.0,31.1,30.9,35.9,54,578,3516
3:24:8,36.9,31.1,30.9,36.1,54,584,3502
3:25:8,37.0,30.9,31.0,36.1,54,597,3513
3:26:7,37.0,30.9,31.0,36.3,54,600,3508
3:27:7,36.9,30.9,31.0,36.1,54,605,3510
3:28:7,36.9,30.7,31.0,36.4,55,614,3497
3:29:7,36.9,30.8,30.9,36.3,54,614,3500
3:30:7,36.9,30.9,31.0,36.2,54,620,3513
3:31:7,37.0,30.7,31.1,36.3,54,626,3508
3:32:7,36.8,30.7,31.0,36.3,54,626,3508
3:33:7,36.8,30.7,30.9,36.3,54,626,3502
3:34:7,36.8,30.7,31.1,36.2,55,626,3508
3:35:6,36.8,30.7,30.9,36.4,55,633,3500
3:36:6,37.1,30.7,31.1,36.4,54,633,3516
3:37:6,37.0,30.7,31.0,36.3,54,633,3500
3:38:6,36.9,30.6,31.0,36.4,55,637,3500
3:39:6,37.0,30.6,31.0,36.4,55,637,3489
3:40:6,36.8,30.6,30.9,36.4,55,637,3519
3:41:6,37.0,30.6,31.0,36.3,55,637,3510
3:42:6,37.0,30.6,31.0,36.4,55,637,3521
3:43:6,37.0,30.6,31.0,36.5,55,637,3510
3:44:5,36.6,30.5,31.1,36.4,55,633,3519
3:45:5,35.1,30.4,31.8,37.5,55,614,3505
3:46:5,34.0,30.4,32.4,37.7,55,600,3513
3:47:5,33.3,30.3,32.9,37.7,55,588,3516
3:48:5,32.6,30.3,33.2,37.8,54,578,3505
3:49:5,32.2,30.2,33.4,37.8,54,574,3521
3:50:5,31.8,30.1,33.6,37.7,54,556,3510
3:51:5,31.7,30.0,33.7,37.8,54,551,3516
3:52:5,31.5,30.0,33.8,37.8,54,546,3500
3:53:5,31.6,29.9,33.8,37.9,54,539,3505
3:54:5,31.7,29.7,33.5,37.5,54,536,3513
3:55:6,31.9,29.5,33.1,37.6,54,536,3502
3:56:6,32.1,29.2,32.7,37.6,54,536,3508
3:57:6,32.0,29.1,32.5,37.5,54,536,3491
3:58:6,32.1,29.1,32.3,37.6,54,536,3516
3:59:6,32.2,29.0,32.2,37.4,55,530,3510
4:0:6,32.1,28.7,30.8,34.0,55,463,3508
4:1:6,31.5,28.6,29.5,31.3,53,414,3521
4:2:6,30.6,28.4,28.3,29.7,52,400,3510
4:3:7,29.8,28.1,27.3,28.1,52,400,3494
4:4:7,29.0,27.4,26.4,26.8,52,400,3510
4:5:8,28.2,27.0,25.8,25.8,52,400,3505
4:6:8,27.6,26.4,25.1,25.1,52,400,3513
4:7:9,26.8,25.9,24.7,24.3,52,400,3510
4:8:10,26.3,25.3,24.2,23.7,52,400,3500
4:9:11,25.7,25.0,23.7,23.3,52,400,3519
4:10:12,25.3,24.5,23.3,22.8,53,400,3491
4:11:13,24.8,24.1,22.9,22.4,53,400,3502
4:12:14,24.5,23.7,22.5,21.9,53,400,3491
4:13:15,24.1,23.2,22.1,21.6,53,400,3516
4:14:17,23.6,22.9,21.7,21.3,54,400,3500
4:15:18,23.2,22.5,21.5,20.9,54,400,3505
4:16:19,22.9,22.4,21.2,20.6,54,400,3508
4:17:21,22.6,21.9,20.9,20.4,55,400,3500
4:18:22,22.4,21.7,20.4,20.2,55,400,3486
4:19:24,22.0,21.3,20.3,19.9,55,400,3480
4:20:25,21.8,21.1,20.1,19.7,56,400,3483
4:21:27,22.5,20.9,20.2,28.1,56,427,3500
4:22:28,23.0,20.7,20.9,32.2,57,486,3475
4:23:29,23.7,20.9,21.6,33.8,60,537,3491
4:24:30,24.6,21.0,22.4,34.4,62,602,3483
4:25:31,25.1,21.5,23.2,34.8,63,657,3500
4:26:32,25.8,21.9,23.9,35.3,64,726,3500
4:27:33,26.4,22.4,24.5,35.4,64,774,3475
4:28:33,26.9,22.6,25.0,35.5,65,834,3480
4:29:34,27.2,23.1,25.7,35.9,65,902,3494
4:30:35,27.7,23.3,26.0,35.9,65,959,3464
4:31:35,28.0,23.8,26.4,36.0,65,1019,3510
4:32:36,28.3,23.9,26.8,36.2,65,1090,3491
4:33:36,28.7,24.2,27.1,36.3,65,1144,3480
4:34:37,28.8,24.5,27.3,36.4,65,1204,3505
4:35:37,29.0,24.7,27.6,36.5,65,1270,3480
4:36:38,29.3,24.9,27.9,36.5,65,1313,3500
4:37:38,29.4,25.0,28.1,36.6,65,1376,3500
4:38:38,29.6,25.1,28.3,36.6,65,1441,3500
4:39:39,29.8,25.2,28.5,36.7,65,1491,3502
4:40:39,29.3,26.6,29.7,34.5,65,1470,3489
4:41:40,28.9,27.7,31.7,33.3,64,1525,3491
4:42:40,28.6,28.3,33.1,32.5,64,1574,3497
4:43:40,28.3,28.9,33.8,32.3,63,1621,3494
4:44:41,28.2,29.1,34.3,32.2,62,1673,3500
4:45:41,28.3,29.4,34.6,32.0,61,1735,3491
4:46:42,28.2,29.7,34.7,32.0,60,1773,3505
4:47:42,28.2,29.8,34.8,32.1,59,1820,3521
4:48:42,28.3,29.9,34.9,32.2,58,1855,3508
4:49:43,28.3,30.1,35.0,32.3,58,1905,3497
4:50:43,28.3,30.1,35.2,32.2,58,1921,3497
4:51:43,28.3,30.4,35.3,31.8,58,1967,3505
4:52:44,28.4,30.7,36.0,31.6,57,2017,3510
4:53:44,28.5,30.9,36.2,31.5,57,2072,3508
4:54:44,28.5,31.1,36.4,31.5,56,2116,3510
4:55:44,28.6,31.3,36.3,31.3,56,2162,3513
4:56:45,28.6,31.5,36.5,31.4,56,2207,3500
4:57:45,28.7,31.6,36.4,31.2,55,2259,3521
4:58:45,28.6,31.7,36.7,31.4,55,2272,3505
4:59:46,28.4,31.8,36.9,31.3,55,2300,3513
5:0:46,28.1,31.9,37.1,31.4,54,2318,3505
5:1:46,28.0,31.9,37.1,31.4,54,2338,3505
5:2:46,28.1,31.9,37.2,31.5,53,2338,3502
5:3:47,27.8,32.0,37.0,31.4,53,2353,3502
5:4:47,28.1,32.0,37.2,31.6,52,2353,3497
5:5:47,28.0,32.1,37.3,31.5,52,2374,3521
5:6:47,28.2,32.1,37.1,31.6,52,2374,3510
5:7:47,28.2,32.2,37.2,31.6,52,2401,3505
5:8:48,28.2,32.3,37.2,31.8,52,2421,3510
5:9:48,28.2,32.1,37.2,31.7,52,2421,3510
5:10:48,28.2,32.4,37.2,31.8,51,2421,3527
5:11:48,28.3,32.4,37.3,31.9,51,2466,3521
5:12:49,28.3,32.3,37.2,32.0,51,2466,3500
5:13:49,28.3,32.4,37.3,31.9,51,2489,3510
5:14:49,28.3,32.3,37.2,31.9,51,2489,3494
5:15:49,28.3,32.4,37.3,31.9,51,2514,3500
5:16:49,28.3,32.4,37.3,32.2,51,2514,3497
5:17:50,28.3,32.5,37.3,32.1,51,2514,3516
5:18:50,28.3,32.5,37.3,32.1,51,2537,3505
5:19:50,28.4,32.5,37.3,32.1,51,2551,3502
5:20:50,28.4,32.5,37.3,32.1,51,2574,3516
5:21:50,28.4,32.6,37.3,32.2,51,2551,3519
5:22:50,28.4,32.5,37.3,32.4,51,2598,3510
5:23:51,28.4,32.7,37.4,32.2,51,2598,3519
5:24:51,28.5,32.5,37.3,32.2,51,2574,3519
5:25:51,28.5,32.7,37.3,32.3,51,2611,3510
5:26:51,28.5,32.7,37.3,32.4,51,2598,3497
5:27:51,28.5,32.8,37.5,32.4,51,2611,3505
5:28:51,28.4,32.8,37.4,32.4,51,2659,3508
5:29:52,28.5,32.7,37.3,32.5,51,2659,3505
5:30:52,28.6,32.7,37.4,32.5,51,2674,3519
5:31:52,28.5,32.8,37.5,32.5,51,2674,3505
5:32:52,28.7,32.9,37.5,32.6,51,2696,3519
5:33:52,28.6,32.8,37.3,32.6,51,2717,3497
5:34:52,28.5,32.9,37.6,32.6,50,2696,3508
5:35:53,28.6,32.9,37.4,32.7,50,2696,3508
5:36:53,28.7,32.9,37.4,32.7,50,2717,3516
5:37:53,28.7,32.8,37.5,32.8,51,2734,3508
5:38:53,28.6,32.9,37.5,32.7,50,2734,3508
5:39:53,28.7,33.0,37.4,32.7,50,2768,3513
5:40:53,28.7,33.0,37.5,32.7,50,2768,3510
5:41:53,28.7,32.9,37.5,32.7,50,2768,3510
5:42:53,28.7,33.0,37.4,32.8,51,2768,3513
5:43:54,28.7,32.9,37.4,32.9,50,2768,3513
5:44:54,28.7,33.0,37.5,32.8,50,2815,3494
5:45:54,31.6,33.5,36.6,32.9,50,2970,3497
5:46:54,34.9,34.6,35.2,32.9,50,3334,3513
5:47:54,36.2,35.4,34.3,32.8,53,3618,3510
5:48:54,36.7,35.8,33.6,32.7,55,3923,3497
5:49:54,36.9,36.1,33.2,32.8,55,4166,3510
5:50:53,37.1,36.4,32.9,32.8,55,4335,3500
5:51:53,37.2,36.4,32.6,32.7,55,4513,3505
5:52:53,37.2,36.3,32.7,32.7,55,4716,3494
5:53:53,37.3,36.4,32.5,32.8,55,4816,3521
5:54:53,37.3,36.5,32.4,32.7,55,5001,3502
5:55:53,37.3,36.4,32.4,32.7,55,5056,3516
5:56:52,37.4,36.5,32.4,32.9,55,5116,3521
5:57:52,37.3,36.4,32.3,32.8,55,5162,3521
5:58:52,37.3,36.3,32.3,32.8,55,5247,3519
5:59:52,37.4,36.4,32.2,32.8,55,5373,3516
6:0:52,37.4,36.4,32.2,32.9,55,5435,3508
6:1:51,37.4,36.4,32.3,32.8,55,5499,3516
6:2:51,37.3,36.6,32.3,32.9,55,5566,3502
6:3:51,37.4,36.5,32.0,32.8,55,5630,3500
6:4:51,37.2,36.4,32.1,32.8,55,5630,3505
6:5:51,37.3,36.5,31.9,32.7,55,5566,3508
6:6:50,36.9,36.4,32.0,32.1,55,5348,3489
6:7:50,36.1,36.8,32.5,31.1,54,4945,3521
6:8:50,35.5,36.8,32.9,30.3,53,4621,3497
6:9:50,34.8,36.9,32.9,29.8,52,4335,3497
6:10:50,34.4,36.9,33.1,29.4,52,4045,3524
6:11:50,34.1,36.8,33.0,29.1,51,3854,3510
6:12:50,33.7,36.9,33.0,28.8,51,3597,3508
6:13:51,33.5,36.8,32.9,28.6,51,3456,3521
6:14:51,33.3,36.1,32.8,29.1,51,3315,3500
6:15:51,34.1,36.2,32.6,29.4,51,3394,3513
6:16:51,34.8,36.3,32.3,29.6,52,3535,3500
6:17:51,35.2,36.5,32.0,29.8,54,3702,3510
6:18:51,35.4,36.5,31.9,29.9,54,3780,3513
6:19:51,35.6,36.6,31.8,29.9,55,3923,3519
6:20:51,35.8,36.5,31.7,30.0,55,3959,3516
6:21:51,35.9,36.6,31.6,30.1,55,4122,3519
6:22:51,35.8,36.7,31.8,30.3,55,4214,3510
6:23:51,35.9,36.7,31.8,30.2,55,4214,3516
6:24:51,35.8,36.8,31.7,30.2,55,4302,3516
6:25:51,35.9,36.6,31.7,30.3,55,4335,3505
6:26:51,35.7,36.6,31.6,30.3,55,4335,3510
6:27:51,35.8,36.7,31.7,30.2,55,4402,3508
6:28:51,35.8,36.6,31.8,30.2,55,4435,3524
6:29:51,35.9,36.7,31.6,30.3,55,4492,3516
6:30:51,35.7,36.8,31.7,30.3,55,4492,3519
6:31:51,35.9,36.7,31.8,30.2,55,4513,3513
6:32:50,35.8,36.6,31.7,30.3,55,4513,3513
6:33:50,36.0,36.6,31.8,30.3,55,4556,3521
6:34:50,35.8,36.8,31.8,30.2,55,4556,3524
6:35:50,35.8,36.6,31.7,30.3,55,4621,3519
6:36:50,35.9,36.7,31.8,30.3,55,4621,3513
6:37:50,35.9,36.7,31.7,30.3,55,4621,3532
6:38:50,35.8,36.7,31.8,30.3,55,4621,3508
6:39:50,35.9,36.5,31.8,30.3,55,4662,3527
6:40:50,35.9,36.7,31.7,30.3,55,4662,3516
6:41:50,35.8,36.7,31.7,30.3,55,4662,3497
6:42:50,35.8,36.7,31.8,30.2,55,4662,3521
6:43:50,35.9,36.7,31.7,30.3,55,4716,3502
6:44:50,35.8,36.8,31.8,30.3,54,4716,3513
6:45:50,35.9,36.7,31.8,30.3,55,4716,3524
6:46:50,36.0,36.6,31.7,30.3,55,4716,3513
6:47:49,35.9,36.7,31.8,30.3,55,4716,3516
6:48:49,35.8,36.8,31.8,30.3,55,4716,3497
6:49:49,35.9,36.8,31.8,30.4,55,4716,3519
6:50:49,35.9,36.7,31.8,30.4,55,4761,3516
6:51:49,35.9,36.8,31.7,30.3,55,4716,3527
6:52:49,35.8,36.7,31.8,30.4,54,4716,3513
6:53:49,35.8,36.8,31.7,30.3,55,4716,3519
6:54:49,35.8,36.8,31.8,30.2,55,4761,3519
6:55:49,35.8,36.7,31.8,30.3,54,4761,3521
6:56:49,35.9,36.7,31.8,30.4,55,4761,3516
6:57:49,35.9,36.8,31.8,30.3,54,4716,3521
6:58:49,35.8,36.7,31.8,30.3,54,4716,3516
6:59:49,35.9,36.7,31.8,30.3,55,4716,3516
7:0:49,35.8,36.6,31.8,30.3,54,4761,3519
7:1:48,36.0,36.7,31.8,30.4,55,4761,3510
7:2:48,35.8,36.7,31.8,30.4,54,4716,3513
7:3:48,35.9,36.6,31.8,30.3,54,4716,3502
7:4:48,36.0,36.7,31.8,30.3,55,4716,3516
7:5:48,35.8,36.7,31.8,30.3,54,4716,3502
7:6:48,36.0,36.7,31.8,30.3,54,4716,3527
7:7:48,35.9,36.8,31.8,30.3,55,4716,3516
7:8:48,35.9,36.8,31.9,30.3,54,4716,3505
7:9:48,35.8,36.8,31.8,30.5,54,4716,3521
7:10:48,35.9,36.7,31.8,30.3,54,4716,3502
7:11:48,35.9,36.7,31.8,30.4,54,4716,3513
7:12:48,35.9,36.8,31.8,30.3,54,4716,3510
7:13:48,36.0,36.8,31.8,30.3,54,4716,3502
7:14:48,36.0,36.8,31.7,30.3,54,4716,3497
7:15:47,36.0,36.8,31.9,30.3,54,4662,3513
7:16:47,36.0,36.8,31.8,30.3,54,4662,3502
7:17:47,36.0,36.7,31.9,30.3,54,4662,3497
7:18:47,35.9,36.7,31.8,30.4,54,4662,3505
7:19:47,36.0,36.7,31.9,30.5,54,4662,3516
7:20:47,35.9,36.8,31.7,30.3,54,4662,3502
7:21:47,36.0,36.8,31.8,30.5,54,4621,3502
7:22:47,35.9,36.7,31.8,30.3,54,4556,3524
7:23:47,36.0,37.0,31.9,30.4,54,4621,3502
7:24:47,35.8,36.8,31.8,30.4,54,4621,3508
7:25:47,36.0,36.7,31.8,30.4,54,4621,3521
7:26:47,36.1,36.7,31.8,30.5,54,4556,3521
7:27:47,35.5,36.7,32.2,30.6,54,4302,3527
7:28:47,35.4,36.9,32.4,30.6,52,4250,3527
7:29:47,35.6,37.1,32.2,30.5,53,4250,3505
7:30:46,35.6,37.2,32.1,30.4,53,4250,3521
7:31:46,35.5,37.2,32.0,30.3,53,4250,3516
7:32:46,35.6,37.2,32.0,30.3,53,4250,3527
7:33:46,35.6,37.1,32.0,30.2,53,4250,3508
7:34:46,35.5,37.0,32.1,30.3,54,4250,3497
7:35:46,35.6,37.0,31.9,30.3,54,4250,3524
7:36:46,35.7,37.2,32.0,30.2,53,4250,3510
7:37:46,35.6,37.1,32.0,30.3,53,4250,3521
7:38:46,35.6,37.1,32.0,30.2,54,4250,3502
7:39:46,35.6,37.1,31.9,30.2,54,4214,3510
7:40:46,35.6,37.1,31.9,30.2,53,4214,3516
7:41:46,35.6,37.1,31.9,30.1,54,4214,3532
7:42:46,35.6,37.0,31.9,30.1,54,4250,3521
7:43:46,35.6,36.9,31.9,30.2,54,4214,3519
7:44:46,35.5,37.0,31.9,30.1,54,4214,3516
7:45:46,35.6,37.0,31.9,30.2,54,4214,3510
7:46:46,35.6,37.0,31.9,30.2,54,4166,3521
7:47:46,35.4,37.0,31.9,30.2,54,4166,3527
7:48:45,35.5,37.0,31.9,30.2,54,4166,3505
7:49:45,35.5,37.0,31.9,30.1,54,4166,3494
7:50:45,35.5,37.0,31.9,30.1,54,4214,3519
7:51:45,35.6,37.1,31.9,30.2,54,4166,3524
7:52:45,35.6,37.0,31.9,30.2,54,4166,3516
7:53:45,35.5,37.0,32.0,30.1,54,4166,3516
7:54:45,35.6,36.9,32.0,30.2,54,4250,3513
7:55:45,35.6,37.0,31.8,30.1,54,4166,3521
7:56:45,35.6,37.2,31.9,30.1,54,4214,3521
7:57:45,35.6,37.1,31.9,30.3,54,4166,3502
7:58:45,35.6,37.0,32.0,30.2,54,4166,3508
7:59:45,35.5,37.1,31.9,30.0,54,4166,3521
8:0:45,35.3,37.0,31.9,30.2,54,4166,3519
8:1:45,35.7,37.0,31.9,30.2,54,4166,3508
8:2:45,35.5,37.0,31.9,30.0,54,4122,3516
8:3:45,35.5,37.3,32.0,30.3,54,4083,3508
8:4:45,35.5,37.1,31.9,30.2,54,4122,3497
8:5:45,35.6,37.2,31.9,30.0,54,4122,3510
8:6:45,35.6,37.2,31.9,30.0,54,4083,3505
8:7:44,35.5,37.0,31.8,30.0,54,3959,3521
8:8:44,35.6,37.2,31.9,30.0,53,3898,3513
8:9:44,36.1,36.9,31.5,30.2,52,3780,3508
8:10:44,36.5,36.9,31.2,30.4,51,3734,3502
8:11:44,36.5,36.8,31.1,30.8,51,3702,3521
8:12:44,36.7,36.8,31.0,30.9,52,3702,3508
8:13:44,36.8,36.9,30.8,31.1,53,3702,3516
8:14:44,36.7,36.8,30.8,31.1,52,3681,3508
8:15:44,36.8,36.9,30.8,31.1,53,3681,3513
8:16:44,36.9,36.8,30.7,31.1,53,3681,3508
8:17:44,36.9,36.7,30.8,31.2,53,3681,3516
8:18:44,35.7,35.7,31.3,34.3,53,3495,3513
8:19:44,35.1,34.4,32.1,36.5,52,3394,3521
8:20:44,34.7,33.6,32.5,37.4,51,3315,3521
8:21:44,34.8,32.9,32.9,37.6,51,3240,3508
8:22:44,34.7,32.8,32.9,37.7,52,3149,3502
8:23:44,34.7,32.5,33.2,37.8,52,3065,3521
8:24:44,34.6,32.4,33.3,37.9,52,2996,3521
8:25:44,34.6,32.3,33.3,37.9,52,2954,3513
8:26:44,34.5,32.2,33.4,37.9,53,2929,3510
8:27:44,34.6,32.3,33.3,37.8,53,2861,3524
8:28:44,34.6,32.2,33.3,37.9,53,2829,3505
8:29:44,34.6,32.2,33.4,37.9,53,2815,3530
8:30:44,34.5,32.2,33.3,37.9,53,2793,3516
8:31:44,34.4,32.2,33.5,37.9,53,2734,3508
8:32:44,34.5,32.2,33.5,38.0,53,2717,3505
8:33:44,34.5,32.3,33.4,37.9,54,2717,3510
8:34:44,34.5,32.3,33.5,37.9,54,2696,3524
8:35:43,34.5,32.2,33.5,37.9,54,2674,3527
8:36:43,34.4,32.2,33.4,37.9,54,2659,3519
8:37:43,34.6,32.2,33.4,37.9,54,2611,3524
8:38:43,34.5,32.2,33.5,37.9,54,2598,3527
8:39:46,34.5,32.5,33.6,37.4,54,2717,3521
8:40:43,34.5,34.9,35.4,36.4,55,3040,3524
8:41:43,34.6,36.4,36.7,35.6,58,3334,3521
8:42:43,34.7,37.0,37.2,35.2,55,3618,3527
8:43:43,35.0,37.4,37.5,35.0,54,3854,3513
8:44:42,35.1,37.5,37.8,34.8,53,4083,3510
8:45:42,35.2,37.7,37.8,34.8,52,4250,3519
8:46:42,35.3,37.8,37.9,34.8,52,4492,3513
8:47:42,35.4,37.9,38.0,34.8,51,4621,3519
8:48:41,35.5,37.9,38.1,34.7,51,4761,3516
8:49:41,35.6,38.1,38.2,34.8,51,4870,3513
8:50:41,35.6,37.9,38.1,34.7,50,5001,3521
8:51:40,35.6,37.9,38.2,34.8,50,5056,3519
8:52:40,35.6,38.1,38.1,34.7,50,5162,3535
8:53:40,35.6,37.9,38.1,34.8,50,5222,3524
8:54:39,35.7,38.1,38.2,34.8,49,5348,3516
8:55:39,35.7,38.1,38.3,34.7,49,5373,3521
8:56:39,35.6,38.1,38.3,34.6,49,5435,3519
8:57:38,35.7,38.1,38.1,34.8,49,5435,3543
8:58:38,35.5,38.1,38.1,34.7,49,5435,3524
8:59:37,35.7,38.2,38.4,34.8,49,5499,3527
9:0:37,35.6,38.1,38.2,34.8,49,5566,3510
9:1:37,35.7,38.0,38.1,34.7,48,5630,3513
9:2:36,35.7,38.2,38.2,34.7,48,5499,3521
9:3:36,35.7,38.1,38.1,34.6,49,5566,3519
9:4:36,35.6,38.0,38.2,34.8,48,5566,3513
9:5:35,35.7,38.1,38.2,34.7,48,5566,3513
9:6:35,35.7,38.1,38.1,34.7,48,5630,3508
9:7:35,35.6,38.1,38.2,34.7,48,5630,3519
9:8:34,35.7,38.2,38.3,34.7,48,5630,3516
9:9:34,35.7,38.1,38.3,34.6,48,5630,3519
9:10:34,35.6,38.1,38.1,34.7,48,5630,3521
9:11:33,35.6,38.2,38.2,34.6,47,5674,3530
9:12:33,35.6,38.2,38.2,34.6,47,5630,3532
9:13:33,35.8,38.1,38.3,34.7,48,5630,3513
9:14:32,35.6,38.1,38.3,34.6,48,5630,3527
9:15:32,35.6,38.1,38.3,34.6,47,5630,3516
9:16:32,35.7,38.1,38.1,34.7,47,5630,3543
9:17:31,35.8,38.2,38.2,34.7,47,5630,3505
9:18:31,35.4,37.8,38.0,34.5,47,5435,3497
9:19:31,35.3,37.0,38.2,34.9,47,5222,3541
9:20:30,35.2,36.5,38.3,35.4,46,5222,3519
9:21:30,35.2,36.0,38.3,35.8,47,5162,3519
9:22:30,35.3,36.0,38.3,36.2,47,5162,3521
9:23:29,35.3,35.8,38.4,36.4,47,5222,3502
9:24:29,35.4,35.6,38.4,36.5,48,5247,3519
9:25:29,35.5,35.7,38.3,36.8,48,5222,3516
9:26:28,35.3,35.7,38.3,36.8,48,5247,3516
9:27:28,35.6,35.7,38.4,37.0,48,5348,3532
9:28:28,35.7,35.7,38.5,37.0,48,5348,3519
9:29:27,35.8,35.7,38.5,37.0,48,5348,3527
9:30:27,35.7,35.6,38.5,37.1,48,5348,3516
9:31:26,35.4,35.6,38.5,37.0,48,5348,3516
9:32:26,35.7,35.3,37.5,38.3,48,5373,3494
9:33:26,35.9,35.0,37.0,38.6,48,5435,3508
9:34:25,36.0,34.9,36.7,38.7,49,5435,3524
9:35:25,35.9,34.6,36.5,38.7,49,5435,3510
9:36:25,36.1,34.6,36.2,38.6,49,5435,3516
9:37:24,36.1,34.4,36.2,38.8,50,5499,3519
9:38:24,36.0,34.3,36.1,38.7,50,5435,3527
9:39:23,36.2,34.2,35.9,38.6,50,5435,3527
9:40:23,36.1,34.4,35.9,38.8,50,5435,3502
9:41:24,35.9,34.1,35.7,38.0,50,5116,3486
9:42:22,37.2,34.6,35.0,37.4,49,4945,3521
9:43:22,37.8,34.9,34.5,36.9,49,4945,3510
9:44:22,38.1,35.2,34.0,36.7,50,5001,3516
9:45:21,38.1,35.4,33.8,36.5,51,4945,3530
9:46:21,38.3,35.7,33.6,36.4,51,4945,3513
9:47:21,38.2,35.6,33.6,36.2,51,4945,3513
9:48:20,38.1,35.6,33.5,36.1,51,4902,3516
9:49:20,38.0,35.6,33.5,36.1,51,4902,3513
9:50:20,38.1,35.7,33.4,36.0,51,4945,3519
9:51:19,38.1,35.8,33.5,36.0,51,4870,3508
9:52:19,38.1,35.6,33.4,36.1,51,4870,3519
9:53:19,38.1,35.8,33.3,36.1,51,4902,3532
9:54:18,38.2,35.7,33.4,36.1,51,4816,3508
9:55:18,38.1,35.6,33.4,36.1,51,4761,3521
9:56:18,38.2,35.7,33.4,36.1,51,4816,3516
9:57:17,38.2,35.4,33.4,36.0,51,4761,3516
9:58:17,38.1,35.7,33.4,36.0,51,4761,3519
9:59:17,38.2,35.7,33.4,36.0,51,4761,3532
10:0:18,38.1,35.7,33.3,35.8,51,4662,3524
10:1:16,37.0,35.3,35.7,36.0,50,4662,3516
10:2:16,36.4,35.1,37.4,36.3,51,4716,3500
10:3:15,35.9,35.0,37.9,36.4,51,4761,3519
10:4:15,35.8,35.0,37.9,36.8,50,4816,3538
10:5:15,35.3,35.0,38.2,36.7,50,4816,3510
10:6:15,35.4,35.0,38.1,36.9,50,4816,3516
10:7:14,35.2,34.8,38.2,36.9,50,4816,3510
10:8:14,35.1,34.9,38.2,36.8,49,4816,3508
10:9:14,35.1,34.9,38.2,36.9,50,4816,3527
10:10:13,35.2,34.9,38.2,36.9,50,4816,3508
10:11:13,35.1,34.8,38.2,37.0,49,4816,3513
10:12:13,35.0,34.8,38.1,36.8,49,4816,3505
10:13:12,35.2,34.8,38.2,36.9,49,4816,3524
10:14:12,35.0,34.8,38.1,36.8,49,4816,3513
10:15:12,35.0,34.8,38.2,36.9,49,4761,3521
10:16:11,35.0,34.6,38.1,36.8,49,4816,3505
10:17:11,35.2,34.8,38.1,36.9,49,4761,3513
10:18:11,34.9,34.7,38.2,36.9,49,4761,3524
10:19:11,35.1,34.7,38.2,36.8,49,4716,3524
10:20:10,35.0,34.7,38.1,36.8,49,4761,3524
10:21:10,35.0,34.6,38.2,36.9,49,4816,3530
10:22:10,34.9,34.6,38.2,36.9,49,4761,3516
10:23:9,34.9,34.6,38.0,36.8,49,4716,3508
10:24:9,34.9,34.6,38.0,36.8,49,4716,3532
10:25:9,34.9,34.6,38.1,36.8,49,4716,3516
10:26:8,34.9,34.5,38.1,36.8,49,4662,3519
10:27:8,34.7,34.6,38.1,36.7,49,4662,3535
10:28:8,34.6,34.7,38.1,36.9,49,4662,3516
10:29:8,34.1,35.0,37.6,36.2,49,4492,3508
10:30:7,33.8,35.5,37.3,34.8,49,4302,3535
10:31:7,33.6,35.9,37.4,34.0,48,4122,3510
10:32:7,33.2,36.3,37.4,33.5,49,4000,3527
10:33:7,33.0,36.3,37.3,33.3,49,3898,3513
10:34:7,32.8,36.3,37.3,33.0,49,3780,3532
10:35:7,32.7,36.2,37.3,32.7,49,3681,3521
10:36:7,32.5,36.3,37.1,32.7,49,3563,3524
10:37:6,32.5,36.3,37.0,32.5,49,3495,3510
10:38:6,32.4,36.2,37.0,32.3,49,3431,3527
10:39:6,32.1,36.2,36.9,32.3,49,3365,3513
10:40:6,32.2,36.3,37.0,32.1,50,3315,3521
10:41:6,32.0,36.1,36.9,32.0,50,3240,3532
10:42:6,32.0,36.0,36.8,31.7,50,3185,3521
10:43:6,31.9,36.0,36.9,32.5,50,3261,3510
10:44:6,32.0,35.9,37.3,33.0,51,3334,3532
10:45:6,31.9,36.0,37.5,33.2,51,3394,3524
10:46:6,31.9,36.0,37.6,33.6,51,3535,3513
10:47:6,32.0,36.1,37.8,33.8,51,3563,3510
10:48:6,32.0,36.1,37.8,34.0,51,3618,3521
10:49:6,32.1,36.2,37.8,33.9,51,3702,3516
10:50:6,32.1,36.3,37.9,34.2,51,3780,3519
10:51:6,32.3,36.2,37.9,34.2,51,3824,3513
10:52:5,32.2,36.2,38.0,34.4,51,3898,3510
10:53:5,32.2,36.4,38.0,34.3,51,3923,3524
10:54:5,32.2,36.4,37.9,34.4,51,3959,3500
10:55:5,32.3,36.4,37.9,34.5,51,3959,3502
10:56:5,32.3,36.5,37.9,34.5,51,4000,3510
10:57:5,32.4,36.5,37.9,34.5,51,4000,3513
10:58:5,32.3,36.3,38.2,34.4,50,4045,3519
10:59:4,32.4,36.4,37.9,34.5,50,4083,3508
11:0:4,32.5,36.5,38.2,34.5,50,4122,3508
11:1:4,32.3,36.5,38.0,34.5,51,4122,3502
11:2:4,32.4,36.4,38.1,34.5,50,4122,3521
11:3:4,32.4,36.5,38.1,34.5,50,4166,3513
11:4:4,32.4,36.5,38.0,34.5,50,4166,3519
11:5:3,32.4,36.5,38.1,34.5,50,4166,3516
11:6:3,32.3,36.4,38.1,34.6,50,4214,3516
11:7:3,32.3,36.5,38.0,34.7,50,4214,3508
11:8:3,32.3,36.5,38.1,34.5,50,4214,3519
11:9:3,32.4,36.5,38.1,34.7,50,4214,3502
11:10:2,32.3,36.4,37.9,34.7,50,4214,3516
11:11:2,32.4,36.4,38.1,34.6,50,4214,3510
11:12:2,32.5,36.4,38.1,34.6,50,4214,3519
11:13:2,32.5,36.4,38.0,34.7,50,4250,3513
11:14:2,32.4,36.5,38.0,34.6,50,4250,3505
11:15:2,32.5,36.6,38.1,34.6,50,4250,3516
11:16:1,32.4,36.5,37.9,34.6,50,4302,3494
11:17:1,32.5,36.5,38.1,34.7,50,4250,3524
11:18:1,32.4,36.5,37.9,34.6,50,4302,3521
11:19:1,32.4,36.6,38.1,34.7,50,4302,3513
11:20:1,32.4,36.4,38.1,34.7,50,4335,3508
11:21:1,32.4,36.5,38.1,34.6,50,4335,3505
11:22:0,32.5,36.5,38.1,34.6,50,4335,3524
11:23:0,32.4,36.5,38.0,34.7,50,4335,3513
11:24:0,32.4,36.4,38.1,34.6,50,4402,3513
11:25:0,32.5,36.5,38.1,34.6,50,4402,3505
11:26:0,32.4,36.5,38.2,34.7,50,4402,3521
11:27:0,32.4,36.4,38.0,34.8,50,4402,3510
11:27:59,32.5,36.5,38.0,34.7,50,4402,3513
11:28:59,32.5,36.5,38.0,34.7,50,4435,3508
11:29:59,32.7,36.5,38.0,35.0,50,4435,3508
11:30:59,32.9,35.7,37.8,35.2,50,4402,3510
11:31:59,32.8,35.1,37.6,35.6,50,4402,3524
11:32:58,32.7,34.7,37.7,35.8,50,4435,3516
11:33:58,32.7,34.3,37.6,36.0,50,4335,3513
11:34:58,32.4,34.1,37.5,36.1,50,4335,3516
11:35:58,32.4,33.9,37.4,36.1,51,4250,3521
11:36:58,32.4,33.9,37.4,36.0,51,4250,3502
11:37:58,32.2,33.6,37.4,36.1,51,4214,3521
11:38:58,32.2,33.5,37.4,36.1,51,4166,3502
11:39:57,32.2,33.5,37.3,35.9,51,4166,3510
11:40:57,32.1,33.4,37.3,35.9,51,4083,3510
11:41:57,32.0,33.3,37.3,35.9,52,4045,3527
11:42:57,32.0,33.3,37.3,36.0,52,4000,3521
11:43:57,31.8,33.2,37.2,35.8,52,4000,3500
11:44:57,31.9,33.1,37.2,35.8,52,3959,3521
11:45:57,31.7,33.0,37.2,35.7,52,3959,3508
11:46:57,31.7,33.1,37.1,35.6,52,3923,3510
11:47:57,31.7,33.1,37.0,35.7,52,3898,3510
11:48:57,31.6,33.0,37.0,35.7,52,3923,3521
11:49:56,31.6,32.9,37.2,35.6,52,3898,3516
11:50:56,31.7,32.9,37.1,35.6,52,3854,3532
11:51:56,31.7,32.9,37.1,35.7,52,3854,3513
11:52:56,31.6,32.8,37.0,35.7,52,3854,3516
11:53:56,31.5,32.9,37.0,35.7,53,3854,3510
11:54:56,31.6,32.8,37.0,35.6,53,3824,3502
11:55:56,31.5,32.8,37.0,35.6,53,3824,3519
11:56:56,31.5,32.9,37.0,35.7,53,3824,3486
11:57:56,31.8,32.8,36.7,35.8,53,3824,3508
11:58:56,32.1,32.4,36.3,37.3,52,3780,3527
11:59:56,32.5,32.0,36.1,37.8,52,3702,3527
12:0:55,32.5,31.8,36.0,37.9,51,3618,3508
12:1:55,32.8,31.6,35.8,37.9,51,3535,3508
12:2:55,32.8,31.5,35.7,38.0,51,3535,3500
12:3:55,32.9,31.5,35.7,38.0,52,3456,3502
12:4:55,33.0,31.3,35.7,38.0,51,3431,3521
12:5:55,33.1,31.3,35.7,37.9,52,3394,3497
12:6:55,33.1,31.3,35.7,38.0,52,3334,3521
12:7:55,33.1,31.2,35.8,37.9,52,3315,3513
12:8:55,33.1,31.3,35.7,38.0,52,3315,3516
12:9:54,33.1,31.2,35.7,37.9,51,3315,3505
12:10:54,33.1,31.1,35.7,37.9,52,3296,3519
12:11:54,33.1,31.2,35.6,37.9,52,3240,3519
12:12:54,33.2,31.3,35.6,37.9,52,3240,3516
12:13:54,33.1,31.3,35.7,37.9,52,3212,3502
12:14:54,33.1,31.2,35.7,38.0,52,3212,3505
12:15:54,33.2,31.2,35.8,38.1,52,3185,3508
12:16:54,33.2,31.3,35.8,38.0,52,3185,3508
12:17:54,33.2,31.3,35.7,38.1,52,3149,3513
12:18:53,33.2,31.3,35.7,38.0,52,3149,3535
12:19:53,33.3,31.2,35.8,38.0,52,3149,3527
12:20:53,33.3,31.2,35.7,37.9,52,3113,3508
12:21:53,33.1,31.2,35.7,38.0,52,3113,3521
12:22:53,33.1,31.2,35.7,38.1,52,3113,3508
12:23:53,33.1,31.2,35.7,38.1,52,3092,3524
12:24:53,33.2,31.3,35.8,38.1,52,3065,3527
12:25:53,33.2,31.4,35.6,38.1,52,3065,3513
12:26:53,33.1,31.2,35.7,38.0,52,3092,3516
12:27:52,33.3,31.2,35.8,37.9,52,3065,3524
12:28:52,33.3,31.2,35.7,38.1,52,3065,3519
12:29:52,33.3,31.3,35.8,38.1,52,3065,3500
12:30:52,33.2,31.2,35.8,38.1,52,3065,3521
12:31:52,33.3,31.4,35.9,38.1,52,3065,3516
12:32:52,33.3,31.3,35.8,38.2,52,3040,3521
12:33:52,33.3,31.4,35.8,37.9,52,3065,3508
12:34:52,33.2,31.4,35.8,38.0,52,3065,3513
12:35:51,33.3,31.3,35.8,38.1,52,3040,3508
12:36:51,33.3,31.3,35.8,38.0,52,3040,3527
12:37:51,33.3,31.3,35.8,38.1,52,3040,3510
12:38:51,33.3,31.4,35.8,38.0,52,3040,3497
12:39:51,33.3,31.4,35.9,38.1,52,2996,3510
12:40:51,33.3,31.2,35.9,38.1,52,2996,3521
12:41:51,33.2,31.2,35.8,38.1,52,3040,3508
12:42:50,33.7,32.1,35.5,37.8,52,3040,3510
12:43:50,34.4,32.3,35.1,38.2,52,3185,3521
12:44:50,34.9,32.3,34.8,38.2,52,3296,3505
12:45:50,35.2,32.2,34.8,38.3,53,3365,3516
12:46:50,35.4,32.2,34.7,38.4,53,3495,3502
12:47:49,35.5,32.4,34.6,38.4,53,3597,3524
12:48:49,35.7,32.3,34.9,38.4,53,3618,3521
12:49:49,35.6,32.2,34.6,38.4,53,3702,3508
12:50:49,35.7,32.3,34.6,38.4,53,3780,3513
12:51:48,35.9,32.4,34.8,38.4,53,3854,3508
12:52:48,35.9,32.3,34.8,38.5,53,3854,3510
12:53:48,35.9,32.4,34.7,38.4,53,3923,3505
12:54:47,36.0,32.3,34.8,38.5,53,3959,3510
12:55:47,35.9,32.4,34.9,38.4,53,3959,3502
12:56:47,35.9,32.5,34.9,38.3,53,4045,3516
12:57:47,36.0,32.4,34.9,38.5,53,4083,3510
12:58:46,36.0,32.5,34.9,38.5,53,4083,3510
12:59:46,36.0,32.5,34.8,38.5,52,4122,3510
13:0:46,35.9,32.5,35.0,38.5,53,4166,3521
13:1:45,36.0,32.4,34.8,38.6,53,4166,3530
13:2:45,36.1,32.5,34.9,38.6,53,4214,3543
13:3:45,36.1,32.6,35.0,38.6,52,4214,3516
13:4:44,36.2,32.6,34.9,38.6,52,4250,3521
13:5:44,36.0,32.5,35.0,38.6,52,4302,3521
13:6:44,36.0,32.6,34.9,38.6,52,4250,3491
13:7:44,36.0,32.6,35.0,38.6,53,4250,3519
13:8:43,36.1,32.6,35.0,38.6,52,4302,3532
13:9:43,36.0,32.6,34.9,38.5,52,4214,3524
13:10:43,35.7,32.5,35.0,38.3,52,4122,3500
13:11:42,35.5,32.4,35.2,38.4,51,4083,3535
13:12:42,35.4,32.4,35.1,38.3,51,4045,3502
13:13:42,35.5,32.4,35.1,38.3,51,4045,3527
13:14:41,35.5,32.2,35.2,38.4,51,3959,3530
13:15:41,35.4,32.3,35.1,38.2,51,3923,3521
13:16:41,35.4,32.2,35.0,38.4,51,3898,3510
13:17:41,35.3,32.2,35.0,38.2,51,3854,3502
13:18:40,35.4,32.0,34.9,38.3,51,3854,3527
13:19:40,35.3,32.0,35.0,38.3,51,3780,3516
13:20:40,35.3,32.0,35.0,38.2,51,3734,3502
13:21:40,35.2,32.0,34.9,38.2,51,3702,3521
13:22:39,35.0,32.2,34.7,37.2,51,3535,3510
13:23:39,36.0,32.7,34.0,35.3,50,3394,3510
13:24:39,36.5,32.9,33.4,34.0,49,3315,3505
13:25:39,36.9,33.1,32.8,33.0,49,3185,3532
13:26:39,36.9,33.3,32.3,32.4,48,2996,3519
13:27:38,36.6,33.2,32.0,31.7,48,2793,3510
13:28:38,35.8,33.0,31.6,31.3,47,2598,3521
13:29:38,34.7,32.8,31.2,30.8,47,2338,3516
13:30:39,33.9,32.4,30.8,30.4,46,2146,3519
13:31:39,33.2,32.2,30.7,29.9,46,1921,3500
13:32:39,32.6,31.8,30.2,29.4,46,1749,3521
13:33:39,31.9,31.5,29.7,29.0,45,1584,3535
13:34:39,31.2,31.2,29.4,28.6,45,1470,3519
13:35:40,30.7,30.8,28.9,28.1,46,1338,3510
13:36:40,30.3,30.3,28.6,27.8,46,1235,3519
13:37:41,29.9,30.0,28.4,27.4,46,1125,3497
13:38:41,29.7,29.7,28.0,27.0,46,1050,3497
13:39:42,29.3,29.4,27.8,27.0,46,977,3500
13:40:43,29.0,29.1,27.4,26.6,47,909,3508
13:41:43,28.8,28.9,27.3,26.4,47,848,3508
13:42:44,28.6,28.5,26.9,26.1,47,793,3510
13:43:45,28.5,28.3,26.6,25.9,47,748,3491
13:44:45,28.6,28.0,26.6,25.9,47,714,3505
13:45:46,28.6,27.9,26.4,25.8,48,683,3521
13:46:47,28.5,27.7,26.3,25.8,48,657,3516
13:47:48,28.2,27.7,26.2,25.7,48,637,3505
13:48:49,28.0,27.5,26.1,25.6,48,623,3497
13:49:49,28.0,27.4,26.1,25.6,48,611,3505
13:50:50,28.0,27.3,25.9,25.5,49,599,3508
13:51:51,28.2,27.3,26.0,25.6,49,581,3502
13:52:52,28.5,27.2,25.9,25.7,50,569,3505
13:53:53,29.0,27.2,25.9,25.6,50,552,3500
13:54:53,29.6,27.1,25.9,25.5,49,530,3489
13:55:54,29.9,27.2,26.1,25.7,49,524,3508
13:56:55,29.8,27.1,26.0,25.5,49,503,3497
13:57:56,29.1,27.1,26.1,25.6,49,501,3505
13:58:57,28.7,27.0,26.1,25.6,50,492,3489
13:59:58,28.3,27.0,26.2,25.6,50,480,3510
14:0:58,28.0,27.0,26.2,25.8,50,464,3483
14:1:59,27.8,26.9,26.3,25.8,50,464,3494
14:3:0,27.7,27.0,26.3,26.0,50,460,3510
14:4:1,27.5,26.7,26.3,26.2,50,463,3500
14:5:2,27.3,26.8,26.4,26.6,51,472,3494
14:6:3,27.3,26.8,26.4,27.1,51,472,3502
14:7:3,27.4,26.7,26.4,27.0,51,480,3494
14:8:4,27.3,26.8,26.4,27.0,51,481,3497
14:9:5,27.3,26.7,26.4,27.1,51,485,3497
14:10:6,27.4,26.7,26.4,27.1,51,492,3510
14:11:6,27.5,26.7,26.3,27.0,51,485,3502
14:12:7,27.5,26.7,26.2,26.7,51,475,3491
14:13:8,27.7,26.7,26.1,26.6,51,459,3508
14:14:9,27.8,26.7,26.1,26.7,50,452,3516
14:15:9,27.9,26.6,26.0,26.5,50,439,3489
14:16:10,27.7,26.5,25.8,26.0,50,420,3510
14:17:11,27.4,26.4,25.7,25.6,50,405,3494
14:18:12,27.0,26.3,25.4,25.2,50,400,3497
14:19:13,26.7,26.2,25.2,24.7,50,400,3500
14:20:14,26.2,26.0,25.0,24.3,50,400,3494
14:21:15,25.9,25.8,24.7,24.0,49,400,3497
14:22:16,25.4,25.6,24.5,23.9,50,400,3500
14:23:17,25.2,25.3,24.3,23.7,50,400,3491
14:24:18,25.2,25.1,24.2,23.9,50,400,3486
14:25:19,25.3,25.0,24.1,24.0,50,400,3502
14:26:20,25.3,24.9,24.1,23.9,51,400,3510
14:27:22,25.3,24.9,24.0,23.8,51,400,3500
14:28:23,25.1,24.7,23.8,23.5,52,400,3508
14:29:24,27.3,24.7,23.7,24.4,52,414,3500
14:30:25,29.5,24.9,23.8,25.5,52,439,3502
14:31:26,30.9,25.2,23.9,26.4,53,460,3483
14:32:27,31.7,25.5,24.1,27.3,53,487,3491
14:33:28,32.3,25.8,24.4,28.0,53,518,3500
14:34:28,32.7,26.2,24.7,28.8,54,548,3497
14:35:29,33.0,26.5,25.0,29.2,55,581,3497
14:36:30,33.4,26.9,25.3,29.7,55,620,3494
14:37:30,33.6,27.2,25.6,29.9,55,652,3505
14:38:31,33.8,27.5,25.9,30.4,55,690,3500
14:39:31,34.1,27.9,26.2,30.7,55,733,3489
14:40:32,34.3,28.2,26.5,30.9,55,776,3494
14:41:32,33.9,29.6,26.9,30.7,55,798,3483
14:42:33,33.1,33.8,29.1,31.1,55,956,3510
14:43:33,32.9,35.4,31.2,31.4,59,1128,3497
14:44:33,33.0,36.1,32.6,31.9,56,1299,3502
14:45:33,33.3,36.6,33.5,32.4,55,1503,3510
14:46:33,33.6,36.8,34.2,32.8,53,1688,3494
14:47:33,33.9,37.0,34.5,33.2,53,1895,3497
14:48:33,34.2,37.2,35.1,33.6,52,2072,3486
14:49:33,34.5,37.3,35.3,33.7,51,2285,3502
14:50:33,34.7,37.5,35.7,34.1,50,2452,3510
14:51:33,35.0,37.6,35.8,34.4,50,2666,3505
14:52:32,35.1,37.8,36.0,34.6,50,2829,3500
14:53:32,35.4,37.8,36.1,34.6,50,3023,3505
14:54:32,35.5,37.8,36.3,34.7,49,3203,3500
14:55:32,35.6,37.9,36.4,34.9,49,3365,3508
14:56:31,35.6,37.9,36.5,34.9,49,3515,3508
14:57:31,35.8,38.0,36.6,34.9,48,3639,3521
14:58:31,36.0,37.9,36.7,34.9,48,3780,3505
14:59:30,36.0,38.1,36.5,34.6,48,3865,3502
15:0:30,35.8,38.0,36.6,34.3,48,3898,3500
15:1:30,35.8,38.1,36.8,34.3,47,3992,3502
15:2:29,35.8,38.2,36.8,34.0,47,4011,3516
15:3:29,35.7,38.1,36.8,34.1,46,4045,3510
15:4:29,35.5,37.9,36.8,34.0,46,4083,3497
15:5:28,35.4,38.1,36.8,34.0,46,4166,3508
15:6:28,35.5,38.1,36.8,33.7,46,4166,3505
15:7:28,35.4,37.9,36.8,33.7,45,4166,3513
15:8:28,35.5,37.9,36.8,33.8,46,4166,3502
15:9:27,35.2,37.9,36.7,33.7,46,4202,3516
15:10:27,35.2,37.9,36.7,33.7,45,4202,3502
15:11:27,35.1,37.5,37.1,33.7,45,4166,3502
15:12:27,34.8,36.9,37.8,34.6,45,4238,3502
15:13:26,34.7,36.6,38.0,35.0,45,4315,3508
15:14:26,34.7,36.5,38.1,35.5,45,4364,3508
15:15:26,34.7,36.4,38.2,35.7,46,4435,3521
15:16:26,34.6,36.4,38.3,35.9,46,4465,3502
15:17:25,34.7,36.4,38.2,36.0,46,4608,3513
15:18:25,34.6,36.4,38.3,36.1,46,4648,3508
15:19:25,34.7,36.4,38.3,36.2,46,4675,3500
15:20:24,34.6,36.4,38.2,36.2,46,4784,3510
15:21:24,34.7,36.5,38.2,36.2,46,4784,3510
15:22:24,34.6,36.5,38.4,36.3,46,4826,3516
15:23:23,34.6,36.6,38.3,36.4,46,4870,3510
15:24:23,34.6,36.5,38.3,36.4,46,4902,3494
15:25:23,34.6,36.5,38.4,36.4,46,4959,3516
15:26:22,34.7,36.4,38.3,36.4,46,4902,3508
15:27:22,34.6,36.5,38.4,36.6,46,4983,3505
15:28:22,34.6,36.6,38.3,36.4,45,4983,3516
15:29:22,34.7,36.6,38.3,36.5,45,5016,3505
15:30:21,34.6,36.7,38.3,36.5,46,5056,3516
15:31:21,34.6,36.6,38.4,36.6,45,5056,3505
15:32:21,34.6,36.7,38.4,36.4,45,5101,3521
15:33:20,34.5,36.7,38.3,36.6,45,5101,3516
15:34:20,34.5,36.2,38.2,36.4,46,5056,3480
15:35:20,35.0,35.5,37.2,37.6,45,4983,3502
15:36:19,35.6,35.3,36.8,38.4,44,5056,3521
15:37:19,36.1,35.3,36.4,38.5,45,5162,3519
15:38:19,36.3,35.4,36.5,38.6,46,5247,3519
15:39:18,36.6,35.4,36.3,38.6,46,5312,3513
15:40:18,36.7,35.6,36.3,38.6,46,5363,3510
15:41:17,36.8,35.6,36.4,38.6,46,5409,3497
15:42:17,36.8,35.7,36.3,38.6,46,5435,3516
15:43:17,36.9,35.6,36.4,38.7,46,5566,3513
15:44:16,36.9,35.7,36.3,38.7,46,5566,3505
15:45:16,37.0,35.5,36.0,38.5,45,5566,3527
15:46:15,36.8,34.9,35.5,38.6,45,5363,3516
15:47:15,36.9,34.4,35.0,38.6,45,5197,3535
15:48:14,37.0,34.0,34.6,38.4,45,5016,3505
15:49:14,37.0,33.8,34.4,38.5,45,4902,3527
15:50:14,36.8,33.6,34.1,38.3,46,4826,3519
15:51:13,36.8,33.1,33.8,38.4,46,4675,3516
15:52:13,36.8,33.1,33.7,38.4,46,4565,3497
15:53:13,36.6,32.9,33.6,38.4,46,4465,3513
15:54:13,36.7,32.8,33.5,38.3,46,4402,3510
15:55:12,36.5,32.6,33.1,38.1,47,4315,3543
15:56:12,36.4,32.6,33.1,38.1,47,4166,3521
15:57:12,36.3,32.6,33.0,38.1,47,4122,3532
15:58:12,36.4,32.5,32.7,37.5,47,4011,3527
15:59:12,35.5,34.1,32.6,35.3,47,3734,3497
16:0:11,35.2,35.7,33.1,33.8,47,3563,3516
16:1:11,35.0,36.4,33.4,32.8,47,3456,3530
16:2:11,34.8,36.8,33.7,32.2,47,3334,3521
16:3:11,34.8,36.9,33.8,31.7,46,3287,3516
16:4:11,34.6,37.0,33.8,31.3,46,3221,3513
16:5:11,34.4,37.1,34.0,31.1,46,3092,3513
16:6:11,34.5,37.0,33.9,30.9,46,3040,3513
16:7:11,34.4,37.0,33.9,30.7,45,2996,3508
16:8:11,34.3,37.0,33.9,30.7,45,2921,3513
16:9:11,34.3,37.1,34.0,30.6,45,2829,3494
16:10:11,34.2,37.0,33.9,30.5,45,2793,3510
16:11:11,34.2,37.0,33.8,30.3,45,2768,3510
16:12:11,34.2,37.0,33.8,30.3,46,2704,3513
16:13:11,34.2,37.0,33.7,30.3,45,2689,3510
16:14:12,34.2,37.1,33.8,30.3,45,2640,3505
16:15:12,34.1,36.9,33.8,30.3,45,2623,3494
16:16:12,34.1,37.0,33.7,30.2,45,2574,3505
16:17:12,34.0,36.9,33.8,30.1,45,2551,3516
16:18:12,34.1,37.0,33.6,30.1,45,2537,3502
16:19:12,34.0,36.8,33.6,30.1,45,2494,3497
16:20:12,34.0,36.9,33.7,30.1,46,2452,3519
16:21:12,34.1,36.8,33.5,30.1,45,2452,3521
16:22:12,33.9,36.9,33.6,30.0,46,2438,3513
16:23:12,33.9,36.9,33.5,30.1,46,2421,3521
16:24:12,33.8,36.9,33.5,30.0,46,2401,3510
16:25:12,33.9,36.8,33.6,30.0,45,2380,3486
16:26:12,33.8,36.9,33.5,29.8,46,2367,3508
16:27:12,33.8,36.8,33.4,30.0,45,2347,3527
16:28:13,33.7,36.9,33.5,29.9,46,2347,3521
16:29:13,33.9,36.9,33.5,29.9,46,2311,3508
16:30:13,33.8,36.8,33.5,29.9,46,2324,3521
16:31:13,33.7,36.8,33.5,29.8,46,2311,3505
16:32:13,33.8,36.9,33.5,29.9,46,2311,3510
16:33:13,33.7,36.9,33.5,29.9,46,2291,3521
16:34:13,33.7,36.9,33.5,29.7,46,2291,3505
16:35:13,33.8,36.9,33.5,29.7,46,2285,3497
16:36:13,33.8,36.9,33.5,29.7,46,2265,3516
16:37:13,33.8,36.6,33.4,29.8,46,2240,3516
16:38:14,33.8,36.8,33.4,29.8,46,2240,3497
16:39:14,33.7,36.6,33.4,29.7,46,2240,3510
16:40:14,33.8,36.6,33.4,29.8,46,2207,3521
16:41:14,33.6,36.6,33.5,29.7,46,2207,3519
16:42:14,33.8,36.7,33.4,29.7,46,2207,3516
16:43:14,33.7,36.6,33.4,29.7,46,2207,3521
16:44:14,33.8,36.7,33.5,29.7,46,2207,3500
16:45:14,33.8,36.7,33.4,29.6,46,2189,3508
16:46:14,33.8,36.6,33.4,29.7,46,2189,3521
16:47:14,33.7,36.5,33.4,29.7,46,2189,3494
16:48:15,33.5,36.0,33.4,30.7,46,2494,3510
16:49:15,33.6,35.5,33.5,31.7,48,2888,3521
16:50:14,33.8,35.3,33.8,32.6,51,3221,3508
16:51:14,34.3,35.1,34.1,33.2,51,3535,3497
16:52:14,34.4,35.3,34.4,33.7,51,3813,3500
16:53:14,34.7,35.3,34.5,34.1,51,4045,3521
16:54:14,34.8,35.4,34.7,34.4,51,4262,3510
16:55:13,35.0,35.4,34.8,34.5,51,4565,3497
16:56:13,35.0,35.5,34.9,34.8,51,4729,3505
16:57:13,35.2,35.6,35.1,34.9,51,4959,3510
16:58:12,35.3,35.5,35.1,35.0,51,5056,3510
16:59:12,35.4,35.6,35.2,35.1,51,5247,3505
17:0:12,35.4,35.7,35.2,35.3,51,5409,3513
17:1:11,35.4,35.8,35.2,35.2,51,5566,3505
17:2:11,35.5,35.8,35.3,35.3,50,5739,3502
17:3:11,35.6,35.8,35.4,35.3,50,5872,3505
17:4:10,35.6,35.9,35.3,35.5,50,5957,3500
17:5:10,35.6,36.0,35.4,35.3,51,6147,3475
17:6:10,35.6,35.9,35.3,35.5,50,6183,3502
17:7:9,35.6,35.9,35.5,35.4,50,6332,3516
17:8:9,35.8,36.0,35.5,35.4,51,6455,3494
17:9:9,35.6,36.0,35.5,35.4,50,6610,3513
17:10:8,35.7,36.0,35.5,35.5,51,6745,3510
17:11:8,35.4,36.1,35.6,35.4,50,6745,3491
17:12:8,36.1,35.7,35.1,35.8,50,6516,3510
17:13:7,36.9,35.5,34.5,36.3,48,6255,3505
17:14:7,37.4,35.3,34.0,36.8,48,6147,3505
17:15:7,37.5,35.2,33.7,36.8,48,6027,3513
17:16:6,37.5,35.0,33.3,36.8,48,5872,3505
17:17:6,37.6,34.9,33.2,36.8,48,5739,3513
17:18:6,37.5,34.8,33.1,36.8,48,5674,3510
17:19:5,37.5,34.7,32.9,36.8,48,5531,3502
17:20:5,37.5,34.7,32.7,36.7,48,5409,3497
17:21:5,37.4,34.6,32.7,36.7,48,5409,3508
17:22:5,37.5,34.6,32.7,36.7,48,5312,3489
17:23:4,37.3,34.4,32.6,36.7,48,5247,3508
17:24:4,37.4,34.5,32.5,36.8,48,5162,3500
17:25:4,37.3,34.2,32.4,36.7,49,5101,3502
17:26:3,37.4,34.2,32.4,36.7,49,5101,3516
17:27:3,37.4,34.2,32.4,36.6,49,5056,3500
17:28:3,37.3,34.1,32.4,36.6,49,5016,3524
17:29:3,37.2,34.1,32.3,36.6,49,4983,3521
17:30:2,37.2,34.1,32.3,36.6,49,4983,3505
17:31:2,37.3,34.1,32.2,36.5,49,4959,3521
17:32:2,37.3,34.0,32.2,36.7,49,4902,3497
17:33:2,37.4,33.9,32.1,36.7,49,4902,3502
17:34:1,37.3,33.9,32.2,36.5,49,4870,3497
17:35:1,37.2,34.0,32.1,36.4,49,4870,3513
17:36:1,37.2,33.9,32.2,36.5,49,4826,3505
17:37:1,37.3,33.9,32.1,36.5,49,4784,3497
17:38:0,37.3,33.9,32.2,36.4,49,4729,3497
17:39:0,37.3,33.9,32.1,36.5,49,4729,3505
17:40:0,37.2,33.8,32.2,36.5,49,4729,3508
17:41:0,37.2,33.9,32.0,36.5,49,4675,3505
17:42:0,37.0,33.8,31.9,36.5,49,4648,3502
17:42:59,37.3,33.8,31.9,36.4,49,4648,3516
17:43:59,37.1,33.8,32.1,36.5,49,4675,3513
17:44:59,37.2,33.8,32.1,36.6,49,4648,3510
17:45:59,37.0,33.8,32.2,36.5,49,4608,3505
17:46:58,37.0,33.8,32.2,36.5,49,4608,3510
17:47:58,37.0,33.7,32.2,36.5,49,4565,3502
17:48:58,37.3,33.7,32.0,36.4,49,4505,3508
17:49:58,37.2,33.8,32.0,36.5,49,4505,3500
17:50:57,37.0,33.7,32.0,36.5,49,4505,3513
17:51:57,37.1,33.7,32.1,36.4,49,4505,3519
17:52:57,36.2,33.2,32.4,36.6,49,4435,3508
17:53:57,35.9,32.9,32.5,37.1,49,4364,3519
17:54:56,35.9,32.6,32.8,37.3,49,4315,3497
17:55:56,35.8,32.5,32.8,37.5,49,4315,3510
17:56:56,35.5,32.4,32.9,37.5,49,4262,3500
17:57:56,35.5,32.2,32.9,37.5,49,4262,3508
17:58:56,35.7,32.2,33.0,37.5,49,4262,3505
17:59:55,35.5,32.1,32.9,37.5,49,4202,3521
18:0:55,35.4,32.2,33.1,37.5,49,4202,3486
18:1:55,35.4,32.3,33.1,37.5,49,4202,3500
18:2:55,35.5,32.1,33.2,37.5,49,4202,3508
18:3:55,35.5,32.1,33.1,37.4,49,4122,3505
18:4:55,35.4,31.9,33.0,37.5,49,4122,3505
18:5:54,35.5,32.1,33.1,37.5,49,4122,3513
18:6:54,35.5,32.0,33.0,37.5,49,4083,3497
18:7:54,35.5,32.1,33.1,37.5,49,4083,3521
18:8:54,35.4,32.1,33.2,37.5,49,4083,3513
18:9:54,35.5,32.1,33.0,37.5,49,4045,3521
18:10:53,35.4,32.1,33.0,37.6,49,4045,3491
18:11:53,35.5,32.0,33.0,37.5,49,4045,3491
18:12:53,35.4,32.0,33.0,37.5,49,4045,3502
18:13:53,35.3,32.0,33.1,37.5,49,4011,3519
18:14:53,35.3,31.9,33.0,37.5,49,3992,3500
18:15:52,35.4,32.0,33.0,37.4,49,3923,3500
18:16:52,35.2,32.1,33.0,37.6,49,3923,3497
18:17:52,35.3,31.9,33.0,37.3,49,3898,3500
18:18:52,35.3,31.9,33.0,37.5,49,3865,3508
18:19:52,35.3,32.0,33.0,37.5,49,3865,3510
18:20:52,35.2,31.9,32.9,37.5,49,3865,3486
18:21:51,35.2,32.0,32.9,37.4,49,3835,3513
18:22:51,35.3,32.0,33.1,37.3,49,3835,3502
18:23:51,35.3,31.9,32.9,37.5,49,3813,3510
18:24:51,35.3,31.9,33.1,37.5,49,3835,3513
18:25:51,35.3,32.0,33.0,37.5,49,3813,3521
18:26:50,35.2,32.0,32.9,37.5,49,3780,3505
18:27:50,35.3,32.0,33.0,37.4,49,3780,3508
18:28:50,35.3,31.9,33.0,37.5,49,3734,3519
18:29:50,35.2,31.9,32.9,37.4,49,3734,3516
18:30:50,35.3,31.9,32.9,37.5,49,3702,3516
18:31:50,35.2,31.9,32.9,37.4,49,3702,3505
18:32:49,35.2,31.9,32.9,37.2,49,3702,3519
18:33:49,35.8,32.0,32.5,36.8,49,3639,3521
18:34:49,36.2,32.3,32.2,36.4,49,3639,3510
18:35:49,36.5,32.3,32.0,36.3,49,3535,3521
18:36:49,36.4,32.2,31.8,36.1,49,3535,3508
18:37:49,36.5,32.4,31.7,36.0,49,3515,3502
18:38:48,36.5,32.2,31.6,36.0,49,3456,3497
18:39:48,36.5,32.2,31.5,35.8,49,3485,3521
18:40:48,36.5,32.3,31.4,35.9,49,3411,3510
18:41:48,36.4,32.3,31.3,35.8,49,3394,3505
18:42:48,36.6,32.1,31.3,35.8,49,3365,3505
18:43:48,36.5,32.1,31.4,35.8,49,3334,3502
18:44:48,36.0,32.0,31.5,35.4,49,3287,3500
18:45:48,34.3,31.8,32.5,35.6,49,3023,3521
18:46:48,33.3,31.7,33.7,35.8,48,2921,3521
18:47:48,32.8,31.6,34.4,36.0,48,2829,3521
18:48:48,32.4,31.5,34.9,36.2,48,2793,3513
18:49:48,32.0,31.5,35.2,36.3,48,2760,3502
18:50:48,31.9,31.6,35.3,36.4,48,2734,3497
18:51:48,31.6,31.5,35.4,36.4,48,2704,3502
18:52:48,31.5,31.4,35.4,36.3,48,2666,3530
18:53:48,31.6,31.5,35.6,36.3,48,2640,3497
18:54:48,31.4,31.5,35.6,36.4,48,2623,3513
18:55:48,31.5,31.5,35.6,36.4,48,2574,3505
18:56:48,31.4,31.5,35.7,36.4,48,2574,3508
18:57:48,31.4,31.5,35.7,36.5,48,2574,3497
18:58:48,31.4,31.4,35.7,36.5,49,2537,3508
18:59:48,31.5,31.5,35.7,36.3,49,2537,3527
19:0:48,31.4,31.5,35.6,36.4,49,2537,3510
19:1:48,31.4,31.6,35.7,36.4,48,2537,3508
19:2:48,31.2,31.6,35.7,36.4,49,2514,3497
19:3:48,31.3,31.5,35.7,36.4,49,2494,3513
19:4:48,31.2,31.5,35.8,36.4,49,2494,3516
19:5:48,31.3,31.5,35.7,36.4,49,2494,3513
19:6:48,31.2,31.5,35.7,36.5,49,2494,3513
19:7:48,31.2,31.4,35.8,36.5,49,2494,3500
19:8:48,31.2,31.5,35.8,36.5,49,2466,3521
19:9:48,31.3,31.5,35.8,36.5,49,2452,3502
19:10:48,31.2,31.5,35.6,36.5,49,2452,3516
19:11:48,31.3,31.5,35.7,36.4,49,2452,3505
19:12:48,31.3,31.4,35.6,36.4,49,2438,3516
19:13:48,31.0,31.9,35.8,34.9,49,2347,3521
19:14:48,30.8,32.6,36.7,34.1,48,2324,3516
19:15:48,30.7,33.3,36.9,33.5,48,2324,3513
19:16:48,30.8,33.8,36.9,33.2,48,2324,3527
19:17:48,30.7,34.1,37.1,32.8,47,2311,3508
19:18:49,30.8,34.2,37.0,32.7,47,2311,3510
19:19:49,30.8,34.5,37.0,32.5,47,2324,3508
19:20:49,30.8,34.6,37.0,32.4,47,2311,3516
19:21:49,30.9,34.6,37.0,32.2,47,2311,3510
19:22:49,30.9,34.6,37.1,32.3,47,2311,3524
19:23:49,30.9,34.6,37.1,32.2,46,2311,3513
19:24:49,30.9,34.8,37.2,32.3,47,2311,3508
19:25:49,30.9,34.8,36.9,32.1,46,2311,3500
19:26:49,31.1,34.6,36.6,31.9,46,2324,3497
19:27:49,31.1,34.9,36.7,31.8,46,2311,3497
19:28:49,31.0,35.0,36.8,31.6,47,2311,3505
19:29:49,31.2,35.0,36.8,31.5,46,2291,3513
19:30:49,31.2,35.1,36.9,31.6,46,2291,3508
19:31:50,31.3,35.1,36.8,31.4,46,2291,3508
19:32:50,31.3,35.1,36.7,31.4,46,2291,3521
19:33:50,31.3,35.1,36.8,31.3,46,2291,3497
19:34:50,31.3,35.0,36.8,31.3,46,2291,3510
19:35:50,31.3,35.3,36.7,31.3,46,2285,3519
19:36:50,31.3,35.2,36.8,31.3,46,2285,3508
19:37:50,31.4,35.2,36.7,31.3,46,2285,3524
19:38:50,31.3,35.1,36.8,31.3,46,2285,3505
19:39:50,31.2,35.2,36.8,31.3,46,2285,3502
19:40:50,31.3,35.2,36.8,31.3,46,2285,3516
19:41:50,31.4,35.2,36.7,31.3,46,2285,3516
19:42:50,31.3,35.2,36.7,31.4,46,2285,3513
19:43:50,31.4,35.1,36.8,31.3,46,2265,3510
19:44:51,31.3,35.2,36.8,31.4,46,2285,3510
19:45:51,31.2,35.2,36.8,31.3,46,2285,3513
19:46:51,31.4,35.3,36.7,31.3,46,2265,3516
19:47:51,31.3,35.1,36.7,31.2,46,2285,3505
19:48:51,31.3,35.1,36.7,31.3,46,2285,3530
19:49:51,31.2,35.1,36.6,31.3,46,2285,3508
19:50:51,31.2,35.2,36.7,31.3,46,2285,3521
19:51:51,31.3,35.1,36.6,31.3,46,2285,3508
19:52:51,31.4,35.3,36.6,31.2,46,2285,3502
19:53:51,31.3,35.2,36.8,31.3,46,2265,3502
19:54:51,31.3,35.1,36.6,31.3,46,2265,3527
19:55:51,31.3,35.1,36.7,31.3,46,2285,3530
19:56:51,31.3,35.2,36.7,31.3,46,2285,3513
19:57:51,31.3,35.1,36.7,31.3,46,2285,3510
19:58:52,31.2,35.1,36.7,31.3,46,2285,3527
19:59:52,31.3,35.2,36.6,31.3,46,2285,3519
20:0:52,31.4,35.1,36.7,31.3,46,2285,3521
20:1:52,31.2,35.1,36.6,31.3,46,2265,3505
20:2:52,31.4,35.1,36.6,31.3,46,2285,3505
20:3:52,31.2,34.9,36.2,31.1,46,2265,3494
20:4:52,31.1,35.2,35.8,31.1,46,2207,3513
20:5:52,31.1,35.4,35.7,31.0,46,2170,3513
20:6:52,31.0,35.5,35.5,30.9,46,2140,3521
20:7:52,31.1,35.4,35.4,30.9,46,2110,3524
20:8:53,30.9,35.4,35.3,30.7,47,2072,3516
20:9:53,30.9,35.4,35.3,30.7,47,2041,3527
20:10:53,30.9,35.4,35.1,30.6,47,2006,3521
20:11:53,30.8,35.3,35.2,30.5,47,2006,3521
20:12:53,30.7,35.4,35.1,30.4,47,1973,3508
20:13:53,30.8,35.2,35.0,30.4,47,1967,3510
20:14:54,30.7,35.2,35.0,30.5,47,1928,3497
20:15:54,30.7,35.2,34.9,30.4,47,1921,3521
20:16:54,30.8,35.3,34.8,30.3,47,1905,3502
20:17:54,30.7,35.1,34.9,30.3,47,1895,3521
20:18:54,30.7,35.2,34.7,30.2,47,1855,3510
20:19:55,30.6,35.4,34.9,30.2,47,1855,3502
20:20:55,30.6,35.3,34.8,30.2,47,1850,3505
20:21:55,30.5,35.2,34.7,30.1,47,1835,3510
20:22:55,30.6,35.2,34.8,30.1,47,1820,3497
20:23:55,30.6,35.2,34.8,30.1,47,1820,3508
20:24:56,30.6,35.2,34.6,30.1,47,1798,3521
20:25:56,30.5,35.2,34.7,30.1,47,1810,3516
20:26:56,30.4,35.2,34.9,30.1,47,1798,3505
20:27:56,30.4,35.1,34.6,30.0,47,1776,3516
20:28:57,30.4,35.1,34.7,30.0,47,1768,3519
20:29:57,30.5,35.2,34.8,30.0,47,1768,3519
20:30:57,30.4,35.1,34.8,30.0,47,1768,3508
20:31:57,30.4,35.1,34.6,29.9,47,1754,3510
20:32:57,30.5,35.1,34.6,29.9,47,1740,3516
20:33:58,30.4,35.2,34.7,30.0,47,1740,3513
20:34:58,30.5,35.3,34.6,30.0,47,1740,3521
20:35:58,30.4,35.2,34.7,30.0,47,1735,3516
20:36:58,30.4,35.3,34.7,30.0,47,1735,3519
20:37:59,30.4,35.2,34.6,30.0,47,1605,3519
20:38:59,30.4,35.1,34.7,30.0,47,1605,3519
20:39:59,30.3,35.2,34.6,30.0,47,1605,3521
20:40:59,30.4,35.1,34.6,29.9,47,1605,3508
20:42:0,30.3,35.1,34.6,30.0,47,1589,3521
20:43:0,30.4,35.1,34.6,30.0,47,1589,3497
20:44:0,30.3,35.0,34.6,29.9,47,1589,3524
20:45:0,30.4,35.2,34.6,29.9,47,1589,3524
20:46:0,30.3,35.1,34.6,29.9,47,1589,3510
20:47:1,30.5,35.2,34.6,29.9,47,1605,3508
20:48:1,30.3,35.2,34.6,29.9,47,1589,3519
20:49:1,30.3,35.1,34.6,29.9,47,1580,3508
20:50:1,30.3,35.2,34.6,29.9,47,1570,3508
20:51:2,30.3,35.1,34.6,30.0,47,1570,3516
20:52:2,30.4,35.1,34.5,29.8,48,1570,3524
20:53:2,30.3,35.0,34.6,29.8,48,1570,3516
20:54:2,30.3,35.0,34.6,29.9,47,1562,3505
20:55:3,30.3,35.1,34.5,29.8,47,1562,3527
20:56:3,30.5,35.2,34.5,29.9,47,1562,3516
20:57:3,30.3,35.1,34.6,29.8,47,1562,3505
20:58:3,30.3,35.1,34.5,29.9,47,1562,3516
20:59:4,30.2,35.2,34.6,29.8,47,1549,3521
21:0:4,30.3,35.1,34.5,29.9,47,1549,3516
21:1:4,30.3,35.2,34.6,29.8,47,1549,3513
21:2:4,30.4,35.2,34.6,29.8,48,1536,3502
21:3:5,30.5,35.2,34.5,29.8,47,1562,3521
21:4:5,30.3,35.2,34.7,29.9,47,1549,3505
21:5:5,30.3,35.3,34.8,30.0,48,1562,3510
21:6:5,30.4,35.4,34.7,29.9,47,1580,3508
21:7:6,30.3,35.4,34.9,30.0,48,1580,3519
21:8:6,30.4,35.6,34.8,30.0,48,1605,3513
21:9:6,30.3,35.1,34.6,29.5,47,1589,3500
21:10:6,30.3,34.8,34.5,29.6,47,1549,3510
21:11:7,30.2,34.6,34.5,29.7,47,1515,3510
21:12:7,30.1,34.6,34.5,29.7,47,1510,3516
21:13:7,29.9,34.6,34.4,29.8,47,1470,3516
21:14:8,29.9,34.5,34.4,29.7,47,1443,3510
21:15:8,30.0,34.5,34.4,29.6,47,1427,3524
21:16:8,29.9,34.5,34.2,29.6,47,1415,3508
21:17:8,29.9,34.4,34.4,29.6,47,1400,3505
21:18:9,29.9,34.5,34.3,29.5,47,1373,3516
21:19:9,29.9,34.5,34.3,29.6,47,1373,3513
21:20:9,29.9,34.4,34.3,29.7,47,1358,3524
21:21:10,29.8,34.4,34.2,29.6,48,1351,3530
21:22:10,29.8,34.4,34.3,29.6,48,1351,3513
21:23:10,29.8,34.4,34.2,29.6,47,1330,3513
21:24:11,29.9,34.4,34.3,29.6,48,1330,3521
21:25:11,29.7,34.4,34.3,29.6,48,1330,3505
21:26:11,29.8,34.3,34.3,29.7,48,1320,3516
21:27:11,29.8,34.4,34.2,29.6,48,1313,3527
21:28:12,29.9,34.3,34.2,29.6,48,1313,3513
21:29:12,29.8,34.3,34.3,29.5,48,1307,3524
21:30:12,29.8,34.4,34.2,29.6,48,1307,3508
21:31:13,29.8,34.4,34.3,29.5,48,1296,3508
21:32:13,29.8,34.4,34.2,29.7,48,1296,3521
21:33:13,29.8,34.4,34.3,29.5,48,1293,3497
21:34:14,29.8,34.4,34.3,29.6,48,1296,3513
21:35:14,29.8,34.4,34.3,29.6,48,1293,3505
21:36:14,29.8,34.4,34.3,29.6,48,1293,3502
21:37:15,29.9,34.4,34.1,29.5,48,1296,3508
21:38:15,29.8,34.4,34.3,29.6,48,1293,3505
21:39:15,29.8,34.3,34.3,29.6,48,1293,3510
21:40:16,29.8,34.4,34.2,29.6,48,1272,3508
21:41:16,29.8,34.4,34.3,29.6,48,1296,3508
21:42:16,29.9,34.4,34.3,29.5,48,1296,3497
21:43:17,29.8,34.5,34.3,29.6,48,1293,3521
21:44:17,29.7,34.4,34.1,29.5,48,1282,3513
21:45:17,29.9,34.4,34.4,29.6,48,1293,3502
21:46:17,29.8,34.4,34.2,29.6,48,1272,3513
21:47:18,29.8,34.4,34.3,29.6,48,1282,3516
21:48:18,29.8,34.3,34.3,29.5,48,1272,3516
21:49:18,29.8,34.4,34.3,29.5,48,1282,3521
21:50:19,29.8,34.5,34.3,29.7,48,1282,3497
21:51:19,29.8,34.4,34.3,29.6,48,1265,3510
21:52:19,29.8,34.3,34.3,29.6,48,1272,3516
21:53:20,29.8,34.4,34.2,29.6,48,1282,3502
21:54:20,29.8,34.3,34.3,29.6,48,1272,3502
21:55:20,29.8,34.5,34.3,29.6,48,1272,3513
21:56:21,29.8,34.4,34.3,29.7,48,1272,3510
21:57:21,29.8,34.4,34.2,29.6,48,1272,3510
21:58:21,30.4,33.9,34.3,31.0,48,1385,3524
21:59:21,30.8,33.1,35.7,33.5,49,1549,3497
22:0:22,31.2,32.5,36.3,34.8,50,1678,3521
22:1:22,31.4,32.1,36.4,35.7,50,1786,3524
22:2:22,31.8,31.9,36.7,35.9,50,1889,3508
22:3:22,32.0,31.8,36.8,36.3,50,1979,3500
22:4:22,32.1,31.7,36.7,36.3,51,2070,3508
22:5:21,32.3,31.8,36.8,36.6,50,2146,3508
22:6:21,32.2,31.7,36.9,36.5,50,2208,3500
22:7:21,32.5,31.8,36.9,36.4,50,2265,3508
22:8:21,32.4,31.7,37.0,36.6,49,2342,3491
22:9:21,32.5,31.8,36.9,36.8,49,2388,3510
22:10:21,32.5,31.8,36.9,36.7,49,2442,3519
22:11:21,32.5,31.7,37.0,36.8,49,2462,3497
22:12:21,32.6,31.8,37.0,36.6,49,2502,3521
22:13:21,32.5,31.9,37.0,36.8,49,2530,3519
22:14:21,32.6,31.9,37.0,36.7,48,2571,3516
22:15:21,32.6,31.8,36.9,36.8,48,2589,3508
22:16:21,32.6,31.8,36.9,36.7,49,2616,3505
22:17:20,32.6,31.9,37.0,36.8,48,2661,3505
22:18:20,32.7,31.8,36.9,36.6,48,2676,3497
22:19:20,32.5,31.8,36.9,36.6,48,2696,3524
22:20:20,32.7,31.8,37.0,36.6,48,2696,3510
22:21:20,32.5,31.8,37.0,36.8,48,2724,3521
22:22:20,32.5,31.8,37.0,36.8,48,2724,3505
22:23:20,32.5,31.8,37.0,36.8,48,2747,3510
22:24:20,32.5,31.7,37.0,36.6,48,2763,3516
22:25:20,32.6,31.8,37.0,36.6,48,2763,3497
22:26:20,32.6,31.7,37.0,36.6,48,2786,3527
22:27:20,32.4,31.8,37.0,36.6,48,2786,3502
22:28:19,32.6,31.9,36.9,36.8,48,2786,3502
22:29:19,32.6,31.7,36.9,36.6,48,2786,3502
22:30:19,32.5,31.7,37.0,36.6,48,2786,3497
22:31:19,32.5,31.7,36.8,36.6,48,2809,3505
22:32:19,32.5,31.9,36.8,36.7,48,2809,3510
22:33:19,32.5,31.7,36.9,36.5,48,2809,3508
22:34:19,32.6,31.8,36.9,36.7,48,2809,3510
22:35:19,32.5,31.8,36.9,36.7,48,2809,3510
22:36:19,32.6,31.8,37.0,36.7,47,2809,3519
22:37:19,32.5,31.7,37.0,36.6,48,2825,3510
22:38:19,32.5,31.7,37.0,36.7,47,2825,3497
22:39:18,32.5,31.7,37.0,36.6,48,2825,3508
22:40:18,32.4,31.7,36.8,36.7,47,2825,3502
22:41:18,32.4,31.8,37.0,36.7,47,2855,3505
22:42:18,32.5,31.8,36.8,36.6,47,2877,3500
22:43:18,32.5,31.8,36.9,36.7,47,2855,3508
22:44:18,32.5,31.7,36.9,36.6,47,2855,3502
22:45:18,32.4,31.7,36.9,36.7,47,2825,3524
22:46:18,32.4,31.7,36.9,36.8,47,2825,3510
22:47:18,32.3,31.9,37.0,36.7,47,2825,3510
22:48:18,32.4,31.7,36.9,36.6,47,2809,3513
22:49:17,32.4,31.7,37.0,36.7,47,2825,3508
22:50:17,32.3,31.8,37.0,36.9,47,2855,3502
22:51:17,32.4,31.7,36.9,36.9,47,2877,3505
22:52:17,32.4,31.8,37.0,36.7,47,2855,3505
22:53:17,32.4,31.7,36.9,36.8,47,2855,3505
22:54:17,32.3,31.7,36.8,36.6,47,2825,3521
22:55:17,32.4,31.7,37.0,36.8,47,2825,3521
22:56:17,32.4,31.7,36.9,36.7,47,2825,3505
22:57:17,32.4,31.7,36.8,36.9,47,2855,3513
22:58:17,32.4,31.8,36.8,37.0,47,2855,3505
22:59:17,32.3,31.6,36.9,36.8,47,2825,3502
23:0:17,32.3,31.7,36.9,36.8,47,2855,3502
23:1:16,32.3,31.8,36.9,36.9,47,2855,3494
23:2:16,32.4,31.7,37.0,37.0,47,2825,3508
23:3:16,32.4,31.7,37.1,36.8,47,2855,3521
23:4:16,32.3,31.7,37.0,36.9,47,2877,3510
23:5:16,32.2,31.6,36.5,36.4,47,2786,3505
23:6:16,32.1,31.4,36.6,36.2,47,2747,3508
23:7:16,31.9,31.4,36.6,36.3,46,2696,3494
23:8:16,31.7,31.3,36.7,36.1,46,2635,3510
23:9:16,31.8,31.4,36.5,36.1,46,2616,3502
23:10:16,31.7,31.3,36.5,36.0,46,2551,3527
23:11:16,31.5,31.2,36.6,35.9,46,2530,3516
23:12:16,31.5,31.2,36.6,36.0,46,2502,3497
23:13:16,31.5,31.2,36.5,35.9,46,2462,3500
23:14:16,31.4,31.1,36.6,35.9,46,2462,3516
23:15:16,31.4,31.1,36.6,36.0,46,2442,3500
23:16:16,31.4,31.1,36.5,35.9,46,2408,3502
23:17:16,31.4,31.2,36.6,35.8,46,2388,3513
23:18:16,31.2,31.0,36.4,35.9,46,2361,3497
23:19:16,31.3,31.0,36.5,35.8,46,2361,3502
23:20:16,31.2,31.0,36.5,35.9,46,2328,3521
23:21:16,31.3,31.0,36.3,35.9,46,2328,3516
23:22:16,31.1,31.0,36.5,35.8,46,2307,3502
23:23:16,31.1,30.9,36.4,35.7,46,2289,3494
23:24:16,31.2,31.0,36.4,35.7,46,2289,3497
23:25:16,31.1,31.0,36.3,35.7,46,2265,3505
23:26:16,31.1,30.9,36.4,35.8,46,2255,3510
23:27:16,31.1,30.9,36.2,35.7,46,2255,3510
23:28:16,31.2,31.0,36.3,35.9,46,2240,3513
23:29:16,31.0,31.1,36.2,35.8,46,2240,3521
23:30:16,31.2,30.9,36.3,36.0,46,2240,3510
23:31:16,31.1,31.0,36.3,36.1,46,2240,3508
23:32:16,31.1,31.0,36.5,36.1,46,2240,3486
23:33:16,31.0,30.8,36.3,36.1,46,2226,3502
23:34:16,31.1,31.0,36.3,36.2,46,2226,3505
23:35:16,31.0,31.0,36.4,36.1,47,2226,3502
23:36:16,31.0,30.9,36.4,36.3,47,2226,3494
23:37:16,31.2,31.0,36.3,36.2,47,2208,3497
23:38:16,31.0,31.1,36.4,36.2,46,2226,3516
23:39:17,31.1,31.0,36.5,36.2,46,2226,3505
23:40:17,31.1,31.0,36.4,36.1,47,2208,3497
23:41:17,31.1,30.8,36.5,36.2,47,2226,3500
23:42:17,31.2,31.0,36.4,36.2,46,2208,3500
23:43:17,31.0,31.0,36.3,36.2,47,2208,3510
23:44:17,31.1,30.9,36.4,36.1,46,2208,3521
23:45:17,31.1,31.0,36.5,36.3,47,2208,3502
23:46:17,31.2,31.1,36.5,36.3,47,2226,3510
23:47:17,31.1,30.9,36.5,36.4,47,2226,3508
23:48:17,31.1,31.0,36.5,36.4,47,2226,3521
23:49:17,31.1,31.1,36.4,36.3,47,2226,3510
23:50:17,31.2,31.0,36.4,36.3,47,2226,3489
23:51:17,31.1,31.0,36.5,36.1,47,2226,3486
23:52:17,31.2,31.1,36.5,36.1,46,2226,3497
23:53:17,31.1,30.9,36.4,36.2,47,2208,3513
23:54:17,31.1,31.0,36.4,36.2,46,2240,3497
23:55:17,31.1,31.1,36.4,36.2,47,2240,3502
23:56:17,31.1,31.1,36.4,36.2,46,2226,3486
23:57:17,31.1,31.1,36.4,36.2,46,2226,3510
23:58:17,31.1,31.0,36.4,36.4,47,2208,3510
23:59:17,31.2,31.0,36.5,36.5,46,2226,3510
0:0:17,31.1,31.0,36.5,36.3,47,2208,3494
