0:1:56,32.6,31.6,35.1,37.4,47,863,3500
0:2:55,32.7,31.5,35.1,37.3,47,863,3510
0:3:55,32.7,31.6,35.2,37.4,47,863,3513
0:4:55,32.5,31.6,35.0,37.3,47,851,3519
0:5:55,32.6,31.6,35.2,37.3,47,863,3516
0:6:55,32.5,31.6,35.1,37.4,47,851,3516
0:7:55,32.6,31.6,35.3,37.3,47,851,3505
0:8:55,32.6,31.6,35.1,37.5,47,851,3508
0:9:55,32.7,31.6,35.2,37.4,47,851,3508
0:10:55,32.7,31.5,35.1,37.3,47,851,3497
0:11:55,32.6,31.5,35.1,37.5,47,846,3500
0:12:55,32.6,31.5,35.2,37.3,47,846,3508
0:13:55,32.6,31.4,35.1,37.3,47,846,3505
0:14:55,32.6,31.4,35.2,37.3,47,840,3513
0:15:54,32.5,31.5,35.1,37.4,47,836,3489
0:16:54,32.6,31.5,35.1,37.4,47,840,3516
0:17:54,32.5,31.4,35.1,37.4,47,836,3505
0:18:54,32.6,31.4,35.1,37.3,47,836,3510
0:19:54,32.6,31.5,35.0,37.5,46,830,3510
0:20:54,32.5,31.5,35.1,37.3,46,830,3508
0:21:54,32.6,31.4,35.0,37.4,47,830,3491
0:22:54,32.5,31.4,35.1,37.4,47,830,3513
0:23:54,32.5,31.5,35.0,37.4,47,827,3513
0:24:54,32.5,31.4,35.0,37.3,46,827,3516
0:25:54,32.6,31.4,35.0,37.4,47,830,3508
0:26:54,32.5,31.6,35.0,37.4,47,827,3508
0:27:54,32.5,31.3,35.1,37.3,47,827,3510
0:28:54,32.4,31.5,34.9,37.2,47,819,3510
0:29:53,32.5,31.2,34.9,37.3,47,827,3516
0:30:53,32.4,31.5,35.1,37.3,46,819,3510
0:31:53,32.6,31.5,35.0,37.5,46,813,3497
0:32:53,32.5,31.4,35.0,37.4,47,813,3494
0:33:53,32.5,31.4,34.9,37.4,47,813,3521
0:34:53,32.4,31.4,34.9,37.4,46,808,3519
0:35:53,32.5,31.3,35.0,37.3,47,808,3521
0:36:53,32.5,31.4,34.8,37.3,46,808,3513
0:37:53,32.5,31.3,34.9,37.3,47,808,3510
0:38:53,32.5,31.4,34.9,37.3,46,802,3516
0:39:53,32.4,31.4,34.8,37.3,46,802,3516
0:40:53,32.5,31.4,35.0,37.3,47,808,3505
0:41:53,32.4,31.4,34.9,37.3,46,800,3510
0:42:52,32.5,31.2,35.0,37.4,47,800,3502
0:43:52,32.3,31.3,35.0,37.3,46,793,3510
0:44:52,32.5,31.3,35.0,37.3,47,793,3497
0:45:52,32.3,31.2,35.0,37.3,46,800,3510
0:46:52,32.4,31.4,34.9,37.3,47,793,3500
0:47:52,32.4,31.3,34.9,37.2,47,793,3521
0:48:52,32.3,31.4,35.0,37.4,46,785,3500
0:49:52,32.4,31.4,34.9,37.4,47,785,3519
0:50:52,32.4,31.3,34.9,37.2,46,783,3513
0:51:52,32.4,31.3,34.9,37.4,46,783,3508
0:52:52,32.4,31.3,34.9,37.3,46,785,3497
0:53:52,32.4,31.3,35.0,37.3,46,785,3508
0:54:52,32.4,31.3,34.8,37.3,46,785,3524
0:55:52,32.4,31.3,34.9,37.3,46,783,3510
0:56:52,32.4,31.3,34.8,37.3,47,772,3527
0:57:52,32.3,31.3,34.9,37.4,46,772,3505
0:58:52,32.3,31.2,34.8,37.4,46,765,3502
0:59:52,32.4,31.3,34.8,37.3,46,765,3497
1:0:52,32.4,31.2,34.8,37.3,47,759,3516
1:1:51,32.4,31.4,35.0,37.4,46,759,3516
1:2:51,32.4,31.2,34.9,37.3,46,765,3513
1:3:51,32.4,31.2,34.9,37.3,46,757,3532
1:4:51,32.4,31.3,34.9,37.3,46,757,3510
1:5:51,32.2,31.2,34.9,37.3,46,759,3527
1:6:51,32.4,31.3,34.9,37.3,47,757,3497
1:7:51,32.3,31.3,34.8,37.3,47,765,3513
1:8:51,32.4,31.3,34.8,37.2,47,757,3510
1:9:51,32.3,31.2,34.9,37.2,46,749,3516
1:10:51,32.4,31.3,34.8,37.1,47,749,3510
1:11:51,32.4,31.1,34.8,37.3,46,757,3513
1:12:51,32.4,31.2,34.9,37.3,47,749,3508
1:13:51,32.4,31.2,34.9,37.2,46,749,3510
1:14:51,32.3,31.1,34.7,37.2,47,742,3516
1:15:51,32.3,31.2,34.9,37.2,47,742,3519
1:16:51,32.3,31.2,34.8,37.4,47,742,3521
1:17:51,32.3,31.2,34.8,37.3,47,740,3510
1:18:51,32.3,31.3,34.8,37.3,46,740,3505
1:19:51,32.2,31.1,34.8,37.2,47,740,3532
1:20:51,32.4,31.1,34.8,37.1,46,733,3502
1:21:51,32.3,31.1,34.8,37.1,47,730,3505
1:22:51,32.3,31.1,34.9,37.3,47,730,3510
1:23:51,32.4,31.2,34.8,37.2,47,730,3513
1:24:51,32.3,31.1,34.7,37.2,47,730,3502
1:25:51,32.3,31.1,34.7,37.2,47,726,3516
1:26:51,32.4,31.1,34.8,37.3,46,730,3513
1:27:51,32.2,31.0,34.7,37.3,47,730,3510
1:28:50,32.2,31.0,34.7,37.0,47,717,3510
1:29:50,32.3,31.1,34.7,37.2,47,726,3505
1:30:50,32.3,31.2,34.9,37.2,47,726,3510
1:31:50,32.1,31.0,34.7,37.3,47,717,3513
1:32:50,32.3,31.1,34.9,37.2,46,714,3497
1:33:50,32.3,31.1,34.8,37.2,47,726,3494
1:34:50,32.3,31.1,34.7,37.3,46,726,3513
1:35:50,32.2,31.1,34.8,37.3,47,726,3505
1:36:50,32.2,31.1,34.7,37.3,47,717,3524
1:37:50,32.3,31.0,34.7,37.4,47,714,3524
1:38:50,32.3,31.0,34.8,37.3,47,717,3521
1:39:50,32.2,31.1,34.9,37.2,47,706,3521
1:40:50,32.2,31.0,34.8,37.3,47,706,3513
1:41:50,32.1,31.1,34.7,36.4,46,686,3500
1:42:50,31.5,31.1,34.2,34.9,46,637,3486
1:43:50,31.4,31.1,35.0,34.8,45,629,3510
1:44:50,31.2,31.1,35.3,34.8,46,627,3505
1:45:50,31.2,31.1,35.5,34.8,46,623,3508
1:46:50,31.2,31.2,35.7,34.8,46,620,3508
1:47:51,31.2,31.2,35.8,35.0,46,614,3510
1:48:51,31.3,31.1,35.8,34.9,46,614,3516
1:49:51,31.2,31.1,35.8,34.9,46,620,3510
1:50:51,31.2,31.3,35.8,34.9,46,620,3497
1:51:51,31.3,31.2,35.9,34.9,46,605,3502
1:52:51,31.1,31.3,35.8,34.9,46,614,3510
1:53:51,31.2,31.3,35.9,34.9,46,605,3508
1:54:51,31.4,31.2,35.9,34.9,46,607,3494
1:55:51,31.4,31.2,35.9,34.9,46,605,3521
1:56:51,31.3,31.2,36.0,34.9,46,600,3521
1:57:51,31.3,31.3,35.8,34.9,46,600,3513
1:58:51,31.3,31.3,36.0,34.9,46,600,3508
1:59:51,31.4,31.3,35.9,35.0,46,600,3510
2:0:51,31.4,31.4,35.9,35.0,46,599,3491
2:1:52,31.4,31.3,35.9,34.8,46,594,3505
2:2:52,31.3,31.3,35.9,34.9,46,594,3510
2:3:52,31.4,31.4,35.9,34.9,46,594,3513
2:4:52,31.5,31.4,35.8,34.9,46,592,3502
2:5:52,31.3,31.4,35.8,34.9,45,586,3513
2:6:52,31.3,31.3,35.8,34.8,45,584,3513
2:7:52,31.4,31.3,35.8,34.8,45,578,3497
2:8:52,31.3,31.3,35.8,34.9,45,584,3521
2:9:52,31.3,31.3,35.8,34.8,46,578,3497
2:10:52,31.3,31.2,35.8,34.7,46,577,3508
2:11:52,31.3,31.2,35.8,34.9,46,577,3502
2:12:52,31.3,31.2,35.8,34.7,45,572,3453
2:13:52,31.3,31.3,35.8,34.8,46,577,3508
2:14:52,31.2,31.3,35.8,34.8,45,570,3502
2:15:53,31.2,31.3,35.9,34.8,45,572,3497
2:16:53,31.2,31.2,35.9,34.8,46,570,3510
2:17:53,31.3,31.2,35.8,34.8,45,570,3513
2:18:53,31.2,31.3,35.8,34.8,45,566,3500
2:19:53,31.3,31.4,35.9,34.8,45,566,3500
2:20:53,31.4,31.3,35.9,34.8,46,566,3508
2:21:53,31.3,31.2,35.8,34.8,45,570,3521
2:22:53,31.3,31.3,35.8,34.8,45,566,3508
2:23:53,31.3,31.2,35.9,34.8,45,566,3513
2:24:53,31.2,31.2,36.0,34.9,45,566,3521
2:25:53,31.2,31.3,35.8,34.9,45,561,3497
2:26:53,31.2,31.3,35.9,34.9,45,556,3516
2:27:53,31.3,31.3,35.9,34.8,45,556,3508
2:28:53,31.2,31.3,36.0,34.8,45,553,3510
2:29:54,31.2,31.2,36.0,34.8,45,553,3505
2:30:54,31.1,31.4,35.9,34.9,45,553,3494
2:31:54,31.2,31.4,35.8,34.9,45,553,3513
2:32:54,31.1,31.3,35.8,34.8,46,553,3513
2:33:54,31.3,31.2,36.0,34.9,46,551,3505
2:34:54,31.2,31.3,35.9,34.9,46,551,3500
2:35:54,31.3,31.2,36.0,34.9,45,553,3510
2:36:54,31.2,31.2,36.0,34.7,45,551,3486
2:37:54,31.2,31.3,35.9,34.9,45,551,3508
2:38:54,31.2,31.3,35.9,34.9,46,548,3519
2:39:54,31.3,31.3,36.0,34.9,45,548,3510
2:40:54,31.3,31.2,36.0,34.8,45,548,3524
2:41:54,31.2,31.2,36.0,35.0,45,545,3502
2:42:54,31.2,31.3,35.9,34.8,45,548,3519
2:43:55,31.1,31.2,36.0,34.9,45,548,3508
2:44:55,31.3,31.3,36.1,34.8,45,545,3527
2:45:55,31.1,31.2,35.9,34.9,45,542,3516
2:46:55,31.2,31.2,35.9,34.9,45,545,3505
2:47:55,31.1,31.4,35.9,34.8,45,542,3508
2:48:55,31.1,31.2,35.9,34.8,45,542,3521
2:49:55,31.2,31.2,35.8,34.9,45,542,3494
2:50:55,31.1,31.2,35.9,34.8,45,542,3505
2:51:55,31.1,31.3,36.0,34.8,45,536,3524
2:52:55,31.2,31.2,35.9,34.8,45,536,3502
2:53:55,31.1,31.3,35.9,34.8,45,536,3486
2:54:55,31.1,31.3,35.9,34.9,45,536,3510
2:55:56,31.2,31.2,36.0,34.9,45,534,3494
2:56:56,31.1,31.3,35.8,34.9,45,534,3497
2:57:56,31.1,31.2,36.0,34.8,45,530,3497
2:58:56,31.1,31.3,35.9,34.8,45,530,3508
2:59:56,31.1,31.3,35.9,34.8,45,530,3491
3:0:56,31.1,31.3,35.9,34.8,45,530,3513
3:1:56,31.1,31.3,35.9,34.8,45,530,3505
3:2:56,31.1,31.2,35.9,34.7,45,534,3516
3:3:56,31.1,31.3,35.9,35.0,45,529,3508
3:4:56,31.1,31.3,36.0,34.9,45,530,3521
3:5:56,31.1,31.2,36.0,35.0,45,529,3510
3:6:56,31.0,31.2,35.9,35.2,45,530,3510
3:7:56,31.1,31.2,36.1,35.1,45,529,3521
3:8:56,31.1,31.2,36.1,35.2,45,530,3510
3:9:57,31.2,31.1,36.1,35.2,45,530,3516
3:10:57,31.1,31.3,36.0,35.3,45,530,3505
3:11:57,31.1,31.2,36.1,35.3,45,530,3497
3:12:57,31.1,31.3,36.2,35.3,45,530,3510
3:13:57,30.8,31.3,35.6,34.8,45,529,3475
3:14:57,31.6,31.0,34.8,36.3,45,542,3521
3:15:57,32.0,30.8,34.7,37.3,46,570,3508
3:16:57,32.1,30.8,34.9,37.6,47,592,3502
3:17:57,32.4,30.7,35.0,37.6,48,605,3508
3:18:57,32.7,30.8,34.9,37.7,48,627,3524
3:19:57,32.9,30.7,35.2,37.7,48,637,3508
3:20:57,33.1,30.8,35.2,37.9,48,650,3497
3:21:56,33.1,30.8,35.4,37.8,48,666,3521
3:22:56,33.3,30.8,35.4,37.9,48,675,3510
3:23:56,33.2,31.0,35.5,37.9,48,679,3508
3:24:56,33.4,31.1,35.4,37.9,48,694,3494
3:25:56,33.4,31.1,35.6,38.0,48,706,3516
3:26:56,33.5,31.2,35.6,38.0,48,717,3502
3:27:56,33.5,31.2,35.6,37.9,48,730,3519
3:28:55,33.6,31.3,35.7,38.0,48,740,3521
3:29:55,33.7,31.3,35.7,38.1,48,757,3516
3:30:55,33.6,31.3,35.6,37.9,48,759,3521
3:31:55,33.8,31.3,35.7,38.1,48,772,3508
3:32:55,33.9,31.5,35.9,38.1,48,774,3508
3:33:55,33.8,31.3,35.7,38.0,48,785,3513
3:34:54,33.8,31.4,35.9,38.1,48,800,3521
3:35:54,33.8,31.3,35.7,38.0,48,800,3521
3:36:54,33.9,31.5,35.8,38.1,48,808,3510
3:37:54,33.9,31.5,35.9,38.2,48,819,3508
3:38:54,33.9,31.5,36.0,38.1,48,827,3505
3:39:54,33.9,31.6,35.9,38.2,48,840,3510
3:40:53,33.9,31.6,36.0,38.2,48,840,3516
3:41:53,34.0,31.6,35.9,38.2,48,846,3516
3:42:53,33.9,31.6,36.0,38.2,48,851,3508
3:43:53,33.9,31.6,35.8,38.1,48,863,3513
3:44:53,34.0,31.6,36.0,38.2,48,868,3502
3:45:52,34.0,31.6,35.9,38.2,48,872,3494
3:46:52,34.0,31.7,36.0,38.3,49,872,3513
3:47:52,33.9,31.7,35.8,38.2,48,882,3505
3:48:52,34.1,31.7,36.0,38.2,49,882,3500
3:49:52,34.0,31.8,36.0,38.2,48,882,3500
3:50:51,34.1,31.7,35.9,38.3,48,889,3513
3:51:51,34.0,31.7,35.8,38.3,48,900,3516
3:52:51,34.0,31.7,35.7,38.2,48,889,3510
3:53:51,34.0,31.7,35.7,38.1,48,909,3502
3:54:51,34.1,31.6,35.7,38.3,48,907,3508
3:55:50,34.1,31.7,35.8,38.3,48,909,3505
3:56:50,34.0,31.6,35.8,38.1,48,909,3524
3:57:50,34.0,31.5,35.8,38.2,49,909,3508
3:58:50,34.0,31.5,35.9,38.2,48,918,3524
3:59:50,33.9,31.6,35.8,38.2,48,923,3519
4:0:49,34.1,31.7,35.9,38.2,48,918,3500
4:1:49,34.1,31.6,35.9,38.3,48,927,3516
4:2:49,34.0,31.7,35.9,38.2,48,927,3516
4:3:49,33.9,31.6,35.8,38.3,48,927,3516
4:4:49,34.0,31.6,35.9,38.2,48,933,3475
4:5:48,34.0,31.6,35.9,38.2,48,933,3505
4:6:48,34.1,31.6,35.9,38.4,49,945,3530
4:7:48,34.0,31.7,35.9,38.4,48,951,3510
4:8:48,34.1,31.6,36.0,38.3,48,956,3508
4:9:48,34.1,31.8,36.1,38.4,49,956,3500
4:10:47,34.1,31.7,36.0,38.4,48,964,3508
4:11:47,34.1,31.8,36.1,38.3,48,972,3521
4:12:47,34.1,31.7,36.0,38.4,49,975,3524
4:13:47,34.2,31.8,36.0,38.3,49,975,3505
4:14:47,34.1,31.8,35.8,38.4,49,964,3513
4:15:46,34.1,31.8,36.1,38.4,48,975,3521
4:16:46,34.0,31.8,36.2,38.3,48,987,3497
4:17:46,34.1,31.8,36.0,38.4,48,987,3510
4:18:46,34.2,31.8,36.0,38.4,49,990,3521
4:19:46,34.2,31.7,36.1,38.5,48,990,3508
4:20:45,34.1,31.8,36.1,38.3,48,997,3508
4:21:45,34.2,31.9,36.0,37.9,48,990,3505
4:22:45,34.5,31.9,35.6,38.1,48,1007,3510
4:23:45,34.9,31.9,35.4,38.3,49,1041,3500
4:24:44,35.3,31.8,35.1,38.3,49,1053,3516
4:25:44,35.4,31.9,35.3,38.3,49,1071,3521
4:26:44,35.4,31.9,35.1,38.3,49,1095,3521
4:27:44,35.5,31.8,35.3,38.2,49,1095,3516
4:28:43,35.6,31.9,35.2,38.3,49,1110,3510
4:29:43,35.5,31.9,35.1,38.4,49,1122,3505
4:30:43,35.7,31.9,35.3,38.4,49,1125,3508
4:31:43,35.7,32.0,35.2,38.3,49,1137,3500
4:32:42,35.7,31.9,35.4,38.3,49,1137,3510
4:33:42,35.7,31.9,35.3,38.3,49,1153,3497
4:34:42,35.6,32.0,35.2,38.3,49,1163,3508
4:35:41,35.6,31.9,35.2,38.4,49,1168,3508
4:36:41,35.7,31.9,35.3,38.4,49,1168,3513
4:37:41,35.7,31.9,35.1,38.3,49,1168,3521
4:38:41,35.6,32.0,35.2,38.3,49,1178,3513
4:39:40,35.7,31.9,35.0,38.4,49,1168,3494
4:40:40,35.8,32.0,35.1,38.4,49,1178,3510
4:41:40,35.8,31.9,35.1,38.4,49,1178,3505
4:42:39,35.7,32.0,35.1,38.3,49,1178,3521
4:43:39,35.7,31.9,35.2,38.4,49,1191,3516
4:44:39,35.8,31.8,35.0,38.3,48,1191,3519
4:45:39,35.7,31.9,35.2,38.3,49,1195,3502
4:46:38,35.6,31.9,35.2,38.3,49,1195,3497
4:47:38,35.6,31.9,35.2,38.4,49,1215,3513
4:48:38,35.6,31.9,35.3,38.4,49,1204,3513
4:49:37,35.6,31.9,35.3,38.4,48,1204,3508
4:50:37,35.7,31.9,35.4,38.3,49,1215,3521
4:51:37,35.7,32.0,35.3,38.3,49,1215,3502
4:52:37,35.7,32.0,35.5,38.3,49,1224,3510
4:53:36,35.6,31.9,35.5,38.3,49,1235,3497
4:54:36,35.7,31.9,35.6,38.4,49,1235,3510
4:55:36,35.8,31.9,35.7,38.4,49,1238,3524
4:56:35,35.8,31.9,35.9,38.4,49,1252,3510
4:57:35,35.8,31.9,36.0,38.4,49,1281,3500
4:58:35,35.8,32.0,36.0,38.4,49,1274,3524
4:59:34,35.8,32.0,36.1,38.4,48,1274,3521
5:0:34,35.8,32.1,36.2,38.4,48,1274,3519
5:1:34,35.8,32.0,35.9,38.4,49,1281,3513
5:2:34,35.7,32.0,35.9,38.4,48,1281,3500
5:3:33,35.8,32.0,35.9,38.4,49,1291,3521
5:4:33,35.8,32.0,35.9,38.4,49,1291,3513
5:5:33,35.8,32.0,35.8,38.4,48,1291,3510
5:6:32,35.8,31.9,35.7,38.4,49,1295,3521
5:7:32,35.6,32.0,35.7,38.4,48,1291,3510
5:8:32,35.7,31.9,35.7,38.4,48,1291,3521
5:9:31,35.7,31.9,35.8,38.3,49,1291,3508
5:10:31,35.6,31.9,35.8,38.3,48,1295,3508
5:11:31,35.6,31.9,35.8,38.4,48,1291,3497
5:12:31,35.6,32.0,35.8,38.3,49,1291,3516
5:13:30,35.6,31.9,35.7,38.4,48,1291,3521
5:14:30,35.8,31.8,35.7,38.3,49,1291,3513
5:15:30,35.7,31.9,35.6,38.3,49,1295,3510
5:16:29,35.7,31.9,35.7,38.3,48,1291,3508
5:17:29,35.6,32.0,35.6,38.3,48,1295,3521
5:18:29,35.6,31.8,35.5,38.3,48,1291,3502
5:19:29,35.6,31.9,35.6,38.3,49,1295,3505
5:20:28,35.6,31.8,35.3,38.3,48,1291,3508
5:21:28,35.7,31.8,35.3,38.4,48,1295,3527
5:22:28,35.6,31.9,35.3,38.3,48,1291,3500
5:23:27,35.6,31.8,35.1,38.3,48,1295,3513
5:24:27,35.7,31.8,35.2,38.2,48,1281,3516
5:25:27,35.5,31.8,35.2,38.2,48,1281,3527
5:26:27,35.7,31.7,35.4,38.2,48,1291,3508
5:27:26,35.7,31.7,35.4,38.3,49,1291,3521
5:28:26,35.7,31.7,35.4,38.2,48,1291,3497
5:29:26,35.6,31.8,35.6,38.3,49,1295,3502
5:30:25,35.6,31.7,35.6,38.2,49,1295,3516
5:31:25,35.6,31.8,35.6,38.3,49,1291,3513
5:32:25,35.7,31.8,35.5,38.2,48,1295,3519
5:33:25,35.6,31.8,35.6,38.3,48,1310,3519
5:34:24,35.6,32.1,35.5,38.1,48,1291,3500
5:35:24,35.4,32.2,35.3,38.2,48,1291,3491
5:36:24,35.5,32.1,35.2,38.2,48,1291,3497
5:37:23,35.5,32.1,35.2,38.3,49,1281,3505
5:38:23,35.4,32.0,35.2,38.2,48,1281,3510
5:39:23,35.5,32.1,35.0,38.3,49,1281,3508
5:40:23,35.4,32.0,35.1,38.3,49,1281,3502
5:41:22,35.4,31.9,35.0,38.2,49,1281,3521
5:42:22,35.3,31.9,35.1,38.2,49,1281,3508
5:43:22,35.5,31.9,34.9,38.2,49,1281,3502
5:44:22,35.5,31.9,35.0,38.3,49,1281,3494
5:45:21,35.2,31.9,34.8,38.3,49,1262,3516
5:46:21,35.4,31.9,34.9,38.3,49,1281,3524
5:47:21,35.4,31.7,34.8,38.1,49,1262,3527
5:48:21,35.4,31.8,34.8,38.2,49,1274,3508
5:49:20,35.4,31.8,34.7,38.2,49,1262,3497
5:50:20,35.4,31.9,34.6,38.3,49,1262,3502
5:51:20,35.4,31.6,34.6,38.1,49,1262,3516
5:52:20,35.4,31.7,34.7,38.2,49,1252,3510
5:53:19,35.3,31.7,34.5,38.3,49,1252,3497
5:54:19,35.3,31.6,34.5,38.2,49,1252,3508
5:55:19,35.3,31.7,34.6,38.3,49,1238,3497
5:56:19,35.3,31.6,34.5,38.2,49,1238,3510
5:57:18,35.2,31.6,34.5,38.2,49,1238,3510
5:58:18,35.3,31.6,34.4,38.2,49,1238,3508
5:59:18,35.3,31.6,34.4,38.2,49,1238,3505
6:0:18,35.2,31.5,34.5,38.2,49,1224,3497
6:1:17,35.3,31.5,34.3,38.2,49,1235,3516
6:2:17,35.2,31.5,34.4,38.1,49,1224,3510
6:3:17,35.2,31.5,34.3,38.2,49,1224,3521
6:4:17,35.2,31.5,34.3,38.1,49,1235,3505
6:5:17,35.3,31.5,34.2,38.1,49,1224,3491
6:6:16,35.2,31.6,34.3,38.1,49,1215,3527
6:7:16,35.3,31.5,34.3,38.3,49,1224,3516
6:8:16,35.3,31.5,34.4,38.2,49,1224,3502
6:9:16,35.2,31.4,34.3,38.2,49,1215,3519
6:10:15,35.4,31.4,34.3,38.2,49,1224,3510
6:11:15,35.2,31.3,34.4,38.2,49,1215,3521
6:12:15,35.3,31.4,34.2,38.2,49,1204,3521
6:13:15,35.2,31.4,34.2,38.2,49,1215,3521
6:14:14,35.2,31.3,34.3,38.1,49,1204,3521
6:15:14,35.3,31.3,34.3,38.3,49,1204,3516
6:16:14,35.2,31.4,34.3,38.2,49,1215,3497
6:17:14,35.2,31.3,34.4,38.1,49,1195,3513
6:18:14,35.3,31.4,34.3,38.1,49,1204,3510
6:19:13,35.2,31.4,34.2,38.1,49,1195,3516
6:20:13,35.2,31.4,34.2,38.0,49,1195,3513
6:21:13,35.2,31.6,34.7,37.7,49,1191,3510
6:22:13,35.4,31.7,34.5,38.1,49,1191,3521
6:23:12,35.5,31.5,34.2,38.3,49,1195,3521
6:24:12,35.8,31.1,34.0,38.3,49,1178,3505
6:25:12,35.7,31.0,33.9,38.3,49,1163,3505
6:26:12,35.7,30.9,33.8,38.3,49,1168,3505
6:27:12,35.6,30.8,33.8,38.4,49,1153,3519
6:28:11,35.7,30.8,33.8,38.4,49,1153,3510
6:29:11,35.6,30.6,33.7,38.3,49,1147,3530
6:30:11,35.8,30.6,33.7,38.3,49,1137,3505
6:31:11,35.7,30.6,33.6,38.2,50,1125,3513
6:32:11,35.8,30.6,33.8,38.3,50,1125,3505
6:33:10,35.7,30.5,33.8,38.3,50,1122,3508
6:34:10,35.7,30.6,33.7,38.3,50,1122,3510
6:35:10,35.7,30.6,33.9,38.3,50,1110,3497
6:36:10,35.5,30.5,33.6,38.2,50,1110,3510
6:37:10,35.6,30.5,33.6,38.2,50,1102,3532
6:38:9,35.5,30.5,33.7,38.3,50,1110,3502
6:39:9,35.7,30.4,33.7,38.2,50,1102,3510
6:40:9,35.7,30.5,33.8,38.3,50,1102,3516
6:41:9,35.5,30.5,33.7,38.1,50,1102,3502
6:42:9,35.6,30.4,33.7,38.2,50,1102,3516
6:43:8,35.7,30.5,33.8,38.5,50,1102,3505
6:44:8,35.6,30.6,33.7,38.0,50,1110,3500
6:45:8,35.5,31.9,34.4,36.8,50,1102,3497
6:46:8,34.6,33.2,36.6,36.3,51,1137,3510
6:47:8,34.1,34.3,37.5,36.0,51,1163,3505
6:48:7,33.6,35.0,37.9,35.9,50,1191,3513
6:49:7,33.4,35.6,38.0,35.9,48,1195,3505
6:50:7,33.3,36.0,38.2,35.8,48,1204,3508
6:51:7,33.1,36.2,38.1,35.7,47,1215,3516
6:52:7,33.1,36.2,38.2,35.8,47,1215,3497
6:53:6,33.1,36.4,38.3,35.6,47,1224,3516
6:54:6,32.9,36.4,38.3,35.8,47,1224,3519
6:55:6,33.0,36.4,38.2,35.8,47,1235,3516
6:56:6,32.9,36.3,38.3,35.6,46,1238,3516
6:57:5,33.0,36.4,38.3,35.7,46,1252,3510
6:58:5,33.0,36.3,38.3,35.7,46,1252,3505
6:59:5,32.9,36.2,38.4,35.6,46,1252,3524
7:0:5,32.9,36.1,38.4,35.7,46,1252,3497
7:1:4,33.0,36.1,38.3,35.7,46,1252,3510
7:2:4,32.9,36.0,38.4,35.5,46,1252,3510
7:3:4,32.9,36.0,38.4,35.6,46,1262,3516
7:4:4,32.8,35.9,38.4,35.6,46,1252,3532
7:5:4,32.8,35.7,38.4,35.6,46,1252,3508
7:6:3,32.9,35.9,38.3,35.6,46,1262,3532
7:7:3,32.9,35.8,38.4,35.6,46,1262,3519
7:8:3,32.8,35.7,38.4,35.6,46,1252,3521
7:9:3,32.8,35.6,38.4,35.6,46,1262,3521
7:10:2,32.8,35.6,38.3,35.6,46,1262,3527
7:11:2,32.9,35.7,38.3,35.6,46,1262,3524
7:12:2,32.8,35.6,38.4,35.5,46,1252,3508
7:13:2,32.7,35.5,38.3,35.5,46,1262,3519
7:14:2,32.6,35.6,38.3,35.5,46,1262,3510
7:15:1,32.8,35.6,38.3,35.6,46,1262,3516
7:16:1,32.7,35.6,38.3,35.7,46,1262,3510
7:17:1,32.8,35.6,38.3,35.5,46,1262,3508
7:18:1,33.3,35.4,37.3,36.6,46,1262,3521
7:19:1,33.6,34.6,37.5,37.9,45,1291,3516
7:20:0,33.7,34.0,37.6,38.2,46,1291,3505
7:21:0,33.7,33.6,37.7,38.3,46,1295,3510
7:22:0,33.8,33.4,37.8,38.6,47,1291,3508
7:22:59,33.6,33.3,37.8,38.6,47,1295,3508
7:23:59,33.6,33.2,37.8,38.5,47,1310,3508
7:24:59,33.7,33.3,37.7,38.5,47,1295,3516
7:25:59,33.6,33.2,37.7,38.5,47,1310,3521
7:26:58,33.6,33.1,37.8,38.5,47,1295,3510
7:27:58,33.6,33.0,37.7,38.4,47,1291,3510
7:28:58,33.5,33.0,37.7,38.4,47,1295,3513
7:29:58,33.6,33.0,37.7,38.5,47,1291,3489
7:30:57,33.6,32.9,37.7,38.4,47,1295,3486
7:31:57,33.5,32.9,37.6,38.4,47,1295,3494
7:32:57,33.5,32.8,37.6,38.4,47,1291,3543
7:33:57,33.5,32.9,37.6,38.4,47,1291,3505
7:34:57,33.5,32.9,37.6,38.4,48,1291,3521
7:35:56,33.4,32.9,37.5,38.4,47,1291,3502
7:36:56,33.5,33.0,37.6,38.4,47,1291,3521
7:37:56,33.4,33.0,37.7,38.4,47,1310,3513
7:38:56,33.4,33.0,37.7,38.3,47,1295,3521
7:39:55,33.5,33.0,37.6,38.3,47,1295,3502
7:40:55,33.5,33.0,37.9,38.3,47,1295,3502
7:41:55,33.5,33.0,37.7,38.4,47,1295,3510
7:42:55,33.4,32.9,37.8,38.3,47,1291,3519
7:43:54,33.5,33.1,37.7,38.4,47,1295,3510
7:44:54,33.5,32.9,37.7,38.4,47,1310,3510
7:45:54,33.5,32.9,37.7,38.4,47,1310,3516
7:46:54,33.4,33.0,37.7,38.3,47,1295,3508
7:47:53,33.5,33.0,37.7,38.3,47,1295,3505
7:48:53,33.5,33.1,37.6,38.4,47,1295,3497
7:49:53,33.4,33.0,37.6,38.3,47,1295,3510
7:50:53,33.4,32.9,37.6,38.3,47,1295,3519
7:51:52,33.3,32.9,37.6,38.3,47,1295,3521
7:52:52,33.4,33.0,37.6,38.3,48,1291,3508
7:53:52,33.3,32.9,37.7,38.3,47,1291,3521
7:54:52,33.3,32.8,37.7,38.3,48,1291,3516
7:55:52,33.4,32.9,37.7,38.4,47,1291,3510
7:56:51,33.3,32.8,37.6,38.3,47,1291,3519
7:57:51,33.4,32.9,37.5,38.3,47,1295,3513
7:58:51,33.9,33.3,36.5,37.5,47,1262,3483
7:59:51,33.5,33.7,37.1,36.8,47,1262,3510
8:0:50,32.9,34.0,37.7,36.4,48,1238,3513
8:1:50,32.7,34.1,37.7,36.1,47,1224,3508
8:2:50,32.3,34.0,37.8,36.0,47,1224,3516
8:3:50,32.2,34.2,37.9,35.8,47,1204,3532
8:4:50,31.9,34.2,37.7,35.7,47,1191,3513
8:5:50,31.8,34.2,37.7,35.6,47,1178,3497
8:6:50,31.7,34.3,37.9,35.6,46,1178,3510
8:7:49,31.7,34.1,37.7,35.6,46,1153,3510
8:8:49,31.6,34.3,37.7,35.5,47,1147,3521
8:9:49,31.6,34.3,37.7,35.5,46,1137,3502
8:10:49,31.5,34.2,37.7,35.4,46,1125,3519
8:11:49,31.5,34.3,37.7,35.3,47,1122,3502
8:12:49,31.4,34.1,37.7,35.3,47,1122,3497
8:13:49,31.5,34.3,37.7,35.3,47,1110,3513
8:14:49,31.3,34.2,37.6,35.2,47,1110,3521
8:15:49,31.3,34.2,37.6,35.2,47,1102,3497
8:16:49,31.3,34.2,37.6,35.2,47,1095,3510
8:17:49,31.3,34.1,37.6,35.2,47,1095,3508
8:18:48,31.3,34.1,37.7,35.3,47,1077,3510
8:19:48,31.3,34.2,37.5,35.2,47,1077,3502
8:20:48,31.2,34.2,37.5,35.2,47,1071,3508
8:21:48,31.3,34.2,37.4,35.2,47,1071,3521
8:22:48,31.2,34.2,37.6,35.1,47,1071,3510
8:23:48,31.2,34.1,37.6,35.1,47,1062,3524
8:24:48,31.2,34.3,37.6,35.0,47,1053,3497
8:25:48,31.2,34.2,37.6,35.2,47,1053,3510
8:26:48,31.1,34.3,37.6,35.1,47,1053,3521
8:27:48,31.2,34.3,37.6,35.1,47,1062,3510
8:28:48,31.2,34.3,37.6,35.1,47,1053,3508
8:29:48,31.1,34.2,37.5,35.0,47,1050,3519
8:30:48,31.2,34.2,37.6,35.0,47,1050,3519
8:31:47,31.2,34.2,37.5,35.0,47,1041,3521
8:32:47,31.1,34.4,37.6,35.1,47,1050,3510
8:33:47,31.2,34.3,37.5,35.1,47,1029,3505
8:34:47,31.2,34.3,37.6,35.0,47,1041,3513
8:35:47,31.2,34.3,37.6,35.1,47,1041,3510
8:36:47,31.2,34.3,37.6,35.0,47,1041,3519
8:37:47,31.2,34.4,37.7,35.2,47,1050,3510
8:38:47,31.3,34.3,37.5,34.9,47,1041,3513
8:39:47,31.1,34.3,37.6,35.1,47,1029,3510
8:40:47,31.2,34.3,37.4,35.0,47,1029,3497
8:41:47,31.1,34.3,37.5,35.0,47,1041,3510
8:42:47,31.2,34.4,37.7,35.1,47,1029,3508
8:43:47,31.2,34.4,37.5,35.2,47,1029,3502
8:44:47,31.2,34.4,37.5,35.0,47,1029,3524
8:45:46,31.1,34.3,37.5,35.0,47,1029,3516
8:46:46,31.3,34.4,37.5,35.1,47,1029,3510
8:47:46,31.3,34.3,37.4,35.0,47,1029,3521
8:48:46,31.2,34.4,37.6,35.1,47,1041,3505
8:49:46,31.1,34.5,37.5,35.0,47,1029,3516
8:50:46,31.2,34.4,37.5,35.1,47,1029,3521
8:51:46,31.2,34.3,37.5,35.1,47,1041,3527
8:52:46,31.2,34.3,37.4,35.1,47,1029,3513
8:53:46,31.1,34.2,37.5,35.0,47,1017,3500
8:54:46,31.2,34.2,37.3,35.0,47,1029,3516
8:55:46,31.3,34.2,37.5,35.0,47,1017,3497
8:56:46,31.1,34.3,37.4,35.0,47,1017,3524
8:57:46,31.1,34.1,37.5,35.0,47,1017,3521
8:58:45,31.1,34.2,37.4,35.0,47,1017,3510
8:59:45,31.1,34.0,37.5,35.0,47,1017,3516
9:0:45,31.2,34.1,37.5,35.1,47,1017,3508
9:1:45,31.2,34.0,37.5,35.0,47,1012,3510
9:2:45,31.2,34.1,37.5,35.0,47,1017,3521
9:3:45,31.1,34.2,37.4,35.0,47,1012,3500
9:4:45,31.1,34.1,37.4,35.0,47,1012,3502
9:5:45,31.1,34.1,37.4,35.0,47,1012,3510
9:6:45,31.1,34.1,37.5,35.0,47,1012,3519
9:7:45,31.1,34.1,37.4,35.0,47,1012,3510
9:8:45,31.1,34.1,37.4,35.0,47,1012,3513
9:9:45,31.2,33.7,36.9,34.9,47,1007,3486
9:10:45,31.6,35.6,37.0,34.3,47,990,3497
9:11:45,31.9,36.5,37.2,33.8,47,987,3500
9:12:45,32.0,36.9,37.4,33.4,47,972,3508
9:13:45,32.3,37.1,37.5,33.0,47,964,3497
9:14:45,32.4,37.2,37.4,32.8,47,964,3521
9:15:45,32.4,37.3,37.5,32.7,46,945,3508
9:16:45,32.5,37.3,37.5,32.6,46,933,3521
9:17:44,32.8,37.4,37.4,32.4,46,933,3510
9:18:44,32.6,37.3,37.5,32.4,46,923,3502
9:19:44,32.8,37.2,37.5,32.4,46,918,3521
9:20:44,32.7,37.3,37.5,32.4,46,918,3516
9:21:44,32.7,37.3,37.5,32.4,46,918,3510
9:22:44,32.8,37.4,37.4,32.3,46,918,3516
9:23:44,32.8,37.3,37.5,32.4,46,907,3521
9:24:44,32.9,37.3,37.5,32.4,46,907,3510
9:25:44,32.9,37.3,37.5,32.3,46,907,3513
9:26:44,32.8,37.3,37.5,32.3,46,889,3502
9:27:44,32.9,37.3,37.4,32.3,46,900,3516
9:28:44,32.9,37.4,37.4,32.3,46,900,3500
9:29:44,32.9,37.3,37.4,32.2,46,900,3519
9:30:44,32.8,37.3,37.4,32.4,46,889,3521
9:31:44,32.8,37.4,37.4,32.4,46,882,3519
9:32:44,32.8,37.3,37.5,32.2,46,882,3516
9:33:44,32.8,37.3,37.4,32.4,46,880,3510
9:34:44,32.9,37.4,37.4,32.4,46,872,3513
9:35:44,32.7,37.3,37.4,32.5,46,880,3521
9:36:44,32.7,37.3,37.3,32.4,46,868,3502
9:37:44,32.7,37.4,37.3,32.4,46,872,3513
9:38:44,32.7,37.3,37.3,32.2,46,872,3510
9:39:44,32.7,37.2,37.3,32.4,46,868,3505
9:40:44,32.6,37.3,37.3,32.3,46,863,3521
9:41:44,32.6,37.2,37.3,32.3,46,851,3516
9:42:44,32.6,37.2,37.3,32.3,46,851,3508
9:43:44,32.4,37.2,37.4,32.2,46,851,3508
9:44:44,32.6,37.2,37.3,32.3,46,846,3516
9:45:44,32.5,37.3,37.5,32.2,46,846,3530
9:46:44,32.5,37.2,37.4,32.3,46,851,3516
9:47:44,32.4,37.2,37.6,32.3,46,851,3508
9:48:44,32.4,37.0,37.4,32.2,46,851,3508
9:49:44,32.4,37.3,37.4,32.2,46,840,3505
9:50:44,32.4,37.3,37.5,32.2,46,840,3510
9:51:44,32.2,37.1,37.5,32.3,46,836,3497
9:52:44,32.3,37.3,37.5,32.1,46,836,3524
9:53:44,32.3,37.2,37.5,32.3,46,836,3521
9:54:44,32.3,37.3,37.5,32.2,46,836,3510
9:55:44,32.2,37.3,37.5,32.1,46,836,3513
9:56:44,32.4,37.3,37.5,32.1,46,836,3513
9:57:44,32.2,37.3,37.5,32.2,46,836,3505
9:58:44,32.3,37.3,37.4,32.2,46,836,3508
9:59:44,32.4,37.2,37.5,32.1,46,836,3508
10:0:44,32.3,37.2,37.5,32.2,46,830,3519
10:1:44,32.2,37.3,37.4,32.2,46,827,3508
10:2:44,32.1,37.0,37.5,32.2,46,827,3521
10:3:44,32.2,37.2,37.5,32.3,46,827,3510
10:4:44,32.1,37.3,37.5,32.3,46,819,3516
10:5:44,32.1,37.2,37.5,32.3,46,827,3513
10:6:44,32.1,37.2,37.4,32.1,46,819,3524
10:7:44,32.1,37.2,37.5,32.1,46,819,3505
10:8:44,32.0,37.3,37.4,32.2,46,827,3510
10:9:44,32.0,37.3,37.4,32.1,46,819,3524
10:10:44,32.1,37.3,37.4,32.1,46,819,3516
10:11:44,31.9,37.3,37.5,32.1,46,819,3510
10:12:44,32.1,37.2,37.5,32.1,46,813,3519
10:13:44,32.2,37.4,37.4,32.0,46,827,3497
10:14:44,32.2,37.3,37.4,32.0,46,819,3500
10:15:44,32.0,37.3,37.4,32.1,46,819,3513
10:16:44,32.2,37.3,37.4,32.0,46,819,3510
10:17:44,32.0,37.4,37.5,32.1,46,819,3505
10:18:44,32.1,37.2,37.4,32.0,46,813,3516
10:19:44,32.2,37.3,37.4,32.1,46,827,3521
10:20:44,32.2,37.4,37.4,32.0,46,819,3510
10:21:44,32.2,37.3,37.4,31.9,46,813,3513
10:22:44,32.1,37.3,37.5,32.0,46,819,3519
10:23:44,32.2,37.3,37.4,31.9,46,819,3527
10:24:44,32.3,37.4,37.4,31.9,46,827,3530
10:25:44,32.2,37.4,37.4,32.0,46,819,3519
10:26:44,32.2,37.4,37.5,32.2,46,819,3497
10:27:44,32.3,37.0,37.2,32.5,46,830,3505
10:28:44,32.1,36.5,37.5,32.9,46,863,3497
10:29:44,31.9,36.3,37.7,33.2,47,872,3516
10:30:44,31.7,36.0,37.6,33.4,47,882,3513
10:31:44,31.8,35.9,37.8,33.6,47,900,3513
10:32:44,31.7,36.1,37.8,33.8,47,909,3510
10:33:44,31.6,35.8,37.7,33.8,47,918,3510
10:34:44,31.6,35.8,37.7,33.9,47,927,3508
10:35:44,31.7,35.9,37.7,33.9,47,933,3516
10:36:44,31.6,35.8,37.7,34.1,47,927,3521
10:37:43,31.5,35.9,37.8,34.0,47,945,3524
10:38:43,31.7,35.9,37.7,34.1,47,945,3524
10:39:43,31.5,35.7,37.6,34.1,47,945,3519
10:40:43,31.5,35.7,37.7,34.1,47,951,3521
10:41:43,31.5,35.8,37.7,34.1,47,956,3513
10:42:43,31.6,35.7,37.7,34.0,47,956,3505
10:43:43,31.6,35.7,37.8,34.1,47,956,3513
10:44:43,31.5,35.6,37.6,34.0,47,956,3505
10:45:43,31.4,35.8,37.7,34.1,46,964,3497
10:46:43,31.4,35.8,37.8,34.0,47,964,3510
10:47:43,31.5,35.6,37.6,34.1,47,972,3502
10:48:43,31.5,35.6,37.7,34.0,47,972,3510
10:49:43,31.4,35.6,37.7,34.1,47,975,3516
10:50:43,31.4,35.6,37.7,34.0,47,972,3508
10:51:43,31.4,35.7,37.8,34.0,47,975,3508
10:52:42,31.4,35.6,37.7,34.1,47,975,3519
10:53:42,31.5,35.7,37.8,34.0,47,972,3510
10:54:42,31.4,35.6,37.7,33.9,47,972,3502
10:55:42,31.3,35.5,37.7,33.9,47,972,3502
10:56:42,31.3,35.5,37.8,33.9,47,972,3508
10:57:42,31.4,35.6,37.7,34.0,47,975,3510
10:58:42,31.3,35.5,37.7,34.0,47,975,3521
10:59:42,31.3,35.4,37.6,34.0,47,972,3513
11:0:42,31.2,35.5,37.7,34.0,47,975,3521
11:1:42,31.4,35.6,37.7,33.9,47,975,3513
11:2:42,31.3,35.3,37.7,33.9,47,975,3510
11:3:42,31.3,35.5,37.7,34.0,47,975,3505
11:4:42,31.3,35.5,37.7,33.9,47,975,3513
11:5:42,31.3,35.4,37.6,33.9,47,975,3510
11:6:42,31.2,35.5,37.7,34.0,46,987,3524
11:7:42,31.3,35.3,37.6,33.9,47,987,3516
11:8:41,31.1,35.5,37.7,33.9,46,987,3508
11:9:41,31.2,35.4,37.7,33.8,46,975,3508
11:10:41,31.3,35.3,37.6,33.9,47,975,3513
11:11:41,31.3,35.5,37.6,33.8,46,987,3508
11:12:41,31.2,35.3,37.6,33.8,47,975,3508
11:13:41,31.3,35.3,37.7,33.8,46,990,3527
11:14:41,31.4,35.4,37.7,33.9,47,975,3513
11:15:41,31.2,35.5,37.8,33.8,47,975,3516
11:16:41,31.2,35.4,37.7,33.8,47,975,3519
11:17:41,31.3,35.5,37.7,33.8,47,975,3513
11:18:41,31.3,35.4,37.7,33.8,46,975,3521
11:19:41,31.2,35.3,37.7,33.8,46,975,3516
11:20:41,31.3,35.3,37.7,33.8,47,987,3510
11:21:41,31.2,35.3,37.6,33.8,47,975,3510
11:22:41,31.2,35.3,37.7,33.8,47,975,3516
11:23:41,31.3,35.3,37.7,33.8,47,972,3516
11:24:41,31.2,35.2,37.7,33.8,47,972,3510
11:25:41,31.2,35.4,37.6,33.8,47,975,3532
11:26:41,31.2,35.3,37.8,33.8,47,975,3505
11:27:40,31.3,35.3,37.6,33.8,47,987,3502
11:28:40,31.1,35.4,37.9,33.9,47,975,3510
11:29:40,31.3,35.3,37.7,33.8,46,987,3521
11:30:40,31.3,35.5,37.7,33.7,46,975,3513
11:31:40,31.3,35.6,37.7,33.6,47,987,3508
11:32:40,31.2,35.7,37.8,33.6,47,975,3519
11:33:40,31.3,35.8,37.7,33.6,47,987,3530
11:34:40,31.3,35.7,37.7,33.5,47,987,3505
11:35:40,31.4,35.8,37.8,33.5,46,975,3513
11:36:40,31.3,35.8,37.7,33.6,47,987,3530
11:37:40,31.3,35.8,37.8,33.6,47,975,3510
11:38:40,31.3,35.9,37.8,33.6,47,987,3521
11:39:40,31.3,35.8,37.7,33.6,46,987,3500
11:40:40,31.4,35.9,37.7,33.6,47,975,3500
11:41:40,31.2,35.8,37.8,33.7,47,990,3502
11:42:40,31.4,36.0,37.7,33.5,47,987,3521
11:43:40,31.4,36.0,37.8,33.6,46,987,3500
11:44:40,31.5,35.9,37.8,33.6,46,987,3508
11:45:40,32.4,35.7,37.1,34.1,46,1029,3494
11:46:39,35.5,36.0,35.8,34.3,47,1095,3505
11:47:39,36.7,36.2,35.1,34.4,48,1163,3502
11:48:39,37.3,36.5,35.0,34.7,49,1215,3521
11:49:39,37.7,36.5,34.6,35.0,50,1262,3497
11:50:38,37.8,36.9,34.6,35.1,50,1295,3527
11:51:38,37.9,36.7,34.6,35.5,50,1341,3505
11:52:38,38.0,36.9,34.5,35.4,50,1380,3508
11:53:37,38.1,37.1,34.5,35.7,50,1416,3516
11:54:37,38.2,37.1,34.5,35.8,50,1453,3519
11:55:37,38.2,37.1,34.6,35.9,50,1474,3519
11:56:36,38.2,37.1,34.6,36.0,50,1491,3519
11:57:36,38.3,37.3,34.8,35.9,50,1544,3508
11:58:36,38.2,37.3,34.7,36.1,50,1544,3508
11:59:35,38.5,37.3,34.7,36.1,50,1574,3497
12:0:35,38.3,37.4,34.8,36.3,50,1597,3527
12:1:34,38.4,37.3,34.8,36.2,50,1612,3527
12:2:34,38.4,37.4,34.9,36.3,49,1634,3519
12:3:33,38.5,37.3,34.8,36.3,49,1654,3510
12:4:33,38.4,37.5,35.0,36.4,49,1669,3527
12:5:33,38.4,37.5,34.9,36.3,49,1702,3502
12:6:32,38.4,37.5,34.9,36.5,49,1702,3497
12:7:32,38.5,37.5,35.0,36.5,49,1702,3516
12:8:31,38.5,37.4,34.9,36.5,49,1711,3516
12:9:31,38.5,37.5,34.9,36.4,49,1735,3516
12:10:30,38.5,37.4,35.0,36.4,49,1749,3510
12:11:30,38.5,37.4,35.0,36.5,49,1762,3510
12:12:30,38.6,37.4,35.0,36.5,49,1762,3521
12:13:29,38.6,37.5,34.9,36.6,48,1773,3519
12:14:29,38.6,37.5,35.0,36.6,49,1773,3497
12:15:28,38.6,37.6,35.0,36.6,48,1787,3521
12:16:28,38.6,37.5,35.1,36.7,48,1787,3527
12:17:27,38.6,37.5,35.0,36.7,48,1810,3524
12:18:27,38.6,37.5,35.1,36.6,48,1810,3521
12:19:26,38.6,37.5,35.1,36.6,48,1825,3513
12:20:26,38.6,37.5,35.2,36.7,48,1810,3519
12:21:26,38.5,37.5,35.0,36.7,48,1825,3516
12:22:25,38.6,37.5,34.9,36.7,48,1850,3519
12:23:25,38.6,37.5,35.0,36.5,48,1850,3524
12:24:24,38.6,37.5,35.1,36.6,48,1850,3516
12:25:24,38.7,37.6,35.1,36.7,48,1850,3527
12:26:23,38.6,37.5,35.0,36.7,48,1865,3524
12:27:23,38.8,37.6,35.1,36.8,48,1865,3513
12:28:22,38.6,37.5,35.0,36.6,48,1865,3516
12:29:22,38.7,37.6,35.0,36.8,48,1879,3527
12:30:21,38.7,37.4,34.9,36.7,48,1900,3530
12:31:21,38.4,37.0,34.8,36.2,48,1835,3497
12:32:21,38.5,36.7,34.4,36.3,48,1810,3508
12:33:20,38.4,36.6,33.9,36.1,47,1749,3538
12:34:20,38.4,36.5,33.5,36.0,47,1702,3524
12:35:19,38.3,36.2,33.3,35.9,47,1669,3532
12:36:19,38.3,36.1,33.0,35.7,48,1626,3524
12:37:19,38.3,36.0,32.8,35.6,48,1590,3527
12:38:18,38.3,35.8,32.7,35.4,48,1574,3521
12:39:18,38.1,35.7,32.4,35.4,48,1534,3502
12:40:18,38.1,35.7,32.4,35.2,48,1507,3516
12:41:18,38.0,35.4,32.3,35.1,48,1474,3519
12:42:17,38.1,35.4,32.1,35.0,48,1465,3532
12:43:17,38.0,35.4,32.1,35.0,48,1429,3510
12:44:17,37.8,35.5,32.1,34.9,48,1404,3516
12:45:17,37.8,35.3,32.0,34.8,48,1385,3508
12:46:16,37.8,35.3,31.9,34.8,49,1380,3521
12:47:16,37.8,35.2,31.8,34.7,49,1352,3524
12:48:16,37.7,35.2,31.7,34.6,49,1334,3521
12:49:16,37.8,35.0,31.6,34.5,49,1310,3508
12:50:15,37.7,35.0,31.5,34.6,49,1295,3519
12:51:15,37.1,34.6,31.7,34.4,49,1252,3505
12:52:15,37.5,34.8,31.7,34.2,48,1238,3508
12:53:15,37.4,35.0,31.7,34.2,49,1235,3527
12:54:15,37.6,35.0,31.7,34.0,49,1215,3505
12:55:15,37.6,35.3,31.8,34.0,49,1204,3505
12:56:14,37.6,35.4,31.7,33.9,49,1191,3513
12:57:14,37.6,35.3,31.7,33.8,49,1178,3513
12:58:14,37.4,35.5,31.7,33.8,48,1178,3516
12:59:14,37.4,35.5,31.6,33.8,49,1168,3505
13:0:14,37.4,35.4,31.6,33.8,48,1153,3508
13:1:14,37.4,35.3,31.7,33.7,49,1147,3505
13:2:14,37.5,35.3,31.6,33.6,49,1125,3513
13:3:13,37.5,35.3,31.5,33.7,48,1125,3521
13:4:13,37.5,35.3,31.5,33.6,48,1122,3519
13:5:13,37.4,35.4,31.6,33.7,48,1110,3535
13:6:13,37.5,35.3,31.4,33.7,49,1102,3521
13:7:13,37.5,35.4,31.5,33.7,49,1102,3521
13:8:13,37.6,35.2,31.5,33.6,48,1095,3516
13:9:12,37.4,35.4,31.5,33.6,49,1090,3497
13:10:12,37.4,35.4,31.6,33.6,49,1095,3510
13:11:12,37.5,35.4,31.5,33.6,48,1077,3513
13:12:12,37.4,35.4,31.5,33.6,48,1071,3527
13:13:12,37.4,35.4,31.5,33.6,48,1053,3505
13:14:12,37.5,35.3,31.5,33.6,49,1053,3513
13:15:12,37.5,35.5,31.5,33.4,48,1050,3508
13:16:11,37.3,35.2,31.4,33.6,48,1041,3516
13:17:11,37.4,35.4,31.4,33.6,48,1041,3519
13:18:11,37.5,35.4,31.5,33.6,48,1029,3497
13:19:11,37.4,35.2,31.6,33.6,48,1017,3516
13:20:11,37.5,35.2,31.5,33.6,48,1012,3508
13:21:11,37.4,35.2,31.5,33.5,48,1012,3513
13:22:11,37.3,35.4,31.4,33.6,48,1012,3519
13:23:10,37.3,35.4,31.5,33.6,48,1017,3513
13:24:10,37.2,35.4,31.5,33.5,48,997,3524
13:25:10,37.3,35.3,31.4,33.6,48,990,3521
13:26:10,37.4,35.3,31.5,33.5,48,987,3497
13:27:10,37.4,35.4,31.5,33.6,48,990,3524
13:28:10,37.4,35.4,31.6,33.5,48,987,3510
13:29:10,37.3,35.4,31.4,33.5,48,987,3513
13:30:9,37.3,35.4,31.4,33.6,48,987,3521
13:31:9,37.4,35.3,31.4,33.4,48,987,3519
13:32:9,37.3,35.5,31.5,33.4,48,972,3513
13:33:9,37.3,35.4,31.5,33.4,48,975,3510
13:34:9,37.3,35.4,31.5,33.5,48,972,3524
13:35:9,37.3,35.3,31.5,33.5,48,972,3513
13:36:9,37.3,35.2,31.5,33.5,48,972,3510
13:37:8,37.2,35.3,31.4,33.5,48,956,3497
13:38:8,37.2,35.2,31.4,33.6,48,956,3519
13:39:8,37.4,35.3,31.4,33.6,48,951,3505
13:40:8,37.2,35.2,31.4,33.4,48,951,3497
13:41:8,37.4,35.4,31.4,33.4,48,945,3508
13:42:8,37.3,35.3,31.5,33.5,48,945,3516
13:43:8,37.3,35.1,31.4,33.4,48,951,3521
13:44:7,37.2,35.2,31.4,33.5,48,945,3521
13:45:7,37.3,35.2,31.4,33.4,48,933,3508
13:46:7,37.3,35.2,31.4,33.4,48,933,3521
13:47:7,37.3,35.2,31.4,33.3,48,933,3521
13:48:7,37.3,35.3,31.3,33.5,49,927,3521
13:49:7,37.2,35.2,31.4,33.4,48,923,3505
13:50:7,37.3,35.2,31.3,33.5,48,927,3524
13:51:7,37.3,35.3,31.4,33.5,48,923,3521
13:52:6,37.3,35.3,31.5,33.4,48,923,3516
13:53:6,37.0,35.2,31.3,33.4,48,923,3497
13:54:6,37.2,35.2,31.4,33.4,48,923,3508
13:55:6,37.2,35.3,31.4,33.4,48,909,3513
13:56:6,37.2,35.2,31.4,33.4,48,909,3530
13:57:6,37.2,35.2,31.4,33.3,48,909,3521
13:58:6,37.2,35.2,31.4,33.5,48,907,3521
13:59:5,37.2,35.2,31.4,33.4,48,900,3508
14:0:5,37.2,35.2,31.4,33.4,48,909,3508
14:1:5,37.2,35.1,31.4,33.3,48,889,3500
14:2:5,37.3,35.2,31.3,33.5,48,900,3497
14:3:5,37.1,35.1,31.3,33.4,48,889,3505
14:4:5,37.2,35.0,31.4,33.4,48,889,3510
14:5:5,37.2,35.2,31.4,33.5,48,889,3513
14:6:5,37.2,35.0,31.4,33.4,48,882,3516
14:7:4,37.1,35.0,31.2,33.4,48,882,3502
14:8:4,37.2,35.1,31.4,33.4,48,880,3516
14:9:4,37.3,34.9,31.4,33.3,48,880,3516
14:10:4,37.2,35.0,31.4,33.3,48,880,3521
14:11:4,37.2,34.9,31.2,33.4,48,872,3491
14:12:4,37.2,35.1,31.3,33.4,48,868,3513
14:13:4,37.3,35.0,31.4,33.5,48,872,3524
14:14:4,37.2,35.0,31.3,33.3,48,868,3516
14:15:4,37.2,34.9,31.4,33.3,48,868,3510
14:16:3,37.2,34.9,31.3,33.3,48,872,3513
14:17:3,37.2,34.8,31.4,33.4,48,868,3521
14:18:3,37.2,34.9,31.2,33.3,48,868,3513
14:19:3,37.3,35.0,31.3,33.3,48,863,3516
14:20:3,37.3,34.8,31.3,33.3,48,863,3527
14:21:3,37.2,35.0,31.3,33.3,48,863,3527
14:22:3,37.3,35.0,31.3,33.2,48,863,3521
14:23:3,37.4,35.1,31.3,33.3,48,863,3521
14:24:2,37.3,35.1,31.3,33.4,48,863,3502
14:25:2,37.2,34.9,31.3,33.4,48,851,3513
14:26:2,37.3,35.0,31.3,33.3,48,851,3516
14:27:2,37.3,35.0,31.2,33.4,48,851,3505
14:28:2,37.3,35.0,31.2,33.3,48,851,3521
14:29:2,37.3,34.8,31.3,33.3,48,851,3513
14:30:2,37.4,35.1,31.2,33.4,48,851,3521
14:31:2,37.2,35.1,31.3,33.3,48,846,3510
14:32:2,37.2,34.9,31.2,33.3,48,840,3505
14:33:1,37.4,34.9,31.2,33.4,48,846,3527
14:34:1,37.4,34.9,31.3,33.2,48,840,3502
14:35:1,37.2,35.0,31.2,33.4,48,840,3521
14:36:1,37.3,35.0,31.3,33.3,48,836,3538
14:37:1,37.3,34.9,31.2,33.4,48,840,3516
14:38:1,37.4,34.9,31.2,33.3,48,836,3502
14:39:1,37.4,35.0,31.2,33.4,48,840,3510
14:40:1,37.3,34.9,31.2,33.3,48,840,3510
14:41:0,37.5,35.1,31.3,33.4,48,840,3508
14:42:0,37.5,34.9,31.3,33.4,48,840,3519
14:43:0,37.3,35.0,31.3,33.3,48,840,3505
14:44:0,37.4,35.0,31.2,33.5,48,846,3521
14:45:0,37.6,34.9,31.3,33.4,48,846,3513
14:46:0,37.4,35.1,31.3,33.3,48,846,3516
14:47:0,37.7,35.0,31.3,33.4,48,851,3505
14:48:0,37.5,35.1,31.4,33.4,48,840,3527
14:48:59,37.5,35.0,31.3,33.4,48,846,3521
14:49:59,37.6,35.2,31.4,33.4,48,851,3521
14:50:59,37.5,35.0,31.3,33.4,48,846,3513
14:51:59,37.5,35.0,31.4,33.4,48,846,3524
14:52:59,37.5,34.9,31.3,33.5,48,846,3510
14:53:59,37.5,34.8,31.3,33.5,48,851,3513
14:54:58,37.5,34.9,31.3,33.5,48,863,3516
14:55:58,37.6,35.0,31.4,33.5,49,868,3510
14:56:58,37.6,35.0,31.3,33.6,48,868,3497
14:57:58,37.6,35.1,31.4,33.6,49,872,3497
14:58:58,37.6,35.2,31.4,33.6,48,868,3516
14:59:58,37.6,35.3,31.5,33.7,49,872,3521
15:0:58,37.6,35.4,31.5,33.6,49,872,3516
15:1:57,37.6,35.3,31.4,33.6,48,880,3510
15:2:57,37.7,35.3,31.5,33.6,48,880,3500
15:3:57,37.9,35.2,31.4,33.5,48,880,3510
15:4:57,37.7,35.3,31.5,33.7,48,880,3508
15:5:57,37.7,35.5,31.4,33.6,48,872,3519
15:6:57,37.6,35.3,31.5,33.6,48,880,3508
15:7:56,37.8,35.2,31.5,33.6,48,880,3508
15:8:56,37.6,35.3,31.4,33.8,48,882,3513
15:9:56,37.6,35.3,31.4,33.7,48,880,3521
15:10:56,37.6,35.3,31.4,33.6,48,882,3502
15:11:56,37.5,35.4,31.5,33.6,48,882,3510
15:12:56,37.6,35.3,31.4,33.6,48,882,3513
15:13:55,37.5,35.3,31.4,33.5,49,889,3521
15:14:55,37.5,35.3,31.3,33.6,49,900,3510
15:15:55,37.5,35.4,31.2,33.4,49,900,3510
15:16:55,37.4,35.4,31.2,33.4,49,907,3513
15:17:55,37.5,35.2,31.2,33.3,50,907,3521
15:18:55,37.5,35.2,31.1,33.3,49,907,3510
15:19:54,37.3,35.3,31.1,33.3,50,909,3505
15:20:54,37.5,35.2,31.2,33.2,50,909,3524
15:21:54,37.4,35.3,31.1,33.1,50,909,3500
15:22:54,37.4,35.2,31.2,33.1,50,909,3508
15:23:54,37.4,35.3,31.1,33.1,50,909,3510
15:24:54,37.4,35.2,31.1,33.0,50,907,3497
15:25:54,37.4,35.2,31.0,33.0,50,909,3513
15:26:54,37.3,35.2,31.1,33.1,50,909,3505
15:27:53,37.3,35.2,31.1,32.9,50,907,3505
15:28:53,37.4,35.3,31.1,32.9,50,918,3494
15:29:53,37.3,35.2,31.1,32.9,51,918,3510
15:30:53,37.2,35.2,31.0,32.9,51,918,3505
15:31:53,37.2,35.2,31.0,33.0,51,923,3521
15:32:53,37.3,35.2,31.1,32.8,51,923,3505
15:33:53,37.2,35.2,31.0,32.9,51,923,3494
15:34:53,37.2,35.1,31.1,32.9,51,923,3502
15:35:53,37.3,35.1,31.1,32.9,51,923,3497
15:36:52,37.2,35.1,31.1,32.9,51,923,3494
15:37:52,37.3,35.1,31.0,32.8,51,927,3521
15:38:52,37.2,35.0,31.0,32.9,51,927,3521
15:39:52,37.3,35.1,31.0,32.9,51,927,3505
15:40:52,37.2,35.1,31.1,32.9,51,933,3510
15:41:52,37.3,35.0,30.9,32.8,51,933,3508
15:42:52,37.3,35.0,31.0,32.8,51,933,3508
15:43:52,37.3,35.0,31.0,32.7,51,933,3502
15:44:52,37.2,35.0,30.9,32.8,51,945,3505
15:45:51,37.3,35.0,30.9,32.8,52,927,3516
15:46:51,37.3,35.1,30.9,32.7,52,933,3508
15:47:51,37.3,34.9,30.9,32.8,51,933,3513
15:48:51,37.3,35.0,30.8,32.7,51,933,3502
15:49:51,37.2,34.9,30.9,32.7,52,945,3510
15:50:51,37.2,35.1,30.9,32.7,52,945,3505
15:51:51,37.3,35.0,30.8,32.9,52,951,3519
15:52:51,37.2,35.0,30.8,32.7,52,951,3502
15:53:51,37.2,35.0,30.9,32.7,52,951,3508
15:54:51,37.2,34.8,30.8,32.6,52,951,3521
15:55:50,37.2,35.0,30.9,32.6,52,951,3513
15:56:50,37.1,34.9,30.8,32.7,52,945,3524
15:57:50,37.1,34.9,30.8,32.7,52,945,3516
15:58:50,37.1,34.8,30.8,32.6,52,951,3516
15:59:50,37.0,34.7,30.8,32.6,52,945,3513
16:0:50,37.0,34.9,30.7,32.7,52,945,3502
16:1:50,37.0,34.8,30.8,32.6,52,951,3508
16:2:50,36.9,34.8,30.7,32.5,52,945,3527
16:3:50,37.0,34.8,30.7,32.5,52,945,3510
16:4:50,37.0,34.7,30.8,32.6,52,951,3510
16:5:50,37.0,34.8,30.7,32.5,52,945,3516
16:6:50,37.0,34.7,30.6,32.6,52,933,3516
16:7:50,36.9,34.9,30.8,32.6,52,933,3516
16:8:49,37.1,34.7,30.7,32.6,52,933,3497
16:9:49,36.9,34.8,30.6,32.5,52,933,3508
16:10:49,36.9,34.6,30.6,32.5,52,945,3521
16:11:49,37.0,34.8,30.6,32.5,52,933,3497
16:12:49,36.9,34.7,30.6,32.5,52,933,3524
16:13:49,36.9,34.8,30.7,32.5,52,933,3510
16:14:49,36.9,34.7,30.7,32.5,52,945,3510
16:15:49,37.0,34.7,30.6,32.4,52,945,3508
16:16:49,36.9,34.7,30.6,32.5,52,933,3502
16:17:49,36.9,34.7,30.6,32.4,52,951,3508
16:18:49,36.9,34.8,30.7,32.4,52,945,3508
16:19:49,36.9,34.7,30.7,32.5,52,933,3510
16:20:49,37.1,34.6,30.5,32.5,53,933,3510
16:21:49,37.1,34.6,30.7,32.5,52,945,3494
16:22:49,37.0,34.6,30.6,32.5,53,945,3497
16:23:49,37.1,34.6,30.5,32.4,52,951,3521
16:24:49,37.0,34.6,30.6,32.4,53,945,3516
16:25:49,37.0,34.5,30.5,32.4,52,945,3505
16:26:48,37.0,34.7,30.5,32.5,53,933,3491
16:27:48,37.0,34.5,30.4,32.4,53,945,3510
16:28:48,37.1,34.5,30.5,32.3,53,945,3497
16:29:48,37.1,34.5,30.4,32.4,53,945,3502
16:30:48,37.0,34.6,30.5,32.4,53,951,3491
16:31:48,37.1,34.6,30.5,32.4,53,951,3505
16:32:48,37.3,34.6,30.5,32.4,53,951,3494
16:33:48,37.0,34.6,30.5,32.4,53,956,3505
16:34:48,37.0,34.5,30.4,32.4,53,951,3513
16:35:48,37.0,34.7,30.5,32.4,53,951,3516
16:36:48,37.1,34.6,30.4,32.3,53,951,3500
16:37:48,37.2,34.5,30.5,32.4,53,951,3491
16:38:48,37.2,34.5,30.4,32.4,53,951,3516
16:39:48,37.2,34.7,30.5,32.3,53,956,3510
16:40:48,37.2,34.6,30.5,32.4,53,951,3510
16:41:48,37.3,34.6,30.4,32.4,53,951,3521
16:42:48,37.3,34.7,30.5,32.3,53,951,3500
16:43:47,37.3,34.6,30.5,32.4,53,964,3510
16:44:47,37.3,34.7,30.3,32.4,53,951,3510
16:45:47,37.3,34.6,30.5,32.4,53,951,3519
16:46:47,37.2,34.6,30.5,32.3,53,956,3497
16:47:47,37.3,34.7,30.6,32.4,53,964,3497
16:48:47,37.3,34.6,30.4,32.4,53,956,3510
16:49:47,37.3,34.6,30.5,32.6,53,964,3505
16:50:47,37.2,34.8,30.6,32.5,53,956,3510
16:51:47,37.2,34.6,30.5,32.5,53,964,3516
16:52:47,37.3,34.6,30.4,32.4,52,956,3521
16:53:47,37.3,34.6,30.5,32.3,52,964,3519
16:54:47,37.3,34.6,30.4,32.4,52,956,3491
16:55:47,37.2,34.7,30.5,32.4,52,956,3521
16:56:46,37.3,34.8,30.5,32.4,52,956,3505
16:57:46,37.4,34.6,30.4,32.5,52,972,3508
16:58:46,37.4,34.7,30.5,32.5,52,956,3510
16:59:46,37.2,34.6,30.6,32.4,53,972,3513
17:0:46,37.3,34.8,30.7,32.5,53,975,3510
17:1:46,37.3,34.9,30.7,32.5,53,990,3510
17:2:46,37.4,34.9,30.7,32.5,54,997,3510
17:3:46,37.4,34.9,30.7,32.5,54,1007,3516
17:4:46,37.5,34.9,30.7,32.5,53,1012,3510
17:5:46,37.4,34.9,30.7,32.6,54,1012,3510
17:6:46,37.4,34.8,30.5,32.5,54,1017,3508
17:7:46,37.4,34.8,30.6,32.5,54,1029,3510
17:8:45,37.4,35.0,30.7,32.5,54,1029,3524
17:9:45,37.5,34.9,30.7,32.6,54,1041,3505
17:10:45,37.5,34.9,30.6,32.6,54,1041,3510
17:11:45,37.4,34.8,30.7,32.6,54,1041,3513
17:12:45,37.4,34.8,30.7,32.5,54,1041,3505
17:13:45,37.3,34.8,30.7,32.6,54,1050,3491
17:14:45,37.4,34.7,30.7,32.7,54,1053,3497
17:15:45,37.2,34.6,30.7,32.5,54,1050,3510
17:16:45,37.3,34.3,30.5,32.7,53,997,3502
17:17:45,37.4,33.9,30.3,32.7,52,956,3500
17:18:45,37.2,33.5,30.4,32.6,52,923,3500
17:19:45,36.3,32.3,31.1,35.5,52,945,3519
17:20:45,35.9,31.9,32.2,37.0,54,997,3510
17:21:45,35.6,31.9,33.0,37.7,56,1050,3508
17:22:45,35.4,32.0,33.8,37.8,57,1095,3510
17:23:44,35.7,32.3,34.5,38.0,58,1122,3500
17:24:44,35.7,32.5,34.8,38.2,59,1168,3521
17:25:44,35.8,32.6,35.2,38.3,59,1215,3500
17:26:44,36.0,32.7,35.4,38.4,59,1252,3497
17:27:44,36.0,32.9,35.7,38.3,60,1291,3505
17:28:43,36.0,33.1,35.9,38.4,59,1321,3502
17:29:43,36.0,33.5,36.0,38.5,60,1380,3532
17:30:43,35.9,33.4,36.2,38.4,59,1397,3521
17:31:43,35.9,33.5,36.3,38.5,60,1429,3486
17:32:43,36.1,33.6,36.3,38.6,59,1453,3508
17:33:42,35.9,33.7,36.5,38.7,59,1474,3508
17:34:42,35.7,33.7,36.5,38.8,59,1491,3502
17:35:42,35.5,33.8,36.5,38.6,59,1507,3500
17:36:42,35.6,33.7,36.6,38.7,59,1534,3521
17:37:41,35.4,33.9,36.8,38.7,59,1544,3521
17:38:41,35.2,33.8,36.8,38.7,59,1534,3513
17:39:41,35.1,33.9,36.8,38.8,58,1544,3508
17:40:40,34.9,33.8,36.8,38.7,58,1521,3516
17:41:40,34.7,33.9,36.7,38.7,58,1521,3510
17:42:40,34.8,33.8,36.8,38.7,58,1521,3510
17:43:40,34.5,33.7,36.8,38.7,58,1521,3516
17:44:40,34.5,33.8,36.8,38.8,57,1521,3508
17:45:39,34.4,33.8,36.7,38.7,57,1521,3505
17:46:39,34.4,33.8,36.8,38.6,57,1521,3510
17:47:39,34.3,33.6,36.8,38.5,57,1521,3513
17:48:39,34.4,33.7,36.6,38.6,57,1507,3521
17:49:38,34.4,33.7,36.9,38.6,57,1521,3521
17:50:38,34.3,33.6,36.7,38.7,57,1521,3524
17:51:38,34.3,33.7,36.8,38.5,57,1534,3519
17:52:38,34.4,33.5,36.8,38.6,57,1521,3521
17:53:38,34.4,33.6,36.4,38.3,57,1521,3497
17:54:37,36.9,34.2,33.6,37.5,56,1482,3516
17:55:37,37.7,34.4,32.0,36.8,56,1474,3527
17:56:37,37.8,34.3,31.5,36.0,56,1453,3508
17:57:37,38.0,34.5,31.1,35.6,57,1429,3516
17:58:37,38.1,34.7,31.0,35.3,58,1429,3502
17:59:36,37.8,34.5,30.7,34.9,58,1397,3510
18:0:36,38.0,34.4,30.6,35.0,58,1385,3519
18:1:36,38.0,34.4,30.4,34.9,57,1380,3524
18:2:36,36.5,33.3,30.8,33.2,57,1224,3505
18:3:36,34.5,32.2,30.9,31.7,55,1050,3521
18:4:36,32.5,31.2,30.8,31.0,53,889,3500
18:5:36,30.8,30.4,30.4,30.6,51,783,3508
18:6:37,29.6,29.4,29.9,29.8,51,678,3524
18:7:37,28.6,28.6,29.3,28.9,51,599,3502
18:8:38,27.7,27.8,28.8,28.1,50,524,3483
18:9:39,26.9,27.1,28.3,27.1,51,456,3502
18:10:40,26.3,26.4,27.6,26.6,51,411,3489
18:11:41,25.7,25.8,27.0,26.1,51,400,3502
18:12:42,25.1,25.4,26.5,25.7,52,400,3500
18:13:43,24.7,24.8,26.0,25.1,53,400,3508
18:14:44,24.3,24.4,25.5,24.8,53,400,3500
18:15:45,23.7,24.0,25.1,24.3,53,400,3497
18:16:47,23.3,23.6,24.8,24.1,54,400,3494
18:17:48,22.9,23.2,24.3,23.7,55,465,3497
18:18:49,22.6,22.9,24.0,23.3,55,436,3469
18:19:51,22.4,22.6,23.6,22.8,56,407,3489
18:20:52,22.0,22.2,23.4,22.5,57,400,3486
18:21:54,21.7,22.0,22.9,22.4,57,400,3475
18:22:55,21.5,21.7,22.7,22.3,57,400,3480
18:23:57,21.1,21.4,22.5,21.8,58,400,3486
18:24:58,20.8,21.2,22.2,21.5,59,400,3478
18:26:0,20.7,21.0,22.0,21.5,59,400,3480
18:27:2,20.5,20.8,21.7,21.4,60,400,3464
18:31:38,19.8,20.1,21.0,20.4,61,0,3483
18:32:40,19.9,20.0,20.8,20.7,62,0,3461
18:33:42,20.9,20.1,21.8,26.6,63,0,3464
18:34:43,21.7,20.3,23.2,29.6,68,400,3472
18:35:45,22.5,20.9,24.6,31.1,70,457,3472
18:36:46,23.3,21.4,25.5,32.2,71,517,3472
18:37:47,24.1,22.0,26.5,32.8,71,574,3478
18:38:48,24.9,22.6,27.2,33.5,71,638,3464
18:39:49,25.6,23.2,28.0,33.8,71,712,3489
18:40:49,26.3,23.8,28.4,34.2,70,783,3483
18:41:50,26.8,24.2,28.9,34.4,70,851,3483
18:42:51,27.4,24.7,29.4,34.8,70,913,3500
18:43:51,27.8,25.1,29.8,35.1,69,992,3475
18:44:52,28.2,25.4,30.1,35.2,69,1062,3491
18:45:52,28.8,25.8,30.4,35.3,68,1144,3491
18:46:53,29.0,26.1,30.8,35.4,68,1207,3486
18:47:53,29.4,26.5,31.1,35.7,68,1270,3475
18:48:53,29.7,26.7,31.2,35.9,67,1330,3500
18:49:54,30.0,26.9,31.5,36.0,67,1404,3500
18:50:54,30.2,27.1,31.6,36.1,66,1470,3489
18:51:54,30.5,27.4,31.9,36.3,66,1525,3489
18:52:54,30.6,27.6,31.9,36.2,65,1594,3486
18:53:55,30.8,27.8,32.2,36.2,65,1639,3483
18:54:55,31.1,27.9,32.4,36.5,64,1711,3491
18:55:55,31.1,28.0,32.6,36.5,64,1759,3491
18:56:55,31.3,28.2,32.5,36.6,63,1810,3489
18:57:55,31.4,28.3,32.8,36.6,63,1855,3486
18:58:56,31.4,28.6,32.8,36.6,62,1916,3508
18:59:56,31.6,28.6,32.9,36.8,62,1937,3480
19:0:56,31.7,28.8,33.0,36.8,62,1995,3497
19:1:56,31.9,28.8,33.2,36.8,61,2072,3491
19:2:56,32.0,29.0,33.2,36.9,61,2096,3475
19:3:56,32.0,29.1,33.2,36.9,61,2134,3500
19:4:56,32.2,29.1,33.4,36.9,60,2162,3497
19:5:56,32.2,29.2,33.4,37.1,60,2220,3502
19:6:56,32.1,29.2,33.4,37.0,60,2265,3500
19:7:56,32.3,29.3,33.5,37.1,59,2291,3494
19:8:56,32.3,29.3,33.6,37.0,59,2324,3510
19:9:56,32.4,29.5,33.8,36.9,59,2353,3494
19:10:57,32.5,29.6,33.7,37.0,59,2401,3500
19:11:57,32.6,29.6,33.7,37.0,59,2401,3505
19:12:57,32.5,29.6,33.8,37.2,58,2438,3521
19:13:57,32.6,29.7,33.9,37.0,58,2466,3521
19:14:57,32.7,29.8,33.8,37.2,58,2466,3497
19:15:57,32.7,29.7,34.0,37.3,58,2514,3516
19:16:57,32.8,29.8,34.1,37.2,58,2551,3502
19:17:57,32.8,29.8,34.0,37.3,57,2551,3521
19:18:57,32.6,30.0,34.0,37.0,57,2551,3500
19:19:57,31.8,30.2,34.2,36.4,57,2514,3502
19:20:57,31.3,30.5,34.5,35.8,57,2514,3513
19:21:57,30.7,30.3,34.7,35.6,57,2514,3500
19:22:57,30.5,30.4,34.5,35.4,57,2466,3513
19:23:57,30.2,30.3,34.6,35.2,57,2438,3502
19:24:57,30.0,30.3,34.7,35.1,57,2401,3486
19:25:57,29.7,30.3,34.6,35.1,57,2401,3510
19:26:57,29.7,30.2,34.6,34.9,57,2353,3502
19:27:57,29.6,30.1,34.5,34.9,58,2324,3505
19:28:58,29.5,30.1,34.5,34.8,57,2324,3494
19:29:58,29.5,30.1,34.5,34.7,57,2324,3505
19:30:58,29.4,30.0,34.5,34.7,58,2291,3491
19:31:58,29.3,30.0,34.4,34.6,57,2291,3502
19:32:58,29.4,29.9,34.4,34.6,57,2265,3510
19:33:59,29.3,29.9,34.4,34.7,58,2265,3510
19:34:59,29.3,29.9,34.3,34.5,58,2265,3497
19:35:59,29.3,29.7,34.3,34.5,58,2220,3491
19:36:59,29.1,29.7,34.3,34.5,58,2220,3494
19:37:59,29.1,29.8,34.2,34.5,58,2220,3500
19:39:0,29.1,29.7,34.2,34.4,58,2195,3510
19:40:0,29.1,29.7,34.1,34.3,58,2195,3502
19:41:0,29.0,29.7,34.2,34.3,58,2162,3502
19:42:0,29.1,29.7,34.1,34.4,58,2134,3494
19:43:1,28.9,29.6,34.1,34.3,58,2134,3513
19:44:1,29.0,29.6,34.1,34.2,58,2096,3502
19:45:1,28.9,29.5,34.0,34.1,58,2096,3510
19:46:1,28.8,29.4,33.9,34.3,58,2072,3491
19:47:2,28.9,29.4,34.0,34.1,58,2029,3502
19:48:2,28.8,29.4,33.9,34.2,58,2029,3500
19:49:2,28.7,29.4,33.8,34.1,58,1995,3521
19:50:3,28.8,29.4,33.8,34.1,58,1995,3502
19:51:3,28.8,29.3,33.9,34.2,58,1973,3510
19:52:3,28.7,29.3,33.8,34.1,58,1973,3502
19:53:3,28.7,29.3,33.8,34.0,58,1973,3491
19:54:4,28.7,29.3,33.8,34.1,58,1937,3505
19:55:4,28.7,29.3,33.8,34.1,58,1937,3480
19:56:4,28.7,29.2,33.7,34.2,58,1937,3510
19:57:5,28.6,29.1,33.7,34.0,58,1937,3508
19:58:5,28.7,29.1,33.6,34.1,58,1916,3502
19:59:5,28.6,29.2,33.7,34.1,58,1916,3497
20:0:6,28.7,29.1,33.7,34.0,58,1884,3491
20:1:6,28.6,29.2,33.7,34.1,58,1855,3500
20:2:6,28.6,29.1,33.7,34.1,58,1855,3505
20:3:6,28.5,29.1,33.6,34.0,58,1855,3505
20:4:7,28.6,29.1,33.7,34.0,58,1855,3502
20:5:7,28.5,29.1,33.7,34.0,58,1855,3497
20:6:7,28.5,29.1,33.6,33.8,59,1855,3494
20:7:8,28.5,29.1,33.8,33.9,59,1884,3502
20:8:8,28.5,29.1,33.7,34.0,58,1855,3510
20:9:8,28.5,29.1,33.7,33.9,59,1855,3480
20:10:9,28.4,29.1,33.7,33.9,59,1855,3497
20:11:9,28.4,29.2,33.7,33.8,58,1855,3513
20:12:9,28.5,29.1,33.7,33.8,58,1855,3502
20:13:10,28.5,29.1,33.6,33.8,58,1855,3497
20:14:10,28.5,29.1,33.7,33.8,59,1855,3510
20:15:10,28.5,29.1,33.6,33.9,59,1835,3480
20:16:11,28.5,29.1,33.7,33.8,58,1835,3510
20:17:11,28.5,29.1,33.7,33.9,58,1855,3497
20:18:11,28.4,29.1,33.7,33.9,58,1855,3508
20:19:11,28.5,29.1,33.8,33.8,58,1855,3502
20:20:12,28.4,29.1,33.8,34.0,58,1835,3513
20:21:12,28.3,29.3,33.6,33.4,58,1835,3502
20:22:12,28.3,29.2,35.0,33.8,58,1835,3505
20:23:13,28.2,29.5,35.4,34.1,58,1855,3508
20:24:13,28.4,29.6,35.7,34.4,58,1855,3521
20:25:13,28.5,30.0,35.9,34.5,57,1855,3497
20:26:13,28.7,30.0,36.1,34.7,57,1884,3505
20:27:14,28.7,30.1,36.1,34.7,57,1884,3502
20:28:14,29.0,30.3,36.2,34.9,57,1916,3494
20:29:14,28.9,30.3,36.1,34.9,57,1916,3491
20:30:14,29.0,30.5,36.2,35.0,56,1937,3510
20:31:15,29.1,30.5,36.2,35.2,56,1973,3486
20:32:15,29.1,30.5,36.4,35.1,56,1973,3502
20:33:15,29.3,30.6,36.3,35.2,56,1995,3480
20:34:15,29.4,30.7,36.3,35.3,56,1995,3521
20:35:15,29.3,30.7,36.4,35.2,56,2029,3500
20:36:15,29.4,30.8,36.4,35.2,56,1995,3497
20:37:16,29.4,30.7,36.4,35.3,56,2029,3483
20:38:16,29.4,30.8,36.5,35.4,56,2029,3500
20:39:16,29.5,30.9,36.4,35.4,56,2072,3491
20:40:16,29.6,30.8,36.5,35.4,56,2072,3505
20:41:16,29.5,30.9,36.3,35.3,56,2072,3510
20:42:16,29.6,30.8,36.4,35.4,56,2072,3486
20:43:16,29.6,30.9,36.4,35.5,56,2096,3500
20:44:17,29.7,30.9,36.5,35.5,55,2096,3491
20:45:17,29.7,31.1,36.3,35.4,56,2096,3502
20:46:17,29.7,31.1,36.6,35.5,55,2096,3494
20:47:17,29.6,31.0,36.4,35.5,55,2134,3505
20:48:17,29.6,31.0,36.6,35.5,55,2096,3500
20:49:17,29.7,31.0,36.5,35.6,55,2134,3510
20:50:17,29.7,31.0,36.6,35.6,55,2134,3510
20:51:18,29.7,31.0,36.5,35.5,55,2134,3502
20:52:18,29.8,31.0,36.6,35.7,55,2162,3491
20:53:18,29.8,31.1,36.5,35.7,55,2134,3494
20:54:18,29.8,31.2,36.5,35.7,55,2134,3502
20:55:18,29.7,31.2,36.5,35.6,55,2162,3502
20:56:18,29.8,31.0,36.6,35.7,55,2162,3497
20:57:18,29.8,31.1,36.5,35.6,55,2162,3505
20:58:18,29.8,31.1,36.6,35.6,55,2162,3505
20:59:18,29.8,31.1,36.5,35.7,55,2162,3500
21:0:19,29.8,31.1,36.6,35.4,55,2162,3527
21:1:19,29.8,31.0,36.7,35.7,55,2162,3497
21:2:19,29.7,31.1,36.6,35.7,55,2162,3508
21:3:19,29.7,31.2,36.6,35.7,55,2195,3505
21:4:19,29.7,31.1,36.5,35.7,55,2195,3513
21:5:19,29.7,31.1,36.7,35.7,55,2162,3491
21:6:19,29.7,31.1,36.7,35.7,55,2195,3505
21:7:19,29.7,31.1,36.6,35.7,55,2195,3505
21:8:19,29.9,31.2,36.6,35.7,55,2195,3510
21:9:19,29.7,31.1,36.6,35.6,55,2195,3497
21:10:20,29.7,31.2,36.7,35.6,55,2195,3502
21:11:20,29.7,31.2,36.6,35.7,55,2195,3524
21:12:20,29.8,31.2,36.5,35.7,54,2195,3500
21:13:20,29.8,31.3,36.6,35.8,55,2195,3500
21:14:20,29.8,31.1,36.5,35.6,55,2195,3500
21:15:20,29.8,31.2,36.7,35.7,55,2195,3502
21:16:20,29.8,31.3,36.6,35.6,55,2195,3510
21:17:20,29.9,31.1,36.5,35.6,55,2195,3497
21:18:20,29.7,31.3,36.6,35.7,55,2195,3497
21:19:20,29.9,31.2,36.6,35.6,54,2195,3505
21:20:21,29.8,31.2,36.6,35.8,55,2220,3513
21:21:21,29.8,31.2,36.6,35.7,54,2220,3508
21:22:21,29.9,31.1,36.6,35.8,55,2220,3516
21:23:21,29.9,31.1,36.7,35.7,54,2220,3508
21:24:22,29.8,31.1,36.6,35.8,54,2220,3491
21:25:21,29.7,31.9,36.6,34.6,55,2162,3521
21:26:21,29.8,32.5,36.7,34.2,55,2195,3502
21:27:21,29.8,33.0,36.9,33.6,55,2195,3494
21:28:22,29.8,33.4,36.8,33.5,55,2162,3508
21:29:22,29.7,33.7,36.9,33.3,54,2195,3497
21:30:22,29.8,33.8,37.0,33.1,54,2162,3508
21:31:22,29.7,34.0,36.8,32.9,54,2162,3505
21:32:22,29.8,34.1,36.9,32.8,53,2162,3505
21:33:22,29.8,34.1,36.8,32.8,53,2162,3516
21:34:22,29.8,34.2,36.7,32.6,53,2134,3502
21:35:23,29.8,34.2,36.9,32.7,53,2162,3508
21:36:23,29.8,34.3,36.9,32.6,53,2134,3502
21:37:23,29.8,34.2,36.8,32.6,53,2134,3491
21:38:23,29.8,34.3,36.9,32.6,53,2134,3510
21:39:23,29.8,34.3,36.9,32.5,53,2134,3505
21:40:23,29.8,34.3,36.8,32.5,53,2134,3508
21:41:24,29.8,34.3,36.7,32.5,53,2134,3500
21:42:24,29.9,34.3,36.7,32.5,53,2096,3497
21:43:24,29.8,34.2,36.9,32.4,53,2096,3502
21:44:24,29.9,34.3,36.9,32.5,53,2096,3513
21:45:24,29.8,34.2,36.8,32.5,52,2134,3505
21:46:25,29.7,34.3,36.8,32.5,53,2096,3486
21:47:25,29.9,34.2,36.8,32.4,52,2096,3494
21:48:25,29.8,34.3,36.9,32.5,52,2096,3505
21:49:25,29.8,34.3,36.8,32.5,52,2096,3502
21:50:25,29.7,34.2,36.7,32.5,52,2072,3510
21:51:25,29.8,34.2,36.7,32.6,52,2096,3505
21:52:26,29.8,34.2,36.8,32.5,53,2096,3505
21:53:26,29.8,34.3,36.7,32.3,52,2072,3513
21:54:26,29.9,34.2,36.8,32.4,52,2072,3516
21:55:26,29.8,34.2,36.8,32.5,52,2072,3519
21:56:26,29.7,34.2,36.7,32.4,52,2072,3497
21:57:26,29.8,34.3,36.8,32.5,52,2096,3513
21:58:27,29.7,34.3,36.8,32.4,52,2072,3502
21:59:27,29.9,34.2,36.8,32.4,52,2072,3497
22:0:27,29.8,34.3,36.7,32.3,52,2029,3532
22:1:27,29.8,34.3,36.8,32.3,52,2072,3516
22:2:27,29.8,34.1,36.8,32.5,52,2029,3497
22:3:27,29.8,34.2,36.9,32.5,52,2029,3510
22:4:28,29.8,34.2,36.9,32.4,52,2029,3497
22:5:28,29.8,34.2,36.8,32.4,52,2072,3502
22:6:28,29.9,34.2,36.8,32.4,52,2029,3505
22:7:28,29.8,34.2,36.8,32.3,52,2072,3500
22:8:28,29.8,34.2,36.8,32.4,52,2029,3502
22:9:28,29.8,34.3,36.8,32.4,52,2029,3516
22:10:29,29.9,34.2,36.8,32.4,52,2029,3508
22:11:29,29.9,34.2,36.8,32.4,52,2029,3516
22:12:29,29.9,34.3,36.8,32.4,52,2072,3505
22:13:29,29.8,34.3,36.9,32.4,52,2029,3521
22:14:29,29.8,34.3,36.9,32.4,52,2029,3521
22:15:30,29.9,34.3,36.8,32.4,52,2072,3516
22:16:30,29.8,34.3,36.9,32.4,52,2029,3505
22:17:30,29.8,34.3,36.8,32.4,52,2029,3513
22:18:30,29.8,34.2,36.8,32.4,52,2072,3532
22:19:30,29.8,34.3,36.9,32.4,52,2029,3508
22:20:30,29.8,34.3,36.7,32.4,52,2029,3516
22:21:31,29.8,34.3,36.8,32.5,52,2029,3486
22:22:31,29.8,34.3,36.8,32.4,52,2029,3510
22:23:31,29.8,34.3,36.9,32.4,52,2029,3502
22:24:31,29.7,34.2,36.7,32.4,52,2029,3497
22:25:31,29.9,34.3,36.8,32.2,52,2029,3516
22:26:31,29.8,34.2,36.8,32.4,52,2029,3505
22:27:32,29.8,34.3,36.8,32.4,51,2029,3510
22:28:32,29.8,34.2,36.7,32.4,52,2029,3502
22:29:32,29.9,34.2,36.8,32.4,52,2029,3513
22:30:32,29.9,34.3,36.9,32.4,52,2029,3494
22:31:32,29.8,34.3,36.8,32.4,52,2072,3491
22:32:32,29.8,34.2,36.9,32.4,52,2029,3510
22:33:33,29.8,34.3,36.8,32.4,52,2029,3516
22:34:33,29.7,34.3,36.9,32.4,51,1995,3502
22:35:33,29.8,34.3,36.9,32.4,52,2029,3505
22:36:33,29.7,34.2,36.8,32.4,52,2029,3513
22:37:33,29.8,34.2,36.9,32.4,52,2029,3508
22:38:34,29.9,34.3,36.8,32.3,52,2029,3505
22:39:34,29.8,34.2,36.8,32.3,52,2029,3502
22:40:34,29.8,34.2,37.0,32.4,52,2029,3510
22:41:34,29.8,34.3,36.9,32.5,52,2029,3500
22:42:34,29.8,34.3,36.8,32.6,52,2029,3505
22:43:34,29.7,34.3,37.0,32.6,52,2029,3491
22:44:35,29.8,34.3,36.8,32.5,52,2029,3510
22:45:35,29.7,34.3,36.9,32.5,52,2029,3502
22:46:35,29.8,34.3,36.9,32.7,52,2029,3505
22:47:35,29.8,34.3,37.0,32.6,51,2029,3486
22:48:35,29.8,34.3,37.0,32.5,51,2029,3500
22:49:35,29.8,34.2,37.0,32.6,51,2029,3513
22:50:36,29.8,34.4,37.0,32.7,51,2029,3500
22:51:36,29.9,34.3,36.9,32.6,51,2029,3513
22:52:36,29.9,34.3,36.8,32.5,51,2029,3505
22:53:36,29.8,34.2,36.9,32.5,51,2072,3510
22:54:36,29.8,34.2,36.9,32.6,51,2029,3513
22:55:36,29.8,34.3,37.0,32.5,51,2072,3508
22:56:37,29.8,34.3,36.8,32.6,51,2029,3516
22:57:37,29.9,34.3,36.9,32.6,51,2029,3508
22:58:37,29.9,34.3,37.0,32.5,51,2072,3505
22:59:37,29.7,34.3,36.9,32.6,51,2072,3508
23:0:37,29.7,34.2,36.8,32.7,51,2072,3497
23:1:37,29.7,34.3,37.0,32.7,51,2029,3513
23:2:38,29.8,34.3,37.0,32.6,51,2029,3521
23:3:38,29.7,34.2,36.8,32.7,51,2029,3497
23:4:38,29.8,34.3,37.0,32.7,51,2029,3502
23:5:38,29.8,34.2,36.9,32.6,51,2072,3508
23:6:38,29.8,34.2,37.0,32.7,52,2029,3505
23:7:38,29.9,34.2,37.0,32.8,51,2029,3505
23:8:39,29.8,34.3,36.9,32.7,51,2029,3510
23:9:39,29.9,34.2,36.9,32.7,51,2029,3497
23:10:39,30.2,34.2,36.0,31.6,51,2029,3513
23:11:39,31.3,34.9,34.9,30.8,51,2072,3494
23:12:39,32.4,35.7,34.1,30.4,52,2134,3510
23:13:39,33.0,36.0,33.5,30.2,53,2162,3502
23:14:39,33.6,36.2,33.3,30.0,54,2195,3510
23:15:40,33.8,36.2,33.0,29.8,54,2220,3497
23:16:40,34.1,36.2,32.9,29.7,54,2265,3510
23:17:40,34.3,36.2,32.8,29.8,54,2291,3505
23:18:40,34.3,36.3,32.7,29.6,54,2291,3497
23:19:40,34.5,36.3,32.7,29.7,54,2291,3497
23:20:40,34.5,36.3,32.6,29.6,54,2291,3508
23:21:40,34.5,36.3,32.7,29.7,54,2324,3497
23:22:40,34.5,36.3,32.6,29.6,54,2324,3505
23:23:40,34.6,36.4,32.5,29.6,54,2324,3502
23:24:40,34.4,36.3,32.5,29.6,54,2353,3508
23:25:40,34.5,36.3,32.6,29.6,54,2324,3508
23:26:40,34.5,36.3,32.6,29.7,54,2353,3519
23:27:40,34.5,36.5,32.6,29.5,54,2353,3521
23:28:40,34.6,36.4,32.6,29.5,54,2353,3500
23:29:41,34.5,36.4,32.6,29.6,54,2353,3505
23:30:41,34.5,36.4,32.5,29.5,54,2353,3505
23:31:41,34.6,36.4,32.5,29.6,54,2353,3510
23:32:41,34.5,36.4,32.6,29.6,54,2353,3500
23:33:41,34.7,36.4,32.6,29.6,53,2401,3491
23:34:41,34.6,36.4,32.5,29.7,54,2353,3508
23:35:41,34.5,36.3,32.5,29.7,53,2353,3505
23:36:41,34.5,36.3,32.6,29.5,54,2353,3502
23:37:41,34.5,36.3,32.6,29.5,53,2353,3510
23:38:41,34.5,36.4,32.6,29.6,54,2353,3524
23:39:41,34.7,36.3,32.5,29.6,53,2353,3510
23:40:41,34.5,36.4,32.5,29.5,53,2353,3521
23:41:41,34.6,36.3,32.5,29.6,53,2353,3510
23:42:42,34.6,36.4,32.5,29.7,53,2353,3513
23:43:42,34.6,36.3,32.5,29.5,53,2353,3521
23:44:42,34.6,36.3,32.5,29.6,53,2401,3497
23:45:42,34.6,36.3,32.5,29.7,53,2353,3510
23:46:42,34.6,36.3,32.6,29.7,53,2353,3502
23:47:42,34.5,36.4,32.5,29.6,53,2353,3500
23:48:42,34.6,36.4,32.6,29.6,53,2353,3510
23:49:42,34.6,36.3,32.5,29.5,53,2353,3500
23:50:42,34.5,36.4,32.5,29.5,53,2353,3502
23:51:42,34.6,36.3,32.5,29.5,53,2353,3502
23:52:42,34.6,36.4,32.5,29.6,53,2353,3508
23:53:42,34.5,36.5,32.6,29.5,53,2353,3505
23:54:42,34.5,36.5,32.7,29.5,53,2353,3500
23:55:43,34.5,36.4,32.5,29.6,53,2353,3500
23:56:43,34.4,36.5,32.5,29.4,53,2353,3521
23:57:43,34.5,36.5,32.6,29.5,53,2353,3505
23:58:43,34.5,36.5,32.5,29.5,53,2353,3497
23:59:43,34.6,36.4,32.6,29.6,53,2353,3500
0:0:43,34.5,36.5,32.5,29.6,53,2324,3519
