0:1:17,31.1,31.0,36.4,36.2,47,2226,3505
0:2:17,31.1,31.0,36.4,36.3,47,2208,3502
0:3:17,31.2,31.1,36.4,36.3,47,2226,3519
0:4:17,31.1,31.0,36.5,36.3,47,2240,3500
0:5:17,31.1,31.0,36.5,36.3,46,2240,3521
0:6:17,31.1,31.0,36.5,36.3,47,2255,3497
0:7:17,31.1,31.1,36.4,36.3,47,2255,3510
0:8:17,31.1,31.0,36.4,36.3,47,2226,3521
0:9:18,31.0,31.1,36.4,36.2,46,2240,3505
0:10:18,31.1,31.1,36.5,36.3,47,2240,3513
0:11:18,31.1,31.0,36.3,36.2,47,2240,3505
0:12:18,31.2,31.0,36.4,36.3,47,2255,3502
0:13:18,31.0,31.0,36.6,36.4,46,2265,3502
0:14:18,31.2,31.1,36.3,36.4,47,2240,3505
0:15:18,31.2,31.0,36.4,36.5,47,2255,3486
0:16:18,31.1,31.0,36.2,36.3,47,2240,3519
0:17:18,31.2,30.9,36.3,36.3,47,2240,3521
0:18:18,31.2,31.0,36.3,36.3,47,2240,3510
0:19:18,31.1,31.1,36.5,36.2,47,2240,3502
0:20:18,31.1,31.0,36.4,36.2,47,2226,3491
0:21:18,31.1,31.0,36.3,36.3,46,2226,3516
0:22:18,31.0,30.9,36.3,36.4,47,2226,3510
0:23:18,31.1,30.9,36.4,36.3,47,2226,3502
0:24:18,31.0,30.8,35.6,35.7,46,2180,3510
0:25:18,31.0,30.6,36.0,35.5,46,2146,3502
0:26:18,30.8,30.6,36.1,35.5,47,2146,3489
0:27:18,30.8,30.6,36.0,35.4,46,2116,3516
0:28:18,30.8,30.6,36.2,35.5,46,2110,3508
0:29:19,30.7,30.5,36.0,35.5,46,2094,3491
0:30:19,30.8,30.7,36.2,35.4,46,2110,3505
0:31:19,30.7,30.6,36.1,35.5,46,2094,3521
0:32:19,30.7,30.5,36.2,35.6,46,2094,3500
0:33:19,30.8,30.5,36.0,35.5,46,2094,3502
0:34:19,30.7,30.5,36.1,35.6,46,2094,3500
0:35:19,30.7,30.6,36.0,35.5,46,2094,3513
0:36:19,30.7,30.4,36.0,35.5,46,2070,3500
0:37:19,30.7,30.5,36.2,35.7,46,2070,3510
0:38:19,30.8,30.6,36.2,35.7,46,2070,3516
0:39:19,30.8,30.5,36.1,35.6,46,2070,3505
0:40:19,30.8,30.6,36.1,35.5,46,2070,3516
0:41:19,30.7,30.5,36.1,35.6,46,2052,3486
0:42:19,30.7,30.5,36.1,35.7,46,2070,3502
0:43:20,30.7,30.5,36.1,35.7,46,2070,3491
0:44:20,30.7,30.7,36.2,35.6,46,2052,3516
0:45:20,30.7,30.7,36.0,35.7,46,2070,3497
0:46:20,30.7,30.5,36.1,35.6,46,2070,3521
0:47:20,30.7,30.6,36.1,35.6,47,2070,3505
0:48:20,30.7,30.6,36.1,35.7,46,2052,3510
0:49:20,30.8,30.6,36.1,35.7,46,2070,3505
0:50:20,30.7,30.6,36.0,35.7,46,2070,3508
0:51:20,30.7,30.6,36.1,35.7,46,2052,3505
0:52:20,30.7,30.5,36.2,35.6,46,2070,3508
0:53:20,30.8,30.6,36.0,35.7,46,2052,3513
0:54:20,30.8,30.6,36.1,35.7,46,2070,3502
0:55:20,30.7,30.5,36.2,35.8,46,2070,3524
0:56:20,30.9,30.6,36.2,35.9,46,2070,3510
0:57:20,30.7,30.7,36.2,35.8,46,2070,3497
0:58:21,30.8,30.6,36.2,35.8,46,2070,3521
0:59:21,30.7,30.7,36.1,35.7,47,2094,3505
1:0:21,30.8,30.6,36.0,35.8,46,2070,3516
1:1:21,30.8,30.4,36.3,35.7,46,2094,3502
1:2:21,30.8,30.6,36.2,35.8,46,2110,3505
1:3:21,30.8,30.6,36.2,35.8,46,2094,3502
1:4:21,30.9,30.6,36.2,35.7,46,2094,3516
1:5:21,30.7,30.6,36.3,35.9,46,2094,3516
1:6:21,30.9,30.7,36.3,35.8,46,2094,3491
1:7:21,30.9,30.6,36.4,35.8,46,2094,3486
1:8:21,30.9,30.7,36.2,36.0,46,2094,3505
1:9:21,30.8,30.7,36.2,35.8,46,2110,3500
1:10:21,30.9,30.6,36.3,35.8,46,2110,3500
1:11:21,30.9,30.6,36.2,35.8,46,2110,3500
1:12:21,30.8,30.7,36.2,36.0,46,2116,3513
1:13:21,30.8,30.7,36.3,35.8,46,2116,3508
1:14:21,31.0,30.7,36.1,35.9,46,2110,3497
1:15:21,31.0,30.7,36.2,36.0,46,2116,3516
1:16:22,30.9,30.7,36.3,35.9,46,2110,3510
1:17:22,30.9,30.7,36.2,35.8,46,2110,3505
1:18:22,30.9,30.8,36.4,35.8,46,2116,3500
1:19:22,30.8,30.8,36.4,35.6,46,2116,3502
1:20:22,30.8,30.6,35.8,35.0,46,2017,3513
1:21:22,30.6,31.0,36.4,34.5,45,1916,3516
1:22:22,30.3,31.3,36.7,33.9,45,1846,3513
1:23:22,30.2,31.5,36.7,33.7,45,1786,3508
1:24:22,30.1,31.8,36.7,33.5,45,1749,3510
1:25:23,30.0,31.9,36.8,33.5,45,1696,3505
1:26:23,30.0,31.9,36.8,33.4,44,1661,3510
1:27:23,29.9,32.1,36.8,33.5,45,1635,3521
1:28:23,29.9,32.2,36.8,33.3,45,1623,3519
1:29:23,29.8,32.0,36.8,33.5,45,1605,3516
1:30:24,30.0,32.3,36.8,33.6,45,1580,3508
1:31:24,30.0,32.4,36.8,33.4,45,1570,3527
1:32:24,30.0,32.5,36.8,33.5,45,1562,3508
1:33:24,30.0,32.4,36.8,33.5,45,1536,3508
1:34:24,30.0,32.3,36.9,33.6,45,1536,3505
1:35:24,30.0,32.4,36.9,33.5,45,1532,3510
1:36:25,30.1,32.4,36.7,33.6,45,1532,3519
1:37:25,30.0,32.5,36.9,33.5,45,1515,3521
1:38:25,30.1,32.5,36.9,33.6,45,1510,3516
1:39:25,30.2,32.5,36.8,33.6,45,1498,3508
1:40:25,30.2,32.4,36.7,33.6,45,1498,3521
1:41:26,30.2,32.5,36.8,33.7,45,1510,3505
1:42:26,30.1,32.6,36.9,33.6,45,1487,3508
1:43:26,30.1,32.6,36.9,33.7,45,1478,3516
1:44:26,30.2,32.5,36.9,33.6,45,1487,3508
1:45:26,30.3,32.5,36.9,33.7,45,1487,3527
1:46:26,30.2,32.7,36.9,33.7,45,1487,3527
1:47:27,30.1,32.7,36.8,33.7,45,1478,3508
1:48:27,30.2,32.7,36.9,33.7,45,1478,3535
1:49:27,30.3,32.7,37.0,33.8,45,1478,3508
1:50:27,30.3,32.7,37.0,33.7,45,1487,3524
1:51:27,30.2,32.8,36.9,33.8,45,1478,3516
1:52:27,30.2,32.7,37.0,33.8,45,1478,3521
1:53:28,30.3,32.7,37.0,33.7,45,1478,3508
1:54:28,30.4,32.8,37.0,33.9,45,1487,3521
1:55:28,30.3,32.8,37.1,33.8,45,1478,3521
1:56:28,30.3,32.8,37.0,33.9,45,1487,3519
1:57:28,30.3,32.8,37.0,33.8,45,1478,3508
1:58:28,30.4,32.8,37.0,33.8,45,1487,3508
1:59:28,30.3,32.8,37.1,33.8,45,1487,3524
2:0:29,30.4,32.8,37.1,33.9,45,1487,3508
2:1:29,30.5,32.9,37.1,33.7,45,1478,3521
2:2:29,30.3,32.7,37.0,33.9,45,1478,3502
2:3:29,30.4,32.9,37.0,33.8,45,1478,3524
2:4:29,30.3,32.8,37.2,33.8,45,1487,3513
2:5:29,30.4,32.8,37.0,33.8,45,1487,3519
2:6:29,30.4,32.9,37.0,33.8,45,1478,3513
2:7:30,30.4,32.8,37.3,33.9,45,1478,3497
2:8:30,30.3,32.8,37.2,33.9,45,1487,3508
2:9:30,30.3,32.9,37.0,33.9,45,1478,3508
2:10:30,30.3,32.8,37.1,33.9,45,1487,3527
2:11:30,30.3,32.8,37.1,34.0,45,1478,3519
2:12:30,30.5,32.8,37.1,33.9,45,1478,3510
2:13:30,30.5,32.9,37.1,33.9,45,1478,3521
2:14:30,30.5,32.8,37.2,33.9,45,1487,3527
2:15:31,30.5,32.9,37.3,34.1,45,1487,3543
2:16:31,30.4,32.8,37.0,33.9,45,1478,3516
2:17:31,30.3,32.9,37.3,33.8,45,1470,3505
2:18:31,30.5,32.9,37.1,33.9,45,1478,3521
2:19:31,30.4,32.8,37.2,33.9,45,1478,3510
2:20:31,30.4,32.9,37.0,33.9,45,1478,3524
2:21:31,30.5,32.8,37.2,33.9,45,1478,3535
2:22:31,30.5,32.9,37.0,34.0,45,1478,3513
2:23:32,30.5,32.8,37.3,33.9,45,1470,3521
2:24:32,30.5,32.9,37.2,33.8,45,1478,3513
2:25:32,30.5,32.9,37.3,34.1,45,1478,3510
2:26:32,30.4,32.9,37.2,33.8,45,1478,3524
2:27:32,30.5,32.9,37.1,34.0,45,1478,3519
2:28:32,30.3,32.9,37.2,34.0,45,1470,3532
2:29:32,30.4,32.9,37.2,34.1,45,1478,3524
2:30:32,30.5,32.9,37.2,33.9,45,1470,3510
2:31:33,30.4,32.9,37.2,33.9,45,1478,3521
2:32:33,30.5,32.8,37.2,34.0,45,1478,3527
2:33:33,30.4,32.8,37.2,34.0,45,1470,3508
2:34:33,30.5,32.9,37.3,33.9,45,1455,3524
2:35:33,30.4,32.9,37.2,33.9,45,1455,3524
2:36:33,30.6,32.9,37.2,33.8,45,1470,3532
2:37:33,30.5,32.1,36.4,34.7,45,1434,3500
2:38:33,31.1,31.6,35.5,36.9,44,1532,3519
2:39:33,31.5,31.3,35.2,37.6,45,1605,3513
2:40:33,32.0,31.1,35.0,37.7,46,1687,3508
2:41:33,32.3,31.0,34.8,38.1,47,1763,3521
2:42:33,32.5,30.8,34.9,37.9,47,1808,3510
2:43:33,32.6,30.9,34.7,37.8,47,1862,3502
2:44:33,32.8,30.9,34.7,38.0,47,1894,3516
2:45:33,32.9,30.9,34.8,38.0,47,1931,3510
2:46:33,32.9,30.9,34.8,38.1,47,1958,3513
2:47:33,33.0,30.9,34.8,38.0,46,1979,3521
2:48:33,32.9,30.8,34.6,38.0,46,2017,3502
2:49:33,32.9,30.8,34.6,38.2,46,2052,3519
2:50:32,33.1,30.8,34.7,38.1,46,2070,3505
2:51:32,33.0,30.8,34.7,38.1,46,2094,3510
2:52:32,33.1,30.8,34.7,38.0,46,2110,3513
2:53:32,33.1,30.9,34.6,38.0,46,2110,3502
2:54:32,33.1,30.8,34.6,38.1,46,2116,3510
2:55:32,33.1,30.8,34.7,38.1,46,2134,3521
2:56:32,33.1,30.9,34.6,38.0,46,2134,3521
2:57:32,32.9,30.8,34.6,38.0,45,2134,3521
2:58:32,33.0,30.8,34.8,38.0,45,2164,3508
2:59:31,33.0,30.8,34.7,38.1,46,2164,3524
3:0:31,32.9,30.8,34.6,37.9,45,2164,3521
3:1:31,33.0,30.8,34.6,38.0,45,2164,3494
3:2:31,33.0,30.7,34.5,37.9,46,2164,3453
3:3:31,32.5,31.0,35.7,36.7,46,2017,3524
3:4:31,32.1,31.3,36.7,36.0,44,1931,3521
3:5:31,31.7,31.7,37.0,35.6,45,1862,3497
3:6:31,31.5,31.9,37.1,35.4,44,1808,3519
3:7:31,31.3,32.0,37.3,35.2,44,1773,3502
3:8:31,31.2,32.3,37.0,35.1,44,1726,3513
3:9:31,31.1,32.4,37.3,35.0,43,1710,3521
3:10:31,31.0,32.4,37.2,34.9,43,1687,3519
3:11:31,31.0,32.3,37.3,34.9,44,1661,3516
3:12:32,30.9,32.4,37.3,34.9,44,1650,3513
3:13:32,31.0,32.5,37.3,34.9,43,1635,3513
3:14:32,31.0,32.4,37.4,35.0,43,1618,3508
3:15:32,31.0,32.6,37.3,34.9,43,1605,3519
3:16:32,31.0,32.5,37.3,34.9,43,1570,3513
3:17:32,31.0,32.6,37.2,34.9,44,1570,3510
3:18:32,30.8,32.4,37.3,34.9,43,1562,3521
3:19:32,30.9,32.5,37.4,34.9,44,1562,3510
3:20:32,31.0,32.5,37.2,34.8,44,1549,3521
3:21:32,31.1,32.5,37.3,35.0,44,1536,3508
3:22:32,30.8,32.5,37.3,34.9,44,1536,3508
3:23:32,31.0,32.7,37.3,34.9,44,1532,3508
3:24:32,31.0,32.5,37.4,34.9,44,1515,3521
3:25:33,31.0,32.5,37.3,35.0,44,1515,3527
3:26:33,31.0,32.6,37.4,35.0,44,1515,3513
3:27:33,30.9,32.6,37.3,35.0,44,1515,3524
3:28:33,31.0,32.5,37.2,34.9,44,1510,3519
3:29:33,31.0,32.6,37.4,34.9,44,1510,3527
3:30:33,31.0,32.5,37.4,35.0,44,1498,3532
3:31:33,31.0,32.6,37.4,34.9,44,1498,3519
3:32:33,31.0,32.7,37.3,35.0,44,1498,3521
3:33:33,31.0,32.6,37.3,34.9,44,1487,3510
3:34:33,31.0,32.6,37.4,34.9,44,1487,3519
3:35:33,31.0,32.7,37.4,34.9,44,1487,3530
3:36:33,31.1,32.5,37.4,35.0,44,1487,3508
3:37:33,31.1,32.6,37.3,35.1,44,1487,3508
3:38:34,31.1,32.7,37.4,35.0,44,1487,3519
3:39:34,31.0,32.6,37.4,35.1,44,1478,3513
3:40:34,30.9,32.9,37.5,34.9,44,1510,3508
3:41:34,30.8,33.2,37.5,34.9,44,1549,3516
3:42:34,30.8,33.4,37.5,35.0,45,1580,3521
3:43:34,30.8,33.7,37.5,35.1,45,1618,3508
3:44:34,30.9,33.7,37.7,35.0,45,1650,3521
3:45:34,31.0,33.9,37.6,35.1,45,1687,3519
3:46:34,31.0,33.8,37.7,35.2,45,1696,3516
3:47:34,31.1,33.9,37.6,35.2,45,1726,3524
3:48:34,31.0,34.0,37.6,35.2,45,1749,3513
3:49:34,31.1,34.1,37.6,35.2,45,1773,3521
3:50:34,31.1,34.1,37.6,35.2,45,1791,3513
3:51:34,31.3,33.7,37.2,36.6,45,1846,3508
3:52:34,32.3,33.2,36.3,37.7,45,1974,3521
3:53:34,33.1,32.7,35.6,38.1,46,2094,3505
3:54:34,33.6,32.6,35.2,38.1,47,2180,3502
3:55:33,34.0,32.4,34.9,38.4,47,2255,3502
3:56:33,34.2,32.3,34.9,38.4,47,2307,3510
3:57:33,34.4,32.4,34.7,38.4,48,2388,3510
3:58:33,34.6,32.3,34.7,38.4,48,2442,3505
3:59:33,34.7,32.1,34.6,38.6,48,2502,3505
4:0:32,34.3,32.9,35.0,36.9,48,2462,3510
4:1:32,33.7,34.0,35.7,35.9,48,2420,3516
4:2:32,33.2,34.9,36.0,34.9,47,2420,3505
4:3:32,32.9,35.4,36.3,34.4,47,2408,3513
4:4:32,32.7,35.8,36.5,33.9,47,2361,3516
4:5:32,32.7,35.9,36.5,33.7,47,2361,3532
4:6:32,32.4,35.9,36.7,33.4,46,2328,3508
4:7:32,32.4,36.0,36.6,33.3,46,2342,3521
4:8:32,32.3,35.9,36.5,33.0,46,2307,3510
4:9:32,32.1,35.8,36.5,32.9,46,2289,3530
4:10:32,32.1,36.0,36.4,32.8,46,2265,3524
4:11:32,32.3,36.7,35.9,32.3,46,2208,3524
4:12:32,32.6,37.6,35.6,31.8,45,2180,3502
4:13:32,32.9,37.8,35.5,31.5,45,2146,3508
4:14:32,32.9,37.9,35.2,31.3,45,2116,3521
4:15:32,33.0,38.0,35.1,31.0,45,2110,3502
4:16:32,33.1,37.9,35.0,31.0,45,2070,3513
4:17:32,33.1,37.9,35.0,30.7,45,2052,3527
4:18:32,33.0,37.8,35.1,30.8,44,2033,3505
4:19:32,33.0,37.8,35.1,30.7,44,2017,3519
4:20:32,32.9,37.9,35.1,30.6,44,1979,3508
4:21:32,33.0,37.7,35.0,30.3,44,1974,3513
4:22:32,33.0,37.7,34.9,30.4,44,1958,3502
4:23:32,32.4,36.5,35.9,30.3,44,1889,3519
4:24:32,31.8,36.0,37.0,30.6,44,1872,3510
4:25:32,31.4,35.9,37.3,31.0,44,1872,3516
4:26:32,31.1,35.7,37.3,31.2,43,1889,3508
4:27:32,31.1,35.6,37.5,31.4,43,1889,3538
4:28:32,31.1,35.6,37.6,31.5,43,1894,3497
4:29:32,31.0,35.4,37.5,31.6,43,1894,3510
4:30:32,31.0,35.5,37.6,31.7,43,1889,3508
4:31:32,30.9,35.4,37.1,31.5,43,1872,3508
4:32:33,31.0,35.3,37.0,31.7,42,1862,3508
4:33:33,31.1,35.2,37.0,31.9,43,1889,3519
4:34:33,31.1,35.0,37.0,31.9,43,1894,3491
4:35:33,31.2,35.0,36.8,32.1,43,1894,3527
4:36:33,31.2,34.9,37.0,32.2,43,1931,3510
4:37:33,31.3,35.1,36.8,32.4,43,1931,3510
4:38:33,31.2,34.9,36.8,32.2,43,1916,3513
4:39:33,31.2,34.9,36.9,32.2,43,1931,3510
4:40:33,31.3,35.0,36.7,32.2,43,1931,3519
4:41:33,31.4,34.8,36.8,32.3,43,1931,3521
4:42:33,31.2,34.9,36.7,32.2,43,1958,3516
4:43:33,31.2,34.7,36.9,32.4,43,1945,3510
4:44:33,31.1,34.9,37.0,32.4,43,1931,3521
4:45:33,31.3,34.9,37.0,32.4,43,1945,3497
4:46:33,31.2,34.7,36.9,32.5,43,1958,3510
4:47:33,31.2,34.9,37.0,32.7,43,1958,3510
4:48:33,31.2,34.8,36.9,32.6,43,1958,3508
4:49:33,31.2,34.8,37.0,32.5,43,1974,3513
4:50:33,31.3,34.8,36.9,32.6,43,1958,3510
4:51:33,31.3,34.8,37.0,32.5,43,1958,3519
4:52:33,31.2,34.7,37.0,32.6,43,1958,3513
4:53:33,31.3,34.8,37.0,32.6,43,1958,3508
4:54:33,31.3,34.8,37.0,32.6,43,1974,3497
4:55:33,31.3,34.9,36.9,32.7,43,1974,3505
4:56:33,31.3,34.8,37.0,32.7,43,1974,3491
4:57:33,31.3,34.8,36.9,32.7,43,1974,3508
4:58:33,31.3,34.9,37.0,32.8,43,1974,3497
4:59:33,31.3,34.8,36.9,32.8,43,1979,3505
5:0:33,31.3,34.9,36.8,32.8,43,1979,3521
5:1:33,31.4,34.9,37.0,32.9,43,2000,3510
5:2:33,31.4,34.9,37.0,32.8,43,2017,3508
5:3:33,31.4,34.8,37.0,32.8,43,2000,3516
5:4:33,31.4,34.8,37.0,32.9,43,2017,3497
5:5:33,31.4,34.8,36.9,32.9,43,2017,3497
5:6:33,31.3,34.7,36.9,32.9,43,2017,3497
5:7:33,31.4,34.8,36.9,32.9,43,2017,3510
5:8:33,31.4,34.7,36.8,32.9,43,2017,3521
5:9:33,31.3,34.9,36.9,33.0,43,2017,3519
5:10:33,31.3,34.7,37.0,32.9,43,2017,3494
5:11:33,31.4,34.9,37.0,33.0,43,2033,3510
5:12:33,31.4,34.8,37.0,32.9,43,2033,3497
5:13:33,31.4,34.8,36.9,33.0,43,2033,3505
5:14:33,31.5,34.7,36.8,32.9,43,2033,3500
5:15:33,31.3,34.7,37.0,32.8,43,2017,3497
5:16:33,31.3,34.8,36.6,32.9,43,2000,3502
5:17:33,31.4,34.8,36.9,32.8,43,2017,3524
5:18:33,31.4,34.8,36.9,33.0,43,2000,3502
5:19:33,31.4,34.9,36.8,32.9,43,2000,3516
5:20:33,31.4,34.7,36.8,32.9,43,2000,3521
5:21:33,31.3,34.7,36.8,32.9,43,2000,3508
5:22:33,31.3,34.7,36.9,33.0,43,2017,3508
5:23:33,31.4,34.7,36.9,32.9,43,2000,3524
5:24:33,31.4,34.7,36.8,33.0,43,2017,3513
5:25:33,31.3,34.4,36.1,31.9,43,1931,3458
5:26:33,32.3,34.3,34.4,31.8,42,1916,3500
5:27:33,33.1,35.0,33.3,31.6,43,1958,3491
5:28:33,33.8,35.5,32.7,31.5,44,1979,3508
5:29:33,34.3,35.6,32.2,31.5,45,2000,3491
5:30:33,34.6,35.7,31.9,31.3,46,2033,3502
5:31:33,34.9,35.7,31.7,31.4,46,2033,3516
5:32:33,34.8,35.7,31.3,31.3,46,2052,3516
5:33:33,35.0,35.6,31.1,31.3,46,2070,3505
5:34:33,35.1,35.7,31.2,31.5,46,2052,3502
5:35:33,34.5,35.2,30.9,31.3,46,2033,3502
5:36:33,34.3,35.3,30.8,31.3,46,1974,3532
5:37:33,34.5,36.0,30.9,31.1,46,1931,3500
5:38:33,34.4,36.2,31.0,30.9,46,1894,3500
5:39:33,34.5,36.3,31.0,30.7,46,1872,3505
5:40:33,34.6,36.5,31.0,30.7,46,1862,3510
5:41:33,34.6,36.4,31.1,30.7,46,1862,3500
5:42:34,34.6,36.4,31.1,30.5,46,1832,3521
5:43:34,34.6,36.6,31.2,30.6,46,1832,3521
5:44:34,34.5,36.5,31.1,30.5,46,1808,3521
5:45:34,34.7,36.4,31.1,30.6,46,1808,3510
5:46:34,34.6,36.5,31.2,30.5,46,1808,3510
5:47:34,34.6,36.5,31.2,30.5,46,1808,3502
5:48:34,34.6,36.6,31.2,30.7,46,1786,3486
5:49:34,34.7,36.5,31.2,30.4,46,1786,3516
5:50:34,34.6,36.5,31.3,30.7,46,1786,3510
5:51:34,34.7,36.7,31.1,30.5,46,1786,3505
5:52:34,34.8,36.6,31.2,30.5,46,1791,3508
5:53:34,34.6,36.4,31.3,30.6,46,1786,3513
5:54:34,34.7,36.6,31.3,30.6,46,1791,3508
5:55:35,34.7,36.7,31.1,30.4,46,1786,3519
5:56:35,34.7,36.7,31.3,30.7,47,1786,3513
5:57:35,34.7,36.6,31.2,30.7,46,1773,3508
5:58:35,34.7,36.7,31.2,30.6,46,1773,3521
5:59:35,34.7,36.6,31.2,30.7,46,1786,3521
6:0:35,34.7,36.5,31.3,30.6,46,1773,3532
6:1:35,34.8,36.8,31.4,30.6,46,1791,3508
6:2:35,34.8,36.6,31.4,30.7,46,1786,3510
6:3:35,34.8,36.7,31.3,30.6,46,1786,3510
6:4:35,34.8,36.8,31.4,30.6,46,1791,3513
6:5:35,34.9,36.8,31.3,30.6,46,1786,3510
6:6:35,34.7,36.7,31.3,30.7,46,1791,3497
6:7:35,34.8,36.8,31.4,30.7,46,1786,3513
6:8:35,34.7,36.7,31.3,30.6,46,1791,3521
6:9:35,34.8,36.7,31.3,30.7,46,1791,3513
6:10:35,34.9,36.7,31.4,30.7,46,1791,3521
6:11:36,34.8,36.8,31.5,30.8,46,1791,3500
6:12:36,34.9,36.7,31.4,30.7,46,1791,3494
6:13:36,34.9,36.8,31.4,30.7,46,1791,3497
6:14:36,34.8,36.8,31.5,30.7,46,1791,3508
6:15:36,34.8,36.7,31.4,30.7,47,1808,3510
6:16:36,34.8,36.8,31.3,30.7,46,1786,3500
6:17:36,34.9,36.7,31.4,30.6,46,1791,3519
6:18:36,34.8,36.7,31.4,30.7,46,1791,3513
6:19:36,34.7,36.1,31.5,30.7,46,1791,3453
6:20:36,33.5,35.2,32.4,30.9,46,1749,3510
6:21:36,32.6,35.5,33.8,31.2,46,1749,3497
6:22:36,32.1,35.5,34.7,31.4,46,1749,3521
6:23:36,31.8,35.5,35.3,31.7,46,1731,3519
6:24:36,31.6,35.6,35.5,31.8,46,1749,3521
6:25:37,31.5,35.5,35.8,32.0,46,1749,3500
6:26:37,31.3,35.6,35.9,32.0,46,1749,3516
6:27:37,31.4,35.6,36.0,32.0,46,1749,3497
6:28:37,31.2,35.6,36.0,32.0,45,1763,3508
6:29:37,31.3,35.6,36.1,32.3,45,1763,3513
6:30:37,31.3,35.6,36.1,32.2,45,1773,3513
6:31:37,31.1,35.4,36.0,32.0,46,1773,3527
6:32:37,31.1,35.6,36.2,32.2,46,1773,3508
6:33:37,31.2,35.6,36.2,32.2,45,1773,3494
6:34:37,31.1,35.6,36.1,32.2,46,1773,3521
6:35:37,31.1,35.8,36.2,32.3,45,1773,3508
6:36:38,31.1,35.6,36.1,32.3,46,1773,3510
6:37:38,31.3,35.6,36.1,32.3,46,1786,3510
6:38:38,31.1,35.7,36.1,32.3,45,1791,3527
6:39:38,31.1,35.7,36.2,32.4,46,1786,3524
6:40:38,31.2,35.7,36.2,32.2,46,1791,3516
6:41:38,31.1,35.7,36.2,32.3,46,1808,3524
6:42:38,31.2,35.8,36.2,32.4,46,1791,3524
6:43:38,31.2,35.8,36.2,32.3,46,1808,3510
6:44:38,31.1,35.8,36.2,32.3,46,1827,3521
6:45:38,31.1,35.9,36.3,32.4,46,1827,3510
6:46:38,31.2,35.7,36.3,32.4,46,1827,3516
6:47:39,31.1,35.7,36.3,32.2,46,1832,3502
6:48:39,31.2,35.9,36.2,32.3,45,1832,3513
6:49:39,31.2,35.9,36.3,32.4,46,1832,3519
6:50:39,31.2,35.8,36.2,32.4,46,1832,3524
6:51:39,31.2,35.8,36.2,32.4,46,1846,3521
6:52:39,31.3,35.8,36.3,32.4,46,1846,3519
6:53:39,31.2,35.7,36.4,32.4,46,1846,3502
6:54:39,31.2,35.8,36.2,32.3,46,1832,3516
6:55:39,31.3,35.8,36.3,32.4,46,1846,3505
6:56:39,31.1,35.8,36.4,32.3,46,1846,3516
6:57:39,31.2,35.8,36.2,32.3,46,1846,3516
6:58:39,31.3,35.9,36.2,32.3,46,1862,3505
6:59:39,31.2,35.8,36.3,32.4,46,1862,3513
7:0:39,31.3,35.8,36.3,32.4,46,1862,3516
7:1:39,31.3,35.9,36.3,32.3,46,1862,3502
7:2:40,31.2,34.9,36.8,32.6,46,1894,3502
7:3:40,31.1,34.6,37.3,32.8,46,1945,3510
7:4:40,31.0,34.3,37.5,32.9,46,1958,3502
7:5:40,31.0,34.0,37.6,33.1,46,1974,3505
7:6:40,31.1,33.8,37.6,33.2,46,2017,3527
7:7:40,31.0,33.8,37.6,33.4,46,2033,3500
7:8:40,31.0,33.7,37.6,33.5,46,2070,3513
7:9:40,31.0,33.7,37.6,33.5,46,2070,3521
7:10:40,31.0,33.7,37.7,33.6,46,2110,3505
7:11:40,31.0,33.7,37.5,33.6,46,2116,3516
7:12:40,31.0,33.6,37.7,33.6,46,2116,3510
7:13:40,31.0,33.5,37.6,33.6,46,2134,3516
7:14:40,31.0,33.7,36.6,33.0,46,2094,3497
7:15:40,31.0,33.7,37.1,33.0,45,2094,3508
7:16:40,30.9,33.6,37.4,33.1,46,2116,3513
7:17:40,31.0,33.7,37.4,33.2,46,2110,3516
7:18:40,30.9,33.7,37.5,33.1,46,2094,3521
7:19:40,31.0,33.7,37.4,33.2,47,2116,3502
7:20:40,30.9,33.8,37.4,33.2,47,2134,3510
7:21:40,30.8,33.6,37.4,33.3,47,2134,3510
7:22:40,30.9,33.7,37.4,33.2,47,2146,3513
7:23:40,30.9,33.7,37.5,33.2,47,2164,3521
7:24:40,30.8,33.8,37.4,33.3,47,2146,3519
7:25:40,30.9,33.7,37.3,33.2,47,2164,3502
7:26:40,30.9,33.8,37.4,33.3,47,2164,3513
7:27:40,30.8,33.8,37.3,33.4,47,2180,3513
7:28:40,30.8,33.8,37.4,33.3,47,2180,3502
7:29:40,30.9,33.7,37.3,32.9,47,2180,3521
7:30:40,30.9,33.6,37.0,32.9,47,2146,3516
7:31:40,30.7,33.3,37.3,33.2,46,2110,3500
7:32:41,30.7,33.2,37.5,33.5,46,2052,3491
7:33:41,30.6,33.1,37.4,33.6,46,2052,3513
7:34:41,30.6,33.0,37.5,33.7,46,2000,3513
7:35:41,30.5,32.9,37.5,34.0,46,1979,3500
7:36:41,30.6,33.1,37.5,34.0,45,1974,3516
7:37:41,30.5,33.0,37.5,34.2,46,1958,3513
7:38:41,30.4,33.0,37.6,34.2,46,1958,3494
7:39:41,30.5,33.0,37.6,34.2,46,1945,3505
7:40:41,30.4,33.0,37.6,34.3,46,1931,3516
7:41:41,30.5,33.2,37.6,34.2,46,1916,3508
7:42:41,30.5,33.0,37.5,34.2,45,1916,3516
7:43:41,30.6,33.1,37.3,34.2,46,1916,3508
7:44:41,30.5,32.9,37.3,34.4,46,1916,3521
7:45:41,30.6,32.9,37.2,34.4,46,1916,3513
7:46:42,30.6,32.9,37.2,34.5,46,1916,3508
7:47:42,30.5,32.9,37.2,34.5,46,1931,3502
7:48:42,30.4,32.8,37.2,34.6,46,1916,3510
7:49:42,30.5,32.8,37.0,34.5,46,1931,3500
7:50:42,30.6,33.3,36.2,33.1,46,1862,3502
7:51:42,31.1,34.9,35.4,32.2,45,1832,3497
7:52:42,31.4,35.6,34.9,31.7,46,1827,3500
7:53:42,31.7,36.0,34.7,31.2,45,1808,3508
7:54:42,31.9,36.1,34.5,31.0,45,1791,3508
7:55:42,32.1,36.3,34.5,30.6,45,1791,3497
7:56:43,32.2,36.4,34.4,30.6,45,1773,3510
7:57:43,32.4,36.4,34.5,30.3,45,1786,3510
7:58:43,32.4,36.4,34.4,30.3,45,1763,3532
7:59:43,32.6,36.4,34.4,30.3,45,1773,3502
8:0:43,32.6,36.4,34.5,30.3,45,1763,3510
8:1:43,32.6,36.5,34.5,30.3,45,1763,3521
8:2:43,32.7,36.4,34.5,30.3,45,1749,3497
8:3:43,32.7,36.5,34.5,30.2,45,1749,3510
8:4:43,32.7,36.4,34.5,30.3,45,1731,3510
8:5:44,32.6,36.3,34.5,30.4,45,1731,3513
8:6:44,32.6,36.4,34.5,30.3,45,1726,3513
8:7:44,32.6,36.2,34.5,30.3,45,1726,3513
8:8:44,32.5,36.5,34.4,30.3,45,1710,3516
8:9:44,32.6,36.3,34.6,30.3,45,1696,3513
8:10:44,32.7,36.4,34.4,30.3,45,1696,3500
8:11:44,32.8,36.4,34.5,30.2,44,1687,3505
8:12:44,32.9,36.4,34.4,30.3,44,1696,3502
8:13:44,32.8,36.5,34.5,30.3,44,1696,3508
8:14:45,32.9,36.4,34.5,30.3,45,1687,3510
8:15:45,32.9,36.4,34.6,30.3,45,1687,3497
8:16:45,33.0,36.4,34.6,30.3,44,1696,3516
8:17:45,32.9,36.5,34.6,30.3,45,1687,3513
8:18:45,32.9,36.4,34.6,30.3,45,1696,3508
8:19:45,33.0,36.4,34.5,30.3,44,1687,3505
8:20:45,33.1,36.5,34.6,30.4,44,1696,3497
8:21:45,33.0,36.5,34.7,30.4,44,1696,3521
8:22:45,33.1,36.5,34.7,30.4,44,1687,3497
8:23:45,33.1,36.5,34.6,30.4,45,1696,3510
8:24:45,33.0,36.5,34.6,30.4,45,1696,3519
8:25:46,33.0,36.6,34.7,30.3,44,1696,3510
8:26:46,32.9,36.5,34.6,30.5,44,1696,3510
8:27:46,32.9,36.6,34.6,30.4,45,1696,3521
8:28:46,32.9,36.7,34.6,30.6,45,1696,3497
8:29:46,32.5,35.8,34.7,30.3,44,1623,3513
8:30:46,32.7,36.5,33.9,30.3,44,1618,3508
8:31:46,33.3,36.6,33.3,30.3,44,1589,3508
8:32:46,33.8,36.8,32.9,30.3,45,1589,3524
8:33:46,34.1,36.6,32.6,30.1,45,1589,3516
8:34:47,34.1,36.7,32.6,30.1,45,1580,3521
8:35:47,34.3,36.7,32.4,30.2,45,1570,3505
8:36:47,34.4,36.8,32.2,30.2,46,1570,3505
8:37:47,34.4,36.9,32.2,30.2,46,1562,3513
8:38:47,34.5,36.8,32.2,30.1,46,1570,3521
8:39:47,34.5,36.7,32.1,30.1,46,1562,3502
8:40:47,34.5,36.6,32.1,30.1,46,1562,3527
8:41:47,34.6,36.8,32.2,30.1,46,1570,3510
8:42:47,34.6,36.8,32.1,30.1,46,1549,3508
8:43:48,34.6,36.8,32.1,30.3,46,1549,3497
8:44:48,34.6,36.7,32.0,30.1,46,1549,3508
8:45:48,34.5,36.9,32.2,30.2,46,1536,3519
8:46:48,34.6,36.8,32.0,30.3,46,1549,3502
8:47:48,34.7,36.8,32.1,30.2,46,1536,3519
8:48:48,34.6,36.9,32.0,30.2,46,1549,3519
8:49:48,34.6,36.7,32.0,30.3,46,1549,3521
8:50:48,34.6,36.8,32.1,30.3,46,1549,3524
8:51:48,34.6,36.9,32.0,30.3,46,1549,3513
8:52:49,34.7,36.8,32.0,30.3,46,1536,3530
8:53:49,34.7,36.9,32.1,30.3,46,1549,3513
8:54:49,34.6,36.8,32.1,30.2,46,1536,3521
8:55:49,34.8,36.9,32.0,30.3,46,1532,3524
8:56:49,34.0,35.8,32.3,30.2,46,1498,3510
8:57:49,33.2,35.4,33.5,30.5,45,1510,3516
8:58:49,32.7,35.5,34.3,30.7,46,1510,3505
8:59:49,32.4,35.7,35.0,30.8,46,1536,3516
9:0:49,32.1,36.0,35.3,30.9,46,1562,3497
9:1:50,32.1,36.0,35.6,31.0,46,1589,3513
9:2:50,32.1,36.0,35.6,31.2,45,1623,3516
9:3:50,31.9,36.1,35.8,31.3,45,1623,3532
9:4:50,32.1,36.1,36.0,31.4,45,1650,3513
9:5:50,31.9,36.0,35.8,31.4,45,1678,3497
9:6:50,32.0,36.1,35.9,31.5,45,1696,3521
9:7:50,32.0,36.2,36.0,31.5,44,1710,3513
9:8:50,32.2,36.3,36.0,31.6,45,1710,3497
9:9:50,32.2,36.4,36.1,31.6,44,1726,3508
9:10:50,32.1,36.4,36.0,31.6,45,1749,3497
9:11:50,32.1,36.4,36.1,31.6,44,1773,3510
9:12:50,32.1,36.5,36.2,31.8,44,1773,3510
9:13:50,32.2,36.4,36.2,31.7,44,1786,3516
9:14:50,32.3,36.5,36.3,31.7,44,1786,3497
9:15:50,32.1,36.5,36.2,31.7,44,1808,3527
9:16:50,32.2,36.4,36.1,31.8,44,1827,3519
9:17:50,32.2,36.5,36.2,31.9,44,1832,3508
9:18:50,32.3,36.5,36.2,31.9,44,1832,3521
9:19:50,32.3,36.6,36.2,31.8,44,1832,3521
9:20:50,32.2,36.4,36.1,31.9,44,1832,3505
9:21:51,32.2,36.5,36.2,31.8,44,1827,3510
9:22:51,32.2,36.3,36.1,31.9,44,1827,3524
9:23:51,32.1,36.2,36.0,31.8,44,1808,3497
9:24:51,32.2,36.3,35.9,31.7,44,1808,3505
9:25:51,32.2,36.3,35.7,31.5,44,1808,3497
9:26:51,32.2,36.5,35.7,31.5,44,1808,3500
9:27:51,32.3,36.5,35.6,31.3,44,1808,3505
9:28:51,32.3,36.5,35.5,31.3,44,1791,3519
9:29:51,32.4,36.5,35.5,31.3,44,1808,3516
9:30:51,32.4,36.5,35.5,31.1,44,1808,3491
9:31:51,32.5,36.6,35.5,31.2,44,1827,3497
9:32:51,32.3,36.5,35.6,31.2,44,1808,3519
9:33:51,32.4,36.4,35.4,31.2,44,1791,3510
9:34:51,32.5,36.6,35.6,31.2,44,1808,3513
9:35:51,32.6,36.5,35.6,31.1,44,1827,3516
9:36:51,32.5,36.7,35.6,31.2,44,1827,3524
9:37:51,32.6,36.6,35.6,31.2,44,1832,3502
9:38:51,32.6,36.6,35.5,31.2,44,1832,3505
9:39:51,32.6,36.7,35.5,31.2,44,1827,3519
9:40:51,32.6,36.7,35.5,31.1,44,1832,3508
9:41:51,32.6,36.7,35.4,31.2,44,1832,3527
9:42:51,32.7,36.6,35.6,31.2,44,1832,3505
9:43:51,32.6,36.6,35.5,31.2,44,1832,3521
9:44:51,32.5,36.6,35.6,31.3,44,1832,3497
9:45:51,32.6,36.6,35.5,31.1,44,1832,3505
9:46:51,32.3,36.1,35.3,30.8,44,1773,3519
9:47:51,32.8,36.6,34.8,30.6,43,1773,3516
9:48:51,33.0,37.0,34.6,30.3,44,1786,3543
9:49:51,33.3,37.0,34.6,30.3,44,1791,3497
9:50:52,33.4,37.2,34.5,30.3,45,1808,3513
9:51:52,33.7,37.2,34.4,30.3,45,1827,3521
9:52:52,33.9,37.3,34.4,30.2,45,1832,3513
9:53:52,33.9,37.3,34.4,30.3,45,1846,3510
9:54:52,34.0,37.3,34.2,30.1,45,1862,3500
9:55:52,34.1,37.4,34.4,30.2,45,1872,3521
9:56:52,34.2,37.3,34.3,30.2,45,1894,3502
9:57:52,34.2,37.3,34.4,30.2,45,1894,3521
9:58:52,34.2,37.3,34.4,30.2,45,1894,3508
9:59:52,34.3,37.3,34.3,30.3,45,1894,3502
10:0:52,34.3,37.4,34.5,30.3,45,1916,3510
10:1:52,34.3,37.4,34.4,30.2,44,1931,3516
10:2:52,34.5,37.3,34.5,30.3,44,1916,3508
10:3:52,34.4,37.4,34.5,30.3,45,1945,3521
10:4:52,34.5,37.4,34.4,30.3,45,1931,3521
10:5:52,34.5,37.4,34.5,30.3,45,1945,3508
10:6:51,34.4,37.3,34.5,30.4,45,1945,3532
10:7:51,34.5,37.3,34.4,30.4,45,1958,3519
10:8:54,34.2,36.8,34.4,30.3,44,1862,3497
10:9:51,33.5,36.2,35.9,31.1,44,1958,3508
10:10:51,33.1,35.9,36.8,31.8,45,2052,3497
10:11:51,32.9,35.9,37.2,32.2,45,2116,3508
10:12:51,32.7,35.7,37.4,32.7,45,2191,3491
10:13:51,32.6,35.6,37.5,33.0,45,2265,3519
10:14:51,32.6,35.7,37.6,33.2,45,2307,3527
10:15:51,32.6,35.8,37.6,33.4,45,2361,3521
10:16:51,32.6,35.8,37.7,33.5,45,2388,3497
10:17:51,32.7,35.7,37.6,33.6,45,2442,3508
10:18:51,32.6,35.7,37.6,33.4,45,2476,3516
10:19:51,32.6,35.7,37.6,33.6,45,2523,3513
10:20:50,32.6,35.8,37.7,33.6,45,2530,3521
10:21:50,32.6,35.8,37.6,33.6,45,2551,3527
10:22:50,32.7,35.8,37.7,33.7,44,2571,3521
10:23:50,32.6,35.7,37.6,33.6,44,2616,3508
10:24:50,32.7,35.8,37.7,33.6,45,2616,3500
10:25:50,32.6,35.8,37.8,33.6,44,2635,3508
10:26:49,32.6,35.9,37.7,33.7,44,2661,3502
10:27:49,32.7,35.8,37.8,33.7,44,2676,3508
10:28:49,32.7,35.8,37.7,33.7,44,2696,3521
10:29:49,32.6,35.8,37.8,33.7,44,2696,3527
10:30:49,32.7,35.9,37.7,33.7,44,2724,3510
10:31:49,32.8,35.7,37.7,33.6,44,2747,3510
10:32:49,32.8,35.9,37.7,33.8,44,2724,3519
10:33:48,32.6,35.9,37.7,33.7,44,2747,3521
10:34:48,32.7,35.8,37.7,33.8,44,2747,3505
10:35:48,32.7,35.9,37.7,33.6,44,2763,3510
10:36:48,32.6,35.9,37.8,33.6,44,2763,3505
10:37:48,32.7,35.9,37.7,33.7,44,2786,3516
10:38:48,32.7,35.8,37.7,33.8,44,2786,3521
10:39:48,32.7,35.9,37.8,33.8,44,2809,3516
10:40:47,32.7,35.8,37.7,33.8,44,2809,3510
10:41:47,32.7,35.8,37.7,33.7,44,2786,3505
10:42:47,32.8,35.9,37.7,33.7,44,2786,3516
10:43:47,32.7,35.8,37.7,33.8,44,2825,3521
10:44:47,32.7,35.9,37.7,33.8,44,2825,3497
10:45:47,32.7,35.9,37.7,33.8,44,2809,3510
10:46:46,32.6,35.9,37.7,33.7,44,2825,3508
10:47:46,32.8,35.9,37.7,33.7,44,2855,3505
10:48:46,32.8,36.0,37.8,33.8,44,2825,3521
10:49:46,32.8,36.0,37.7,33.8,44,2855,3500
10:50:46,32.8,35.9,37.8,33.8,44,2855,3502
10:51:46,32.8,35.9,37.8,33.8,44,2877,3505
10:52:46,32.8,35.9,37.8,33.7,44,2877,3497
10:53:45,32.8,35.8,37.9,33.8,44,2877,3508
10:54:45,32.8,36.0,37.8,33.7,44,2911,3521
10:55:45,32.8,36.0,37.9,33.8,44,2911,3505
10:56:45,32.8,35.9,37.9,33.8,44,2927,3508
10:57:45,32.7,36.1,37.9,33.8,44,2927,3516
10:58:45,32.8,35.8,37.9,33.7,44,2927,3508
10:59:45,32.6,35.4,37.7,33.6,44,2855,3497
11:0:44,31.9,33.8,36.4,33.1,43,2502,3513
11:1:44,31.3,32.6,35.6,32.7,41,2208,3519
11:2:44,30.7,31.7,34.5,32.3,41,1945,3497
11:3:45,30.0,30.8,33.4,31.5,41,1726,3510
11:4:45,29.4,30.0,32.7,31.1,41,1536,3508
11:5:45,28.8,29.2,32.0,30.5,42,1373,3521
11:6:46,28.4,28.6,31.4,30.0,42,1265,3521
11:7:46,27.9,28.1,30.8,29.6,43,1160,3505
11:8:47,27.5,27.7,30.2,29.0,44,1076,3508
11:9:48,27.2,27.3,29.7,28.7,44,1003,3486
11:10:48,26.7,26.9,29.2,28.2,45,925,3510
11:11:49,26.4,26.5,29.0,27.8,45,863,3508
11:12:50,26.1,26.3,28.6,27.4,46,796,3508
11:13:51,25.7,26.0,28.3,27.1,46,743,3513
11:14:52,25.7,25.8,28.1,26.8,47,703,3505
11:15:53,25.5,25.7,28.1,26.5,48,672,3497
11:16:53,25.3,25.5,27.7,26.2,48,643,3500
11:17:54,25.2,25.6,27.6,26.1,49,624,3505
11:18:55,25.2,25.5,27.4,25.8,49,607,3494
11:19:56,25.0,25.4,27.3,25.6,49,581,3489
11:20:57,25.0,25.4,27.1,25.5,49,557,3497
11:21:58,25.0,25.4,27.2,25.5,50,546,3508
11:22:59,24.9,25.4,27.0,25.3,50,533,3489
11:24:0,24.7,25.3,27.0,25.2,51,517,3500
11:25:2,24.8,25.3,26.9,25.1,51,498,3500
11:26:3,24.8,25.2,26.8,25.0,51,492,3480
11:27:4,24.7,25.2,26.6,24.9,51,483,3486
11:28:5,24.7,25.3,26.4,24.9,52,473,3497
11:29:6,24.7,25.2,26.5,24.8,51,464,3500
11:30:7,24.5,25.2,26.5,24.8,52,454,3486
11:31:8,24.5,25.1,26.3,24.7,52,443,3478
11:32:9,24.5,25.1,26.2,24.6,52,427,3491
11:33:10,24.3,25.1,26.2,24.5,52,422,3491
11:34:11,24.3,25.0,26.1,24.5,52,414,3480
11:35:12,24.4,24.9,26.0,24.5,52,400,3486
11:36:14,24.2,24.9,26.1,24.4,52,490,3475
11:37:15,24.3,24.7,25.9,24.3,52,485,3494
11:38:16,24.2,24.7,25.8,24.3,53,475,3483
11:39:17,24.1,24.7,25.8,24.1,53,470,3489
11:40:18,24.2,24.8,26.0,24.1,53,465,3475
11:41:19,24.3,24.8,25.9,24.1,53,465,3483
11:42:21,24.2,24.7,25.8,24.1,53,455,3494
11:43:22,24.2,24.7,25.7,24.0,53,455,3489
11:44:23,24.1,24.6,25.7,24.0,54,451,3497
11:45:24,24.0,24.5,25.6,23.9,54,443,3500
11:46:25,23.9,24.3,25.4,24.0,54,428,3475
11:47:26,23.7,24.0,25.3,23.7,53,424,3494
11:48:28,23.6,24.0,25.0,23.8,53,410,3483
11:49:29,23.5,23.8,25.0,23.7,53,400,3486
11:50:30,23.5,23.8,24.9,23.6,54,400,3486
11:51:31,23.5,23.9,24.9,23.5,54,400,3489
11:52:33,23.3,23.8,24.8,23.4,54,400,3464
11:53:34,23.2,23.6,24.7,23.3,54,400,3475
11:54:35,23.2,23.3,24.6,23.4,54,400,3475
11:55:36,23.0,23.2,24.4,23.1,55,400,3489
11:56:38,23.0,23.2,24.4,23.1,55,400,3491
11:57:39,22.9,23.1,24.4,23.0,55,400,3475
11:58:40,22.8,23.0,24.2,22.9,55,400,3453
11:59:42,23.6,29.2,24.3,22.7,55,477,3483
12:0:43,25.4,31.9,24.5,22.8,60,587,3483
12:1:44,27.2,33.2,25.0,23.0,61,683,3478
12:2:45,28.6,34.0,25.5,23.4,60,796,3486
12:3:46,29.6,34.4,26.1,23.9,60,910,3475
12:4:46,30.3,34.9,26.6,24.5,59,1018,3480
12:5:47,31.0,35.1,27.2,25.0,58,1154,3505
12:6:47,31.5,35.4,27.6,25.4,57,1279,3494
12:7:48,32.0,35.7,28.1,25.8,57,1408,3480
12:8:48,32.3,35.9,28.5,26.2,56,1524,3486
12:9:49,32.7,36.1,28.8,26.6,56,1644,3505
12:10:49,32.9,36.1,29.3,26.9,55,1791,3500
12:11:49,32.4,36.2,31.5,27.5,55,1940,3491
12:12:49,32.0,36.1,33.3,28.1,56,2098,3491
12:13:50,31.6,36.2,34.6,28.2,55,2214,3497
12:14:50,31.5,36.1,35.0,28.7,55,2349,3500
12:15:50,31.5,36.4,35.5,29.0,54,2502,3500
12:16:50,31.3,36.2,35.8,29.2,55,2608,3500
12:17:50,31.4,36.4,35.9,29.6,54,2711,3510
12:18:51,31.3,36.4,36.1,29.7,54,2855,3491
12:19:51,31.4,36.3,36.1,29.8,54,2951,3502
12:20:51,31.5,36.3,36.1,30.0,54,3083,3500
12:21:51,31.7,36.5,36.2,30.1,54,3188,3497
12:22:51,31.7,36.4,36.2,30.1,54,3340,3500
12:23:51,31.7,36.5,36.4,30.2,54,3453,3497
12:24:51,31.9,36.5,36.5,30.4,54,3566,3505
12:25:51,31.9,36.6,36.6,30.4,54,3678,3505
12:26:52,31.9,36.6,36.6,30.6,54,3741,3497
12:27:52,32.1,36.5,36.7,30.6,54,3854,3497
12:28:52,32.0,36.6,36.7,30.6,53,3995,3505
12:29:52,32.1,36.7,36.7,30.7,54,4072,3505
12:30:52,32.1,36.7,36.7,30.8,53,4210,3497
12:31:52,32.2,36.7,36.7,30.9,53,4303,3510
12:32:52,32.2,36.6,36.9,30.8,53,4360,3510
12:33:52,32.4,36.7,36.8,31.0,53,4419,3491
12:34:52,32.4,36.7,36.9,30.9,53,4509,3510
12:35:52,32.4,36.9,36.7,31.0,53,4569,3494
12:36:52,32.8,37.0,35.6,30.9,53,4752,3516
12:37:52,33.1,37.4,34.8,30.9,53,5106,3500
12:38:52,33.6,37.6,34.3,30.9,54,5338,3494
12:39:52,33.8,37.6,34.0,30.9,54,5515,3516
12:40:52,34.1,37.5,33.8,31.2,54,5729,3516
12:41:52,34.1,37.6,33.6,31.1,54,5951,3500
12:42:52,34.3,37.5,33.6,31.1,54,6201,3510
12:43:52,34.4,37.5,33.4,31.2,54,6285,3513
12:44:52,34.5,37.5,33.5,31.2,53,6522,3516
12:45:52,34.6,37.6,33.4,31.2,53,6661,3502
12:46:51,34.6,37.5,33.5,31.2,53,6790,3502
12:47:51,34.6,37.5,33.5,31.3,53,6951,3483
12:48:51,34.6,37.6,33.6,31.4,53,7086,3505
12:49:51,34.7,37.5,33.5,31.4,53,7086,3508
12:50:51,34.7,37.5,33.6,31.5,52,7181,3497
12:51:51,34.8,37.6,33.6,31.4,52,7348,3527
12:52:51,34.8,37.6,33.6,31.4,52,7348,3513
12:53:51,34.6,37.6,33.6,31.4,52,7483,3510
12:54:50,34.9,37.5,33.6,31.5,52,7483,3513
12:55:50,34.8,37.8,33.6,31.5,51,7483,3494
12:56:50,34.8,37.7,33.6,31.5,51,7649,3513
12:57:50,34.7,37.3,33.5,31.5,51,7483,3500
12:58:50,35.0,37.6,33.4,31.3,50,7649,3505
12:59:50,35.1,37.5,33.3,31.4,51,7649,3502
13:0:50,35.2,37.6,33.2,31.3,51,7649,3500
13:1:49,35.2,37.5,33.1,31.3,51,7753,3505
13:2:49,35.2,37.6,33.1,31.5,51,7753,3505
13:3:49,35.5,37.5,33.0,31.4,51,7753,3505
13:4:49,35.3,37.4,33.0,31.4,51,7753,3489
13:5:49,35.3,37.5,33.1,31.5,51,7753,3516
13:6:49,35.4,37.5,33.1,31.5,50,7753,3510
13:7:49,35.4,37.5,33.1,31.4,50,7931,3521
13:8:48,35.3,37.5,33.0,31.5,50,7931,3497
13:9:48,35.2,37.5,33.1,31.5,50,7931,3513
13:10:48,35.4,37.6,33.1,31.5,50,7931,3516
13:11:48,35.5,37.5,33.1,31.5,50,7931,3491
13:12:48,35.4,37.5,33.1,31.4,51,7931,3513
13:13:48,35.5,37.5,33.1,31.4,50,7992,3510
13:14:47,35.5,37.5,33.2,31.6,50,7985,3486
13:15:47,35.4,37.5,33.2,31.5,50,7985,3505
13:16:47,35.4,37.4,33.2,31.5,50,7985,3500
13:17:47,35.5,37.5,33.0,31.6,50,7985,3497
13:18:47,35.4,37.5,33.1,31.6,50,7985,3500
13:19:47,35.4,37.6,33.1,31.6,50,7985,3502
13:20:47,35.5,37.6,33.2,31.5,50,7992,3502
13:21:46,35.4,37.5,33.2,31.6,50,7985,3510
13:22:46,35.6,37.6,33.2,31.5,50,7854,3505
13:23:46,35.6,37.5,33.1,31.6,50,7985,3505
13:24:46,35.6,37.5,33.2,31.6,49,7985,3491
13:25:46,35.6,37.6,33.3,31.6,50,7985,3500
13:26:46,35.5,37.5,33.3,31.5,50,7985,3519
13:27:45,35.4,37.6,33.2,31.6,50,7985,3510
13:28:45,35.5,37.6,33.2,31.6,49,7985,3519
13:29:45,35.6,37.5,33.3,31.6,49,7985,3527
13:30:45,35.6,37.6,33.3,31.6,49,7985,3505
13:31:45,35.6,37.6,33.2,31.8,49,7985,3513
13:32:45,35.5,37.4,33.2,31.7,49,7985,3519
13:33:44,35.4,37.6,33.3,31.7,49,7985,3510
13:34:44,35.7,37.5,33.2,31.7,49,7985,3508
13:35:44,35.6,37.6,33.2,31.7,49,7985,3502
13:36:44,35.6,37.6,33.3,31.7,49,7985,3508
13:37:44,35.6,37.6,33.3,31.6,49,7992,3524
13:38:43,35.6,37.6,33.4,31.7,49,7985,3524
13:39:43,35.7,37.6,33.4,31.7,49,7985,3502
13:40:43,35.7,37.6,33.4,31.8,49,7985,3516
13:41:43,35.6,37.6,33.3,31.7,49,7985,3497
13:42:43,35.6,37.6,33.3,31.7,49,7985,3505
13:43:43,35.6,37.7,33.3,31.7,49,7992,3527
13:44:42,35.7,37.6,33.3,31.7,49,7985,3527
13:45:42,35.7,37.8,33.6,31.8,49,7813,3508
13:46:42,35.7,37.7,33.4,31.9,49,7813,3500
13:47:42,35.8,37.6,33.4,31.8,49,7985,3508
13:48:42,35.6,37.7,33.4,31.7,49,7985,3508
13:49:42,35.7,37.7,33.4,31.7,49,7985,3510
13:50:41,35.6,37.7,33.5,31.9,49,7813,3497
13:51:41,35.7,37.6,33.5,31.8,49,7985,3508
13:52:41,35.8,37.7,33.5,31.8,49,7985,3521
13:53:41,35.7,37.7,33.4,31.9,49,7985,3497
13:54:41,35.6,37.6,33.5,31.8,49,7985,3516
13:55:40,35.7,37.7,33.5,31.8,49,7985,3510
13:56:40,35.6,37.7,33.5,31.9,49,7985,3500
13:57:40,35.6,37.7,33.6,31.9,49,7992,3502
13:58:40,35.8,37.7,33.5,31.8,49,7813,3513
13:59:40,35.7,37.6,33.5,31.9,49,7813,3505
14:0:40,35.8,37.7,33.5,31.9,49,7813,3521
14:1:39,35.8,37.8,33.5,31.9,49,7813,3524
14:2:39,35.8,37.7,33.5,31.9,48,7985,3521
14:3:39,35.8,37.8,33.6,32.0,48,7985,3505
14:4:39,35.8,37.7,33.5,31.9,49,7985,3497
14:5:39,35.8,37.8,33.6,31.9,49,7985,3494
14:6:38,35.8,37.7,33.5,31.9,49,7985,3508
14:7:38,35.9,37.7,33.6,32.0,48,7985,3502
14:8:38,35.8,37.8,33.6,31.9,48,7985,3510
14:9:38,35.9,37.8,33.6,31.9,48,7985,3519
14:10:38,35.7,37.5,33.6,31.9,48,7813,3510
14:11:37,35.3,37.3,33.4,31.9,48,7236,3508
14:12:37,35.2,37.0,33.3,31.8,48,6984,3491
14:13:37,34.9,36.8,35.2,32.5,48,6984,3502
14:14:37,34.6,36.8,36.6,33.3,50,7369,3500
14:15:37,34.3,36.9,37.0,33.7,50,7649,3510
14:16:37,34.4,37.2,37.4,34.2,51,7985,3508
14:17:37,34.3,37.2,37.6,34.5,51,7992,3513
14:18:36,34.3,37.5,37.8,34.8,51,7992,3513
14:19:36,34.5,37.5,37.8,35.1,51,7992,3521
14:20:36,34.6,37.7,38.1,35.3,52,7992,3510
14:21:36,34.6,37.7,38.0,35.6,52,7992,3516
14:22:35,34.6,37.7,38.2,35.7,52,7992,3521
14:23:35,34.8,37.8,38.1,36.0,52,7992,3491
14:24:35,35.0,37.8,38.3,36.1,52,7992,3505
14:25:34,34.8,37.9,38.3,36.3,52,7992,3508
14:26:34,35.1,38.0,38.3,36.3,52,7992,3502
14:27:33,35.3,37.9,38.3,36.3,52,7992,3516
14:28:33,35.2,38.1,38.3,36.6,52,7992,3510
14:29:33,35.2,38.0,38.4,36.6,52,7992,3508
14:30:32,35.2,38.0,38.4,36.7,52,7992,3513
14:31:32,35.2,38.1,38.5,36.8,53,7985,3521
14:32:31,35.4,38.1,38.5,36.8,52,7992,3521
14:33:31,35.3,38.2,38.5,36.8,53,7992,3521
14:34:31,35.3,38.2,38.5,36.8,52,7984,3510
14:35:30,35.6,37.6,38.4,36.9,52,7984,3502
14:36:30,35.8,37.0,38.5,37.1,52,7992,3497
14:37:29,35.8,36.5,38.6,37.3,52,7985,3513
14:38:29,35.8,36.3,38.6,37.6,52,7985,3521
14:39:28,35.7,36.0,38.5,37.7,52,7992,3505
14:40:28,35.7,36.0,38.5,37.8,52,7985,3510
14:41:28,35.7,35.7,38.4,37.7,52,7985,3502
14:42:27,35.5,35.6,38.5,37.8,52,7985,3519
14:43:27,35.6,35.6,38.5,37.8,52,7985,3505
14:44:26,35.5,35.4,38.5,37.8,52,7985,3521
14:45:26,35.6,35.4,38.3,37.8,52,7985,3532
14:46:26,35.5,35.5,38.5,37.7,52,7985,3519
14:47:25,35.7,35.0,37.3,37.0,52,7531,3521
14:48:25,37.5,35.4,35.9,36.6,50,7391,3532
14:49:24,38.0,35.4,34.9,36.5,50,7264,3521
14:50:24,38.3,35.6,34.4,36.3,50,7126,3502
14:51:24,38.3,35.6,33.9,36.3,51,6869,3502
14:52:23,38.3,35.6,33.5,36.1,50,6745,3521
14:53:23,38.3,35.7,33.2,36.0,50,6628,3513
14:54:23,38.2,35.7,33.0,35.9,50,6387,3521
14:55:22,38.2,35.5,32.9,35.9,50,6273,3513
14:56:22,38.3,35.7,32.7,35.8,50,6189,3505
14:57:22,38.1,35.6,32.6,35.8,50,6076,3497
14:58:21,38.1,35.6,32.4,35.7,51,5985,3524
14:59:21,38.1,35.5,32.5,35.7,51,5889,3521
15:0:21,38.1,35.7,32.4,35.7,51,5756,3505
15:1:21,38.0,35.6,32.4,35.7,51,5663,3521
15:2:20,37.9,35.5,32.3,35.8,51,5663,3516
15:3:20,38.1,35.4,32.3,35.6,51,5488,3510
15:4:20,38.1,35.6,32.2,35.7,51,5388,3530
15:5:19,37.9,35.4,32.2,35.6,51,5388,3519
15:6:19,37.9,35.5,32.2,35.6,51,5292,3519
15:7:19,38.0,35.6,32.2,35.8,51,5292,3519
15:8:19,38.1,35.4,32.0,35.6,51,5207,3519
15:9:18,38.0,35.4,32.0,35.6,51,5207,3502
15:10:18,37.9,35.5,32.2,35.6,51,5126,3516
15:11:18,38.0,35.4,32.0,35.7,51,5126,3500
15:12:18,37.9,35.5,32.1,35.7,51,5031,3502
15:13:17,37.8,35.4,32.0,35.5,51,5031,3508
15:14:17,38.0,35.4,31.9,35.6,51,5031,3516
15:15:17,37.9,35.5,31.9,35.5,51,4945,3513
15:16:17,38.0,35.5,31.9,35.7,51,4945,3508
15:17:16,37.9,35.4,31.9,35.7,51,4945,3521
15:18:16,37.9,35.5,31.9,35.7,51,4945,3521
15:19:16,37.9,35.5,31.9,35.6,51,4945,3527
15:20:16,38.0,35.5,31.9,35.6,51,4945,3516
15:21:15,37.9,35.4,31.9,35.6,52,4945,3505
15:22:15,37.9,35.6,31.9,35.6,52,4854,3521
15:23:15,37.9,35.4,31.9,35.7,52,4854,3513
15:24:15,37.9,35.5,31.9,35.6,52,4854,3502
15:25:14,38.1,35.4,31.8,35.6,52,4854,3497
15:26:14,37.8,35.6,31.9,35.6,52,4788,3516
15:27:14,37.8,35.4,31.9,35.6,52,4788,3513
15:28:14,37.9,35.4,31.9,35.6,52,4788,3513
15:29:13,37.9,35.5,31.9,35.6,52,4788,3519
15:30:13,37.9,35.6,31.9,35.5,52,4715,3505
15:31:13,38.0,35.6,31.8,35.5,52,4715,3516
15:32:12,38.0,35.4,31.8,35.6,52,4715,3521
15:33:12,37.9,35.4,32.0,35.6,51,4715,3516
15:34:12,37.9,35.5,31.8,35.7,52,4715,3510
15:35:12,38.0,35.4,31.9,35.5,51,4715,3491
15:36:11,37.9,35.4,31.9,35.6,51,4715,3516
15:37:11,38.0,35.5,31.9,35.6,51,4622,3510
15:38:11,37.9,35.5,31.8,35.6,51,4715,3513
15:39:11,38.0,35.6,31.9,35.7,51,4622,3516
15:40:10,37.9,35.4,31.9,35.6,51,4622,3510
15:41:10,38.0,35.7,31.8,35.6,51,4622,3530
15:42:10,38.1,35.4,31.9,35.6,51,4622,3508
15:43:10,38.0,35.4,31.9,35.5,51,4622,3521
15:44:9,38.1,35.5,31.9,35.6,51,4622,3521
15:45:9,38.0,35.4,31.9,35.5,51,4622,3497
15:46:9,38.0,35.5,31.8,35.6,51,4573,3505
15:47:9,38.0,35.5,31.8,35.7,51,4573,3521
15:48:8,38.1,35.4,31.9,35.6,51,4573,3513
15:49:8,37.9,35.2,31.9,35.5,51,4492,3508
15:50:8,37.7,35.3,31.9,35.0,51,4415,3497
15:51:8,37.5,35.4,31.9,34.8,50,4339,3513
15:52:7,37.5,35.5,31.9,34.6,50,4222,3519
15:53:7,37.3,35.5,31.8,34.3,50,4146,3508
15:54:7,37.3,35.7,31.8,34.2,50,4146,3508
15:55:7,37.3,35.5,31.8,34.1,50,4072,3521
15:56:7,37.3,35.7,31.6,34.0,50,4002,3510
15:57:6,37.2,35.6,31.7,34.0,50,3956,3508
15:58:6,37.0,35.6,31.5,34.0,49,3956,3497
15:59:6,37.1,35.4,31.5,33.9,49,3883,3521
16:0:6,36.9,35.4,31.8,33.3,49,3780,3494
16:1:6,36.1,35.6,32.5,32.9,49,3712,3483
16:2:6,34.9,35.7,33.0,32.4,49,3555,3505
16:3:6,34.8,37.2,34.0,32.7,48,3670,3510
16:4:6,35.0,37.7,34.8,33.3,50,3839,3521
16:5:5,35.0,37.9,35.6,33.8,49,3956,3508
16:6:5,35.5,38.1,36.0,34.3,49,4146,3508
16:7:5,35.7,38.2,36.4,34.7,49,4339,3497
16:8:5,35.8,38.3,36.7,35.0,48,4492,3508
16:9:4,36.1,38.5,37.0,35.3,48,4573,3516
16:10:4,36.2,38.6,37.2,35.5,48,4788,3508
16:11:4,36.4,38.7,37.4,35.9,48,4854,3497
16:12:3,36.7,38.8,37.5,35.9,48,5031,3510
16:13:3,36.8,38.8,37.6,36.3,48,5126,3519
16:14:3,36.9,38.9,37.7,36.3,48,5292,3497
16:15:2,37.2,38.9,37.9,36.5,47,5388,3500
16:16:2,37.3,39.0,37.9,36.6,47,5488,3505
16:17:1,37.3,39.0,38.1,36.2,47,5566,3521
16:18:1,37.3,39.0,38.1,35.9,47,5566,3516
16:19:0,37.4,39.0,38.1,35.7,47,5663,3521
16:20:0,37.5,39.0,38.2,35.6,46,5663,3497
16:20:59,37.6,38.9,38.2,35.5,46,5663,3497
16:21:59,37.5,38.9,38.1,35.4,46,5663,3521
16:22:58,37.5,39.0,38.1,35.4,46,5663,3505
16:23:58,37.6,39.0,38.0,35.4,46,5663,3519
16:24:57,37.6,38.9,38.1,35.4,46,5663,3524
16:25:57,37.6,39.0,38.2,35.4,46,5663,3502
16:26:57,37.5,39.0,37.9,35.4,46,5756,3513
16:27:56,37.5,38.9,37.9,35.4,46,5756,3519
16:28:56,37.6,39.0,38.0,35.4,46,5756,3497
16:29:55,37.5,38.9,38.1,35.3,46,5663,3508
16:30:55,37.5,39.0,38.0,35.2,46,5663,3513
16:31:54,37.5,39.0,38.1,35.3,46,5663,3502
16:32:54,37.6,39.1,38.0,35.3,46,5663,3513
16:33:53,37.4,39.0,38.0,35.2,45,5663,3502
16:34:53,37.2,38.5,38.0,35.5,45,5488,3475
16:35:52,36.8,38.3,38.4,35.6,45,5488,3513
16:36:52,36.7,38.3,38.6,35.8,46,5566,3513
16:37:52,36.5,38.2,38.7,35.9,46,5566,3527
16:38:51,36.5,38.2,38.9,35.9,46,5663,3516
16:39:51,36.5,38.2,38.8,36.0,46,5663,3521
16:40:50,36.4,38.2,38.8,36.0,46,5663,3524
16:41:50,36.4,38.2,38.9,36.1,46,5663,3519
16:42:50,36.4,38.2,38.9,36.1,46,5663,3497
16:43:49,36.2,38.2,38.9,36.0,46,5663,3513
16:44:49,36.2,38.1,39.1,36.0,46,5663,3508
16:45:48,36.2,38.3,39.0,36.0,46,5663,3505
16:46:48,36.1,38.2,39.0,36.0,46,5663,3513
16:47:47,36.1,38.1,39.1,35.9,46,5663,3508
16:48:47,36.1,38.3,39.0,35.9,45,5663,3519
16:49:47,35.8,37.9,38.8,35.2,45,5488,3505
16:50:46,35.3,37.9,38.5,34.7,45,5126,3513
16:51:46,34.9,37.8,38.2,34.2,45,4854,3508
16:52:46,34.7,37.7,38.0,33.8,44,4622,3502
16:53:46,34.5,37.6,37.8,33.4,45,4415,3521
16:54:45,34.5,37.7,37.7,33.1,45,4290,3524
16:55:45,34.2,37.6,37.7,32.9,45,4146,3505
16:56:45,34.0,37.5,37.6,32.7,45,4002,3502
16:57:45,33.9,37.4,37.4,32.5,45,3839,3508
16:58:45,33.8,37.2,37.3,32.3,45,3780,3519
16:59:45,33.6,37.2,37.3,32.0,45,3670,3508
17:0:45,33.5,36.8,37.4,32.1,45,3555,3494
17:1:45,33.4,36.8,37.8,32.4,45,3489,3513
17:2:45,33.4,36.8,37.9,32.7,46,3489,3497
17:3:45,33.4,36.8,37.9,32.8,47,3489,3513
17:4:44,33.3,36.9,38.1,32.9,47,3440,3521
17:5:44,33.5,36.9,38.2,32.8,46,3440,3508
17:6:44,33.6,36.6,38.2,33.2,47,3440,3513
17:7:44,33.9,36.4,38.3,34.0,47,3670,3521
17:8:44,34.1,36.6,38.4,34.5,48,3780,3530
17:9:44,34.2,36.6,38.6,34.9,48,3956,3513
17:10:44,34.5,36.8,38.6,35.2,48,4146,3524
17:11:43,34.7,36.9,38.8,35.5,48,4290,3527
17:12:43,34.9,37.0,38.9,35.6,48,4339,3513
17:13:43,35.0,37.3,38.8,35.5,48,4492,3461
17:14:42,35.3,38.5,38.2,35.5,48,4492,3527
17:15:42,36.0,38.8,37.6,35.7,47,4622,3508
17:16:42,36.3,39.0,37.3,35.8,47,4715,3508
17:17:41,36.7,39.1,37.1,35.7,47,4788,3521
17:18:41,37.0,39.1,36.9,35.7,47,4854,3516
17:19:40,36.9,39.0,36.8,35.4,47,4945,3505
17:20:40,37.1,39.2,36.9,35.0,47,4945,3510
17:21:40,37.1,39.2,36.9,34.8,47,4854,3521
17:22:39,37.3,39.1,36.8,34.8,47,4945,3497
17:23:39,37.3,39.1,36.9,34.5,46,4945,3524
17:24:38,37.2,39.1,37.0,34.6,46,4945,3510
17:25:38,37.1,39.0,36.9,35.3,46,4788,3494
17:26:38,37.3,39.2,36.6,36.4,45,4788,3513
17:27:37,37.3,39.4,36.3,36.6,45,4715,3510
17:28:37,37.5,39.0,36.1,36.2,45,4715,3478
17:29:36,37.2,39.0,36.2,36.7,45,4492,3516
17:30:36,37.3,39.1,36.6,36.8,44,4492,3543
17:31:36,37.5,39.0,36.9,36.9,45,4415,3527
17:32:35,37.2,38.9,36.6,36.1,45,4415,3508
17:33:35,37.0,39.0,36.5,35.5,45,4492,3527
17:34:34,37.0,39.1,36.6,35.0,46,4622,3521
17:35:34,37.0,39.1,36.4,34.5,47,4715,3521
17:36:34,37.1,39.1,36.4,34.3,47,4788,3524
17:37:33,36.8,39.1,36.6,34.0,47,4788,3521
17:38:33,37.0,39.1,36.4,33.9,47,4788,3519
17:39:33,36.8,39.1,36.3,33.6,47,4854,3508
17:40:32,36.8,39.1,36.4,33.6,48,4854,3510
17:41:32,36.8,39.1,36.2,33.5,48,4854,3510
17:42:32,36.6,39.0,36.3,33.3,48,4854,3521
17:43:31,36.6,38.9,36.2,33.2,48,4854,3521
17:44:31,36.5,38.9,36.2,33.2,47,4788,3502
17:45:31,36.5,38.9,36.2,33.1,48,4854,3510
17:46:30,36.5,38.8,36.2,33.1,48,4788,3530
17:47:30,36.5,38.8,36.1,33.0,48,4854,3500
17:48:30,36.3,38.9,36.1,33.0,48,4788,3516
17:49:29,36.4,38.8,36.1,32.9,48,4788,3516
17:50:29,36.2,38.9,36.1,32.9,48,4788,3513
17:51:29,36.2,38.7,36.0,32.9,48,4788,3510
17:52:29,36.1,38.8,35.8,32.8,48,4788,3516
17:53:28,36.2,38.8,35.9,32.7,48,4788,3519
17:54:28,36.1,38.7,36.0,32.7,48,4788,3508
17:55:28,36.1,38.6,35.8,32.7,48,4788,3527
17:56:28,36.1,38.6,35.9,32.7,48,4788,3513
17:57:27,36.1,38.8,35.9,32.7,49,4788,3516
17:58:27,36.1,38.5,35.8,32.6,48,4788,3508
17:59:27,36.1,38.6,35.7,32.6,48,4788,3519
18:0:26,36.0,38.5,35.7,32.5,48,4788,3502
18:1:26,36.0,38.6,35.8,32.6,49,4788,3524
18:2:26,35.9,38.6,35.8,32.7,49,4788,3502
18:3:26,36.0,38.3,35.7,32.6,49,4788,3483
18:4:25,36.2,37.6,35.5,34.7,49,4788,3519
18:5:25,36.8,36.8,36.0,36.6,48,5031,3527
18:6:25,37.0,36.4,36.4,37.6,49,5126,3500
18:7:24,37.3,36.2,36.6,38.1,49,5292,3513
18:8:24,37.5,36.1,36.9,38.5,49,5488,3513
18:9:23,37.6,36.0,37.3,38.7,49,5566,3502
18:10:23,37.7,36.1,37.4,38.8,49,5663,3521
18:11:23,37.8,36.0,37.6,38.8,49,5756,3519
18:12:22,37.8,36.0,37.7,38.9,49,5889,3524
18:13:22,37.7,36.4,37.8,38.9,49,5985,3505
18:14:21,37.8,36.2,37.9,39.0,49,5985,3524
18:15:21,37.8,36.4,38.0,39.0,48,6076,3505
18:16:20,37.9,36.3,38.1,39.1,48,6189,3527
18:17:19,37.9,36.2,38.1,39.2,48,6189,3505
18:18:19,38.0,36.2,38.3,39.3,48,6273,3510
18:19:18,37.9,36.1,38.3,39.3,48,6273,3513
18:20:18,38.0,36.1,38.2,39.2,48,6273,3508
18:21:17,37.9,36.0,38.3,39.1,48,6273,3508
18:22:17,37.9,36.1,38.3,39.1,48,6387,3516
18:23:16,37.9,36.0,38.2,39.1,48,6387,3543
18:24:16,37.8,35.9,38.2,39.0,48,6273,3521
18:25:16,37.5,35.7,37.9,38.6,48,6189,3489
18:26:15,37.0,36.2,38.4,38.5,47,5889,3513
18:27:14,36.6,36.9,38.6,38.1,46,5663,3521
18:28:14,36.2,37.0,38.6,38.0,46,5488,3513
18:29:13,36.1,37.4,38.5,37.8,46,5388,3521
18:30:13,36.0,37.4,38.6,37.7,46,5207,3524
18:31:13,36.0,37.4,38.6,37.7,46,5126,3524
18:32:12,35.9,37.6,38.5,37.8,46,5126,3510
18:33:12,35.9,37.5,38.6,37.7,46,4945,3527
18:34:12,35.9,37.4,38.6,37.6,46,4945,3521
18:35:11,35.9,37.5,38.6,37.6,46,4854,3530
18:36:11,35.8,37.4,38.5,37.6,46,4788,3530
18:37:10,35.7,37.4,38.7,37.7,46,4788,3521
18:38:10,35.7,37.4,38.6,37.6,46,4715,3519
18:39:10,35.7,37.4,38.5,37.7,46,4622,3527
18:40:9,35.7,37.3,38.4,37.6,46,4622,3519
18:41:9,35.7,37.3,38.6,37.6,46,4622,3519
18:42:9,35.7,37.2,38.6,37.5,46,4573,3524
18:43:8,35.7,37.3,38.6,37.6,46,4492,3508
18:44:8,35.6,37.0,38.5,37.5,46,4492,3513
18:45:8,35.7,37.1,38.6,37.6,46,4492,3530
18:46:7,35.6,37.2,38.5,37.6,46,4415,3510
18:47:7,35.6,36.8,38.5,37.5,46,4415,3532
18:48:7,35.5,37.0,38.4,37.6,46,4339,3530
18:49:6,35.7,37.0,38.5,37.5,46,4339,3530
18:50:6,35.5,36.8,38.5,37.5,46,4290,3519
18:51:6,35.6,36.2,38.3,37.5,46,4222,3519
18:52:5,35.5,36.3,38.2,37.8,45,4290,3516
18:53:5,35.5,36.3,38.2,38.0,46,4339,3516
18:54:4,35.5,36.4,38.2,37.9,47,4415,3527
18:55:4,35.6,36.3,38.2,38.0,47,4492,3521
18:56:4,35.6,36.4,38.2,37.9,47,4573,3510
18:57:3,35.5,36.5,38.3,38.0,46,4573,3513
18:58:3,35.5,36.6,38.3,37.9,46,4573,3508
18:59:2,35.5,36.5,38.2,37.8,46,4573,3516
19:0:2,35.4,36.4,38.4,37.7,46,4573,3521
19:1:2,35.4,36.5,38.2,37.8,46,4573,3524
19:2:1,35.4,36.5,38.2,37.8,46,4573,3519
19:3:1,35.5,36.4,38.2,37.8,46,4573,3516
19:4:1,35.3,36.3,38.2,37.5,45,4573,3521
19:5:0,36.2,36.2,37.6,37.4,46,4415,3500
19:6:0,37.5,36.8,36.9,37.5,45,4492,3532
19:6:59,38.0,37.2,36.4,37.6,45,4492,3530
19:7:59,38.2,37.4,36.3,37.6,45,4492,3508
19:8:59,38.3,37.5,36.2,37.7,46,4492,3524
19:9:58,38.4,37.7,36.0,37.7,46,4492,3516
19:10:58,38.4,37.6,35.9,37.8,46,4492,3519
19:11:57,38.4,37.6,36.0,37.8,46,4492,3510
19:12:57,38.4,37.8,36.0,37.9,46,4573,3519
19:13:57,38.5,37.7,36.0,37.9,46,4573,3491
19:14:56,38.5,37.7,36.1,37.9,46,4492,3510
19:15:56,38.5,37.8,36.1,37.8,46,4573,3527
19:16:55,38.4,37.7,36.2,37.9,46,4573,3519
19:17:55,38.5,37.7,36.1,38.0,46,4573,3524
19:18:54,38.5,37.9,36.2,38.0,46,4573,3530
19:19:54,38.5,37.8,36.4,38.0,46,4573,3508
19:20:53,38.5,37.9,36.4,38.1,46,4573,3527
19:21:53,38.5,37.9,36.4,38.1,46,4622,3524
19:22:53,38.5,37.8,36.5,38.1,46,4622,3524
19:23:52,38.6,37.8,36.3,38.1,46,4622,3532
19:24:52,38.8,37.8,36.4,38.2,46,4622,3516
19:25:51,38.6,37.9,36.6,38.1,46,4622,3538
19:26:51,38.6,37.7,36.4,38.1,46,4622,3505
19:27:50,38.6,37.8,36.4,38.1,46,4715,3519
19:28:50,38.6,37.8,36.5,38.1,46,4715,3532
19:29:49,38.7,37.7,36.6,38.2,46,4715,3510
19:30:49,38.6,37.7,36.5,38.2,46,4715,3519
19:31:48,38.6,37.8,36.4,38.2,46,4715,3519
19:32:48,38.5,37.5,36.1,38.0,46,4715,3467
19:33:47,38.1,36.6,35.9,38.1,46,4573,3516
19:34:47,37.9,35.8,35.8,38.7,46,4492,3527
19:35:47,37.9,35.1,35.5,38.6,46,4339,3516
19:36:46,37.9,34.6,35.2,38.7,46,4290,3535
19:37:46,37.6,34.3,35.1,38.5,46,4146,3508
19:38:46,37.9,34.9,34.6,37.7,47,4072,3521
19:39:45,38.1,35.9,34.7,37.3,47,4146,3524
19:40:45,38.2,36.6,35.0,37.0,47,4222,3508
19:41:44,38.2,37.0,35.1,36.9,47,4290,3508
19:42:44,38.2,37.4,35.3,36.7,47,4339,3510
19:43:44,38.2,37.5,35.5,36.8,47,4339,3508
19:44:43,38.3,37.6,35.7,36.9,47,4339,3513
19:45:43,38.3,37.7,35.8,36.7,46,4415,3532
19:46:42,38.2,37.7,36.1,36.9,46,4415,3524
19:47:42,38.3,37.8,36.0,36.8,46,4492,3508
19:48:41,38.4,37.9,36.1,36.9,45,4492,3530
19:49:41,38.3,37.8,36.0,36.8,45,4492,3521
19:50:41,38.4,37.9,36.2,36.8,45,4492,3543
19:51:40,38.3,37.8,36.3,37.0,45,4573,3527
19:52:40,38.4,38.0,36.2,36.9,45,4573,3527
19:53:39,38.5,37.9,36.2,36.9,45,4573,3508
19:54:39,38.3,37.9,36.2,37.0,45,4573,3513
19:55:38,38.4,38.0,36.3,36.9,45,4573,3508
19:56:38,38.3,38.0,36.2,36.8,44,4573,3497
19:57:37,38.4,37.9,36.2,36.8,44,4573,3527
19:58:37,38.5,37.9,36.1,36.8,44,4573,3505
19:59:37,38.4,37.9,36.1,36.8,44,4492,3521
20:0:36,38.3,37.9,36.0,36.9,44,4492,3508
20:1:36,38.3,37.8,36.2,36.9,44,4492,3502
20:2:35,38.4,37.8,36.2,36.8,44,4415,3519
20:3:35,38.3,37.9,36.0,36.8,43,4415,3521
20:4:34,38.3,37.8,36.0,36.8,43,4339,3497
20:5:34,38.3,37.9,35.9,36.7,44,4339,3497
20:6:33,38.3,37.8,36.1,36.7,44,4339,3510
20:7:33,38.3,37.7,35.8,36.5,44,4290,3513
20:8:33,38.4,37.7,35.8,36.6,44,4290,3513
20:9:32,38.4,37.5,35.7,36.6,43,4222,3521
20:10:32,38.2,37.6,35.4,36.6,43,4222,3508
20:11:31,38.2,37.4,35.2,36.4,43,4146,3508
20:12:31,38.3,37.4,35.3,36.3,43,4072,3508
20:13:31,38.1,37.4,35.2,36.3,43,4002,3508
20:14:30,38.3,37.4,35.1,36.3,43,4072,3519
20:15:30,38.1,37.4,35.1,36.1,43,3956,3521
20:16:29,38.2,37.4,35.1,36.2,43,3956,3521
20:17:29,38.2,37.4,35.0,36.1,43,3883,3519
20:18:29,38.1,37.0,34.9,36.1,43,3883,3497
20:19:28,38.1,37.3,34.9,36.0,44,3839,3516
20:20:28,37.9,37.2,34.8,36.1,43,3839,3510
20:21:27,38.0,37.2,34.9,36.0,43,3780,3500
20:22:27,38.0,37.0,34.7,36.0,43,3712,3532
20:23:27,38.0,37.0,34.6,36.1,43,3712,3519
20:24:26,38.0,37.1,34.5,36.0,44,3670,3513
20:25:26,38.0,36.9,34.6,36.0,43,3670,3502
20:26:26,38.0,37.0,34.5,35.7,43,3604,3519
20:27:25,38.0,36.8,34.5,35.9,44,3604,3513
20:28:25,38.1,36.9,34.4,35.8,43,3555,3516
20:29:24,37.8,37.0,34.3,35.9,43,3489,3519
20:30:24,37.8,36.8,34.3,35.7,43,3489,3532
20:31:24,37.8,36.8,34.3,35.7,43,3440,3524
20:32:23,37.9,36.7,34.2,35.7,43,3440,3513
20:33:23,37.9,36.6,34.2,35.6,43,3394,3521
20:34:23,37.9,36.7,34.0,35.6,43,3394,3521
20:35:22,37.9,36.6,34.2,35.6,43,3362,3516
20:36:22,37.8,36.7,34.1,35.6,44,3318,3516
20:37:22,37.8,36.7,34.0,35.5,43,2929,3508
20:38:21,37.8,36.5,34.1,35.5,43,2929,3521
20:39:21,37.8,36.7,33.9,35.6,43,2929,3497
20:40:21,37.8,36.7,33.8,35.6,43,2885,3510
20:41:20,37.7,36.6,33.8,35.4,44,2837,3519
20:42:20,37.7,36.6,34.0,35.5,43,2837,3521
20:43:20,37.7,36.4,33.9,35.5,43,2837,3521
20:44:20,37.8,36.5,33.8,35.4,43,2807,3519
20:45:19,37.8,36.5,33.8,35.4,43,2807,3524
20:46:19,37.7,36.5,33.8,35.4,43,2760,3513
20:47:19,37.7,36.4,33.7,35.5,43,2760,3516
20:48:18,37.7,36.4,33.7,35.4,44,2760,3521
20:49:18,37.7,36.4,33.6,35.4,43,2730,3516
20:50:18,37.7,36.4,33.6,35.4,44,2730,3532
20:51:17,37.7,36.4,33.5,35.3,44,2730,3502
20:52:17,37.7,36.4,33.6,35.5,43,2696,3521
20:53:17,37.7,36.3,33.5,35.5,43,2696,3519
20:54:17,37.7,36.2,33.5,35.2,43,2650,3510
20:55:16,37.7,36.3,33.5,35.4,43,2650,3497
20:56:16,37.6,36.3,33.5,35.3,43,2650,3516
20:57:16,37.7,36.2,33.4,35.3,43,2623,3527
20:58:15,37.6,36.3,33.4,35.3,43,2623,3516
20:59:15,37.6,36.2,33.3,35.3,44,2623,3510
21:0:15,37.5,36.3,33.5,35.3,43,2583,3516
21:1:15,37.6,36.2,33.4,35.2,43,2583,3502
21:2:14,37.6,36.2,33.4,35.4,43,2583,3516
21:3:14,37.6,36.1,33.3,35.4,44,2556,3497
21:4:14,37.5,36.2,33.3,35.2,44,2556,3508
21:5:13,37.6,36.2,33.2,35.2,43,2556,3513
21:6:13,37.5,36.1,33.3,35.3,43,2528,3521
21:7:13,37.5,36.1,33.4,35.4,44,2528,3521
21:8:13,37.5,36.1,33.3,35.6,43,2528,3521
21:9:12,37.5,36.1,33.1,35.5,44,2528,3502
21:10:12,37.5,36.0,33.1,35.5,44,2528,3519
21:11:12,37.5,36.0,33.2,35.5,44,2528,3519
21:12:12,37.6,35.9,33.2,35.4,44,2487,3516
21:13:11,37.5,36.0,33.1,35.5,44,2487,3521
21:14:11,37.6,36.0,33.1,35.5,43,2487,3513
21:15:11,37.6,35.9,33.0,35.4,44,2487,3510
21:16:11,37.5,35.8,33.1,35.7,44,2487,3527
21:17:10,37.5,35.9,33.1,35.7,44,2487,3521
21:18:10,37.5,35.9,33.2,35.9,44,2487,3510
21:19:10,37.6,35.8,33.1,35.9,44,2487,3516
21:20:9,37.5,35.8,33.2,35.9,44,2487,3508
21:21:9,37.6,35.8,33.1,36.0,44,2456,3510
21:22:9,37.5,35.8,33.0,35.8,44,2456,3510
21:23:9,37.5,35.7,33.0,35.9,44,2456,3516
21:24:8,37.6,35.8,33.1,35.9,44,2456,3519
21:25:8,37.7,35.8,33.0,35.9,44,2456,3516
21:26:8,37.5,35.9,33.0,35.9,44,2456,3502
21:27:8,37.6,35.7,33.1,35.9,44,2456,3521
21:28:7,37.6,35.8,33.0,36.0,44,2456,3510
21:29:7,37.5,35.8,33.0,36.0,44,2456,3516
21:30:7,37.5,35.8,32.9,35.9,44,2456,3516
21:31:6,37.5,35.9,33.0,35.9,44,2456,3505
21:32:6,37.6,35.8,33.0,36.0,44,2427,3497
21:33:6,37.6,35.8,33.0,35.9,44,2427,3505
21:34:6,37.6,35.8,33.0,35.9,44,2427,3521
21:35:5,37.6,35.8,32.9,36.0,44,2427,3516
21:36:5,37.6,35.8,32.9,35.9,44,2427,3505
21:37:5,37.6,35.9,32.9,35.8,44,2390,3519
21:38:5,37.5,35.7,32.7,35.9,44,2427,3521
21:39:4,37.5,35.7,32.9,36.1,44,2427,3516
21:40:4,37.5,35.7,32.9,35.8,44,2390,3497
21:41:4,37.6,35.7,32.7,35.9,44,2390,3527
21:42:3,37.5,35.7,32.8,35.8,44,2390,3505
21:43:3,37.6,35.7,32.7,35.9,44,2390,3508
21:44:3,37.5,35.7,32.8,36.0,44,2361,3521
21:45:3,37.7,35.6,32.8,35.9,44,2390,3516
21:46:2,37.5,35.6,32.8,35.8,44,2361,3516
21:47:2,37.5,35.7,32.8,35.9,44,2361,3508
21:48:2,37.6,35.6,32.8,36.0,44,2361,3513
21:49:2,37.6,35.7,32.7,35.9,44,2361,3519
21:50:1,37.5,35.6,32.7,35.9,44,2361,3521
21:51:1,37.4,35.6,32.8,35.9,44,2324,3513
21:52:1,37.5,35.6,32.6,35.9,44,2324,3519
21:53:1,37.3,35.1,32.7,35.8,44,2324,3510
21:54:0,37.4,35.7,33.2,35.2,44,2361,3508
21:55:0,37.4,36.5,33.2,34.8,45,2361,3519
21:56:0,37.4,36.9,33.0,34.1,45,2361,3538
21:57:0,37.5,37.1,32.8,33.9,45,2324,3521
21:57:59,37.4,37.1,32.7,33.6,45,2300,3527
21:58:59,37.4,37.2,32.8,33.4,45,2300,3497
21:59:59,37.3,37.0,32.6,33.2,45,2270,3502
22:0:59,37.3,37.2,32.7,33.1,46,2270,3508
22:1:59,37.3,37.2,32.6,33.0,45,2242,3502
22:2:59,37.3,37.2,32.5,33.0,46,2242,3516
22:3:58,37.3,37.0,32.4,32.9,46,2212,3516
22:4:58,37.3,36.9,32.4,32.8,46,2212,3508
22:5:58,37.2,37.0,32.4,32.8,46,2189,3516
22:6:58,37.2,37.0,32.4,32.7,46,2189,3502
22:7:58,37.2,37.0,32.3,32.6,46,2189,3505
22:8:58,37.0,37.0,32.3,32.7,46,2189,3521
22:9:58,37.1,37.0,32.4,32.6,46,2158,3502
22:10:57,36.9,37.0,32.2,32.6,46,2158,3513
22:11:57,37.1,37.1,32.2,32.4,46,2158,3508
22:12:57,37.2,36.9,32.2,32.5,46,2134,3513
22:13:57,37.0,37.1,32.2,32.4,47,2158,3516
22:14:57,36.9,36.8,32.2,32.5,46,2134,3521
22:15:57,37.0,37.0,32.2,32.4,47,2134,3543
22:16:57,37.0,36.9,32.2,32.4,47,2134,3519
22:17:57,37.0,36.8,32.1,32.4,47,2134,3502
22:18:56,37.0,36.9,32.2,32.3,47,2134,3508
22:19:56,37.0,36.9,32.2,32.4,47,2134,3524
22:20:56,37.0,37.0,32.1,32.4,47,2104,3494
22:21:56,37.0,37.0,32.1,32.4,47,2134,3513
22:22:56,37.0,36.9,32.1,32.4,47,2134,3516
22:23:56,37.2,36.9,32.2,32.3,47,2104,3521
22:24:56,37.0,36.9,32.2,32.3,47,2104,3527
22:25:56,37.2,37.0,32.0,32.3,47,2104,3516
22:26:56,37.1,37.0,32.1,32.4,47,2104,3516
22:27:56,37.1,37.0,32.2,32.2,47,2104,3535
22:28:55,36.9,37.0,32.1,32.3,47,2104,3527
22:29:55,37.1,36.9,32.1,32.3,47,2082,3510
22:30:55,37.0,37.0,32.1,32.1,47,2082,3510
22:31:55,37.0,37.0,32.2,32.2,47,2104,3513
22:32:55,37.1,36.9,32.1,32.1,47,2104,3508
22:33:55,37.0,36.9,32.1,32.2,47,2082,3513
22:34:55,37.0,36.8,32.1,32.2,47,2104,3497
22:35:55,37.0,37.0,32.2,32.2,47,2104,3527
22:36:55,36.9,36.9,32.0,32.2,47,2104,3497
22:37:55,37.1,37.0,32.0,32.1,47,2082,3505
22:38:54,37.0,37.0,32.1,32.2,47,2082,3521
22:39:54,37.0,37.0,32.1,32.1,47,2082,3497
22:40:54,36.9,37.1,32.0,32.2,47,2082,3521
22:41:54,37.0,37.0,32.1,32.2,47,2082,3508
22:42:54,37.0,36.8,32.1,32.1,47,2082,3494
22:43:54,37.0,37.0,32.0,32.2,47,2082,3524
22:44:54,37.1,37.0,31.9,32.2,47,2082,3505
22:45:54,37.3,37.2,32.0,32.2,47,2104,3524
22:46:54,37.2,36.9,32.0,32.1,47,2082,3513
22:47:54,37.2,37.0,32.1,32.1,47,2104,3521
22:48:54,37.3,37.0,32.1,32.2,47,2104,3508
22:49:53,37.2,37.0,32.1,32.1,47,2104,3508
22:50:53,37.2,37.1,32.1,32.1,47,2104,3510
22:51:53,37.1,36.8,32.1,32.3,47,2104,3510
22:52:53,37.1,35.9,31.7,32.9,47,2104,3516
22:53:53,37.2,35.4,31.3,33.4,47,2134,3497
22:54:53,37.2,35.2,31.0,34.0,48,2134,3519
22:55:53,37.3,35.2,30.9,34.2,48,2158,3516
22:56:53,37.3,35.0,30.6,34.5,48,2134,3497
22:57:52,37.4,34.9,30.5,34.5,48,2134,3510
22:58:52,37.2,34.8,30.6,34.6,49,2158,3508
22:59:52,37.3,34.9,30.5,34.6,48,2134,3508
23:0:52,37.3,34.9,30.6,34.6,48,2158,3502
23:1:52,37.3,34.9,30.4,34.7,49,2158,3513
23:2:52,37.3,34.8,30.4,34.7,49,2158,3502
23:3:52,37.4,34.7,30.4,34.7,49,2134,3521
23:4:51,37.3,34.7,30.4,34.6,49,2134,3508
23:5:51,37.3,34.7,30.5,34.8,49,2134,3502
23:6:51,37.2,34.6,30.4,34.6,49,2134,3519
23:7:51,37.3,34.6,30.5,34.8,49,2134,3532
23:8:51,37.3,34.8,30.4,34.6,49,2134,3519
23:9:51,37.3,34.7,30.4,34.7,49,2134,3521
23:10:50,37.3,34.7,30.5,34.8,49,2134,3497
23:11:50,37.3,34.8,30.5,34.6,49,2134,3510
23:12:50,37.3,34.7,30.4,34.6,49,2134,3510
23:13:50,37.4,34.7,30.4,34.7,49,2134,3510
23:14:50,37.3,34.7,30.3,34.7,49,2134,3508
23:15:50,37.3,34.7,30.3,34.6,49,2104,3519
23:16:50,37.3,34.6,30.3,34.6,49,2134,3524
23:17:49,37.2,34.7,30.3,34.6,49,2134,3510
23:18:49,37.3,34.7,30.4,34.6,49,2134,3516
23:19:49,37.3,34.6,30.4,34.7,49,2134,3497
23:20:49,37.2,34.7,30.4,34.7,49,2134,3527
23:21:49,37.4,34.7,30.3,34.7,49,2134,3508
23:22:49,37.3,34.6,30.4,34.7,49,2104,3508
23:23:49,37.3,34.8,30.3,34.8,49,2134,3521
23:24:48,37.2,34.7,30.3,34.7,49,2134,3527
23:25:48,37.3,34.7,30.5,34.7,49,2134,3524
23:26:48,37.3,34.7,30.4,34.8,49,2134,3516
23:27:48,37.2,34.8,30.4,34.7,49,2134,3521
23:28:48,37.4,34.8,30.4,34.6,49,2134,3524
23:29:48,37.2,34.8,30.4,34.7,49,2134,3508
23:30:48,37.3,34.7,30.3,34.7,49,2134,3508
23:31:47,37.3,34.8,30.3,34.6,49,2104,3519
23:32:47,37.3,34.8,30.4,34.6,49,2134,3516
23:33:47,37.3,34.9,30.5,34.7,49,2104,3502
23:34:47,37.2,34.7,30.3,34.6,49,2104,3521
23:35:47,37.0,34.8,30.3,34.6,49,2104,3516
23:36:47,37.3,34.8,30.4,34.7,49,2104,3494
23:37:47,37.4,34.9,30.3,34.6,49,2134,3538
23:38:46,37.2,34.8,30.3,34.6,49,2104,3510
23:39:46,37.4,34.7,30.4,34.7,49,2104,3527
23:40:46,37.3,34.8,30.3,34.7,49,2104,3521
23:41:46,37.4,34.8,30.5,34.7,49,2104,3521
23:42:46,37.3,34.8,30.4,34.7,49,2134,3513
23:43:46,37.3,34.8,30.4,34.7,49,2134,3521
23:44:46,37.4,34.8,30.3,34.7,49,2104,3519
23:45:45,37.4,34.8,30.4,34.8,49,2134,3497
23:46:45,37.3,34.8,30.3,34.8,49,2134,3516
23:47:45,37.3,34.8,30.3,34.8,49,2134,3519
23:48:45,37.4,34.8,30.4,34.8,49,2134,3508
23:49:45,37.3,34.8,30.5,34.8,49,2134,3519
23:50:45,37.3,34.9,30.3,34.7,49,2134,3519
23:51:45,37.3,34.9,30.4,34.7,49,2134,3516
23:52:44,37.4,34.9,30.4,34.8,49,2134,3519
23:53:44,37.5,34.9,30.4,34.7,49,2134,3519
23:54:44,37.4,34.9,30.5,34.8,49,2158,3516
23:55:44,37.4,34.9,30.4,34.8,49,2134,3527
23:56:44,37.4,34.6,30.4,34.8,49,2134,3524
23:57:44,37.4,34.8,30.4,34.7,49,2134,3521
23:58:43,37.4,34.7,30.4,34.8,49,2134,3513
23:59:43,37.3,34.9,30.4,34.8,49,2134,3508
0:0:43,37.4,34.9,30.4,34.8,49,2134,3521
