0:1:43,37.4,34.8,30.4,34.8,49,2134,3513
0:2:43,37.4,34.9,30.5,34.7,49,2134,3505
0:3:43,37.3,34.9,30.4,34.9,49,2134,3513
0:4:43,37.4,34.9,30.4,34.7,49,2134,3502
0:5:42,37.5,34.9,30.4,34.7,49,2134,3519
0:6:42,37.4,34.7,30.4,34.8,49,2134,3513
0:7:42,37.2,34.9,30.5,34.6,49,2134,3516
0:8:42,37.3,34.8,30.5,34.7,49,2134,3521
0:9:42,37.3,34.9,30.5,34.7,49,2134,3513
0:10:42,37.3,34.8,30.5,34.8,49,2134,3505
0:11:41,37.4,34.9,30.3,34.8,49,2134,3519
0:12:41,37.4,34.9,30.3,34.8,49,2134,3513
0:13:41,37.4,34.8,30.5,34.7,49,2134,3508
0:14:41,37.3,34.8,30.3,34.7,49,2134,3516
0:15:41,37.4,34.8,30.4,34.8,49,2134,3510
0:16:41,37.3,34.8,30.5,34.7,49,2134,3521
0:17:40,37.4,34.9,30.3,34.8,49,2134,3519
0:18:40,37.3,34.9,30.4,34.7,49,2134,3527
0:19:40,37.4,34.9,30.3,34.8,49,2134,3516
0:20:40,37.4,34.8,30.4,34.9,49,2134,3508
0:21:40,37.4,34.8,30.5,34.8,49,2134,3521
0:22:40,37.3,34.6,30.6,34.9,49,2158,3508
0:23:39,36.9,33.9,30.8,34.8,50,2104,3508
0:24:39,36.8,33.6,30.9,35.1,49,2060,3510
0:25:39,36.7,33.1,30.9,35.2,49,2060,3516
0:26:39,36.5,32.8,31.0,35.3,49,2000,3513
0:27:39,36.3,32.6,30.9,35.1,49,2000,3527
0:28:39,36.2,32.4,30.9,35.3,49,1975,3527
0:29:39,36.2,32.3,30.8,35.2,49,1950,3521
0:30:39,36.1,32.2,30.7,35.1,49,1925,3505
0:31:39,36.0,32.1,30.7,35.1,50,1910,3513
0:32:39,36.0,32.1,30.6,35.2,50,1885,3519
0:33:39,36.0,31.9,30.6,35.1,50,1859,3521
0:34:39,35.9,31.9,30.7,35.0,50,1859,3513
0:35:39,36.1,31.8,30.6,35.1,50,1840,3516
0:36:39,36.0,31.8,30.4,35.0,50,1840,3510
0:37:39,35.7,31.7,30.4,34.8,50,1813,3505
0:38:39,35.9,31.7,30.3,35.0,50,1813,3521
0:39:39,35.7,31.4,30.6,35.6,50,1792,3510
0:40:39,35.4,30.8,31.2,36.9,50,1813,3521
0:41:38,35.3,30.6,31.7,37.4,51,1859,3505
0:42:38,35.3,30.6,31.9,37.6,51,1885,3475
0:43:38,35.2,30.5,32.2,37.5,51,1925,3516
0:44:38,35.3,30.5,32.3,37.6,51,1925,3513
0:45:38,35.3,30.6,32.4,37.7,51,1950,3505
0:46:38,35.3,30.6,32.7,37.6,51,1975,3508
0:47:38,35.4,30.6,32.7,37.6,51,2000,3519
0:48:38,35.4,30.6,32.8,37.7,51,2000,3510
0:49:38,35.4,30.7,32.8,37.7,51,2021,3532
0:50:38,35.5,30.7,32.7,37.7,51,2060,3519
0:51:38,35.5,30.7,32.8,37.7,51,2060,3500
0:52:37,35.5,30.6,32.9,37.6,51,2060,3516
0:53:37,35.5,30.7,32.9,37.7,51,2082,3510
0:54:37,35.6,30.7,32.9,37.7,51,2082,3521
0:55:37,35.4,30.6,32.9,37.6,51,2082,3524
0:56:37,35.5,30.8,32.9,37.8,51,2104,3521
0:57:37,35.7,30.8,32.9,37.7,51,2104,3510
0:58:37,35.6,30.7,33.0,37.8,51,2134,3502
0:59:36,35.5,30.8,33.0,37.8,51,2134,3510
1:0:36,35.5,30.8,32.9,37.9,51,2134,3521
1:1:36,35.6,30.8,33.0,37.7,51,2158,3510
1:2:36,35.6,30.7,32.9,37.7,51,2134,3502
1:3:36,35.5,30.7,33.0,37.7,51,2134,3508
1:4:36,35.7,30.8,33.0,37.7,51,2158,3516
1:5:36,35.5,30.9,32.9,37.7,51,2158,3510
1:6:36,35.6,30.8,33.0,37.7,51,2158,3516
1:7:35,35.6,30.8,33.2,37.7,51,2158,3500
1:8:35,35.6,30.7,33.0,37.7,51,2189,3521
1:9:35,35.6,30.7,33.0,37.8,51,2158,3521
1:10:35,35.6,30.8,33.1,37.8,51,2158,3502
1:11:35,35.7,30.7,33.0,37.7,51,2189,3516
1:12:35,35.6,30.8,33.1,37.7,51,2189,3510
1:13:35,35.6,30.8,33.1,37.8,51,2189,3519
1:14:34,35.6,30.8,33.0,37.8,51,2189,3510
1:15:34,35.6,30.9,33.1,37.7,51,2189,3505
1:16:34,35.6,30.8,33.1,37.8,51,2189,3516
1:17:34,35.6,30.8,33.1,37.7,51,2189,3516
1:18:34,35.7,30.8,33.0,37.7,51,2189,3491
1:19:34,35.7,30.8,33.0,37.8,51,2189,3505
1:20:34,35.6,30.8,33.0,37.6,51,2189,3510
1:21:33,35.6,30.8,33.1,37.8,51,2189,3521
1:22:33,35.7,30.8,33.0,37.8,51,2189,3516
1:23:33,35.6,30.8,33.0,37.8,51,2189,3521
1:24:33,35.7,30.8,33.2,37.8,51,2189,3497
1:25:33,35.7,30.8,33.1,37.7,51,2212,3508
1:26:33,35.7,30.8,33.2,37.7,51,2189,3527
1:27:32,35.7,30.8,32.9,37.7,50,2212,3519
1:28:32,35.7,30.8,33.1,37.7,51,2189,3510
1:29:32,35.7,30.8,33.0,37.7,50,2212,3519
1:30:32,35.6,30.8,33.1,37.7,51,2189,3497
1:31:32,35.7,30.8,33.1,37.6,51,2212,3508
1:32:32,35.6,30.9,33.1,37.8,50,2189,3510
1:33:32,35.7,30.8,33.1,37.8,51,2212,3521
1:34:31,35.6,30.8,33.0,37.7,51,2189,3508
1:35:31,35.6,30.8,33.0,37.8,51,2212,3513
1:36:31,35.6,30.8,33.0,37.8,51,2212,3500
1:37:31,35.7,30.6,33.0,37.9,50,2212,3519
1:38:31,35.7,30.8,33.0,37.7,51,2189,3505
1:39:31,35.6,30.9,33.0,37.8,51,2212,3510
1:40:31,35.8,30.8,33.1,37.8,51,2212,3521
1:41:30,35.8,30.8,33.1,37.8,51,2212,3502
1:42:30,35.6,30.8,33.0,37.8,50,2212,3508
1:43:30,35.7,30.8,33.0,37.8,51,2212,3513
1:44:30,35.7,30.8,33.1,37.8,51,2212,3502
1:45:30,35.7,30.7,33.2,37.7,51,2212,3532
1:46:30,35.6,30.9,33.1,37.9,51,2212,3516
1:47:29,35.7,30.9,33.0,37.8,51,2212,3530
1:48:29,35.7,30.8,33.1,37.7,51,2212,3521
1:49:29,35.8,30.9,33.0,37.7,51,2212,3521
1:50:29,35.8,30.8,33.1,37.8,51,2212,3524
1:51:29,35.7,30.8,33.0,37.8,51,2212,3508
1:52:29,35.7,30.8,33.1,37.8,51,2212,3508
1:53:29,35.8,30.8,33.1,37.7,51,2212,3513
1:54:28,35.7,30.8,33.0,37.8,51,2212,3521
1:55:28,35.7,30.8,33.0,37.7,51,2189,3521
1:56:28,35.7,30.8,33.2,37.9,51,2212,3505
1:57:28,35.8,30.8,33.0,37.9,51,2212,3516
1:58:28,35.8,30.8,32.9,37.9,51,2212,3505
1:59:28,35.8,30.9,33.1,37.9,51,2212,3521
2:0:27,35.8,30.7,33.1,37.8,50,2212,3500
2:1:27,35.7,30.7,33.0,38.0,50,2212,3521
2:2:27,35.7,30.9,33.1,37.9,51,2242,3521
2:3:27,35.8,30.8,33.2,37.9,50,2242,3508
2:4:27,35.7,30.8,33.0,37.8,51,2212,3508
2:5:27,35.7,30.9,33.1,37.8,51,2212,3497
2:6:26,35.9,30.8,33.0,37.9,51,2212,3532
2:7:26,35.8,31.0,33.0,38.0,51,2212,3497
2:8:26,35.8,30.8,33.1,37.9,50,2212,3516
2:9:26,35.5,31.1,33.6,37.6,51,2189,3505
2:10:26,35.1,31.0,33.8,37.9,51,2212,3497
2:11:26,35.0,30.9,34.1,37.9,51,2212,3513
2:12:25,34.9,30.9,34.2,38.1,50,2212,3513
2:13:25,34.9,30.9,34.4,37.9,50,2242,3513
2:14:25,34.8,30.8,34.5,38.1,50,2242,3521
2:15:25,34.9,30.9,34.5,38.1,50,2270,3502
2:16:25,34.7,30.9,34.5,38.1,50,2270,3516
2:17:25,34.8,31.0,34.6,38.2,50,2270,3513
2:18:24,34.8,30.9,34.6,38.1,50,2270,3497
2:19:24,35.0,31.0,34.7,38.2,50,2300,3502
2:20:24,35.0,31.1,34.7,38.1,50,2300,3513
2:21:24,35.0,31.0,34.6,38.1,50,2300,3543
2:22:24,35.0,31.0,34.7,38.1,50,2300,3516
2:23:24,34.9,30.9,34.6,38.1,50,2300,3505
2:24:23,34.8,31.1,34.7,38.1,50,2300,3502
2:25:23,34.9,30.9,34.7,38.1,49,2300,3508
2:26:23,34.9,31.0,34.7,38.1,49,2300,3516
2:27:23,34.9,31.1,34.7,38.1,49,2300,3521
2:28:23,35.0,31.0,34.7,38.1,49,2300,3508
2:29:22,34.8,31.1,34.6,38.0,49,2324,3508
2:30:22,34.9,31.0,34.8,38.2,50,2324,3502
2:31:22,34.9,30.9,34.6,38.1,49,2324,3505
2:32:22,35.0,31.0,34.6,38.1,50,2324,3516
2:33:22,35.0,31.0,34.6,38.2,49,2324,3502
2:34:22,34.9,31.0,34.6,38.1,49,2324,3508
2:35:21,35.0,31.0,34.8,38.1,49,2324,3516
2:36:21,34.9,31.0,34.8,38.2,49,2324,3502
2:37:21,34.8,31.0,34.6,38.2,49,2324,3519
2:38:21,35.0,31.0,34.7,38.2,49,2324,3508
2:39:21,35.0,31.0,34.8,38.2,49,2324,3521
2:40:20,34.9,31.0,34.7,38.2,49,2324,3521
2:41:20,35.0,31.0,34.8,38.2,49,2324,3510
2:42:20,34.9,30.9,34.8,38.2,49,2324,3516
2:43:20,34.9,30.9,34.7,38.2,49,2324,3508
2:44:20,34.9,31.1,34.8,38.3,49,2361,3510
2:45:20,35.0,31.0,34.6,38.3,49,2324,3500
2:46:19,35.0,31.1,34.7,38.2,49,2361,3510
2:47:19,34.9,31.0,34.8,38.3,49,2361,3521
2:48:19,35.0,31.0,34.8,38.2,49,2324,3491
2:49:19,35.0,30.9,34.8,38.4,49,2361,3521
2:50:19,34.9,31.0,34.8,38.4,49,2361,3516
2:51:18,34.9,31.2,34.7,38.3,49,2361,3502
2:52:18,34.9,31.0,34.7,38.3,49,2361,3505
2:53:18,34.9,31.0,34.9,38.4,49,2361,3497
2:54:18,35.0,31.1,34.8,38.3,49,2361,3530
2:55:18,34.7,31.1,34.9,37.6,49,2300,3502
2:56:18,34.3,30.8,34.7,37.9,48,2242,3510
2:57:17,34.2,30.7,34.7,38.0,48,2189,3508
2:58:17,34.1,30.4,34.5,38.0,48,2158,3510
2:59:17,34.1,30.3,34.5,38.0,48,2134,3497
3:0:17,34.1,30.2,34.5,38.1,49,2104,3505
3:1:17,34.1,30.2,34.4,37.9,49,2104,3513
3:2:17,34.0,30.1,34.3,38.1,49,2082,3502
3:3:17,34.1,30.1,34.3,38.0,49,2060,3505
3:4:17,34.0,30.1,34.3,37.9,50,2060,3521
3:5:17,34.0,30.0,34.2,37.8,50,2021,3510
3:6:17,34.0,30.0,34.2,37.9,49,2021,3510
3:7:16,34.0,30.0,34.2,38.0,50,2000,3527
3:8:16,34.0,30.0,34.2,37.9,50,2021,3508
3:9:16,34.2,30.0,34.3,37.9,50,2021,3502
3:10:16,34.1,30.1,34.2,37.9,50,2000,3519
3:11:16,34.1,30.0,34.2,37.8,50,2021,3513
3:12:16,34.1,30.2,34.3,38.0,50,2021,3519
3:13:16,34.1,30.1,34.3,38.0,50,2021,3508
3:14:16,34.2,30.1,34.2,37.9,50,2021,3497
3:15:16,34.2,30.1,34.3,37.9,50,2021,3510
3:16:16,34.0,30.2,34.3,37.5,50,2021,3456
3:17:16,34.0,30.0,34.2,38.0,50,1975,3513
3:18:16,34.1,30.1,33.9,38.1,50,2000,3502
3:19:15,34.4,30.0,33.8,38.2,50,2000,3508
3:20:15,34.5,29.9,33.8,38.1,50,2021,3508
3:21:15,34.5,29.9,33.7,38.2,51,2021,3524
3:22:15,34.6,29.9,33.8,38.2,51,2021,3513
3:23:15,34.8,29.9,33.7,38.2,51,2060,3521
3:24:15,34.7,29.9,33.6,38.1,51,2021,3516
3:25:15,34.9,30.0,33.7,38.2,50,2021,3524
3:26:15,34.7,29.9,33.7,38.2,51,2060,3516
3:27:15,34.9,29.9,33.8,38.3,51,2060,3510
3:28:14,34.7,30.0,33.8,37.5,51,2021,3500
3:29:14,36.1,31.3,32.9,36.6,51,2060,3502
3:30:14,37.0,32.3,32.4,35.8,51,2104,3521
3:31:14,37.3,33.1,31.8,35.6,51,2158,3516
3:32:14,37.5,33.5,31.4,35.4,51,2134,3497
3:33:14,37.2,33.6,31.3,35.2,51,2104,3505
3:34:14,34.8,32.2,31.2,35.0,51,1840,3508
3:35:14,32.8,30.8,30.9,34.6,47,1618,3513
3:36:14,31.1,29.8,30.6,34.0,45,1412,3519
3:37:14,29.8,28.8,30.0,33.4,44,1243,3497
3:38:15,28.7,27.8,29.4,32.7,44,1099,3500
3:39:15,27.7,27.0,28.8,32.2,44,985,3527
3:40:16,26.9,26.2,28.2,31.5,44,885,3521
3:41:17,26.2,25.5,27.5,31.0,45,807,3513
3:42:17,25.5,25.1,26.9,30.3,45,733,3502
3:43:18,25.0,24.7,26.4,29.9,45,667,3505
3:44:19,24.5,24.1,25.9,29.4,46,618,3489
3:45:20,24.0,23.7,25.3,28.9,46,574,3500
3:46:21,23.6,23.1,25.0,28.6,47,542,3505
3:47:23,23.2,22.8,24.6,28.1,48,502,3510
3:48:24,22.9,22.4,24.3,27.8,48,477,3494
3:49:25,22.6,22.2,23.9,27.5,49,444,3505
3:50:26,22.2,21.8,23.5,27.1,49,421,3494
3:51:28,21.9,21.6,23.2,26.9,50,400,3494
3:52:29,21.7,21.3,22.9,26.4,50,400,3500
3:53:31,21.5,21.0,22.6,26.1,50,400,3491
3:54:32,21.3,20.8,22.3,25.9,51,400,3486
3:55:33,21.7,21.0,22.8,30.9,51,464,3491
3:56:35,23.1,21.5,23.6,33.4,55,551,3489
3:57:36,24.7,22.1,24.4,34.3,60,630,3469
3:58:37,26.0,22.6,25.2,34.9,63,705,3472
3:59:37,27.0,23.3,25.8,35.3,64,783,3489
4:0:38,27.9,24.0,26.4,35.7,65,865,3486
4:1:38,28.6,24.7,27.0,36.0,65,934,3500
4:2:39,29.2,25.1,27.5,36.0,65,1017,3505
4:3:39,29.8,25.6,28.1,36.3,65,1094,3480
4:4:40,30.2,26.0,28.4,36.5,65,1161,3510
4:5:40,30.7,26.4,28.8,36.5,64,1248,3489
4:6:40,31.2,26.8,29.1,36.6,63,1310,3480
4:7:40,31.4,27.2,29.3,36.9,63,1382,3500
4:8:41,31.6,27.6,29.6,37.0,63,1459,3500
4:9:41,31.9,27.8,30.0,37.0,62,1518,3483
4:10:41,32.4,28.0,30.2,37.0,62,1589,3486
4:11:41,32.4,28.2,30.4,37.0,61,1658,3491
4:12:41,32.7,28.4,30.5,37.2,60,1715,3497
4:13:41,32.8,28.7,30.7,37.3,60,1789,3510
4:14:41,33.0,28.9,30.9,37.4,60,1832,3489
4:15:41,33.1,29.0,31.0,37.5,59,1896,3494
4:16:41,33.2,29.1,31.2,37.5,59,1944,3500
4:17:41,33.4,29.3,31.3,37.5,58,1983,3505
4:18:41,33.5,29.3,31.4,37.7,58,2029,3497
4:19:41,33.6,29.5,31.5,37.5,58,2078,3502
4:20:41,33.7,29.6,31.6,37.6,57,2130,3494
4:21:41,33.8,29.7,31.8,37.6,57,2186,3510
4:22:41,33.9,29.9,31.9,37.7,57,2212,3502
4:23:41,34.0,29.8,31.9,37.6,57,2261,3494
4:24:41,34.1,30.0,31.9,37.6,57,2261,3508
4:25:41,34.1,30.0,32.1,37.7,56,2351,3497
4:26:41,34.3,30.0,32.3,37.8,56,2376,3513
4:27:41,34.5,30.1,32.2,37.8,56,2411,3505
4:28:41,34.4,30.2,32.5,37.7,56,2440,3505
4:29:41,34.5,30.3,32.4,37.9,56,2502,3497
4:30:40,34.5,30.3,32.4,37.8,55,2528,3500
4:31:40,34.4,30.4,32.5,37.8,55,2568,3497
4:32:40,33.1,31.0,34.7,36.4,56,2596,3510
4:33:40,32.0,31.5,36.5,35.8,57,2625,3502
4:34:40,31.3,31.9,37.0,35.6,57,2625,3510
4:35:40,31.0,32.0,37.2,35.4,56,2596,3513
4:36:40,30.7,32.3,37.4,35.4,55,2625,3505
4:37:40,30.4,32.4,37.4,35.3,55,2625,3505
4:38:40,30.3,32.5,37.4,35.3,54,2625,3502
4:39:40,30.3,32.5,37.4,35.2,54,2625,3508
4:40:40,30.3,32.6,37.4,35.2,54,2661,3510
4:41:40,30.2,32.7,37.5,35.2,54,2661,3510
4:42:40,30.2,32.6,37.4,35.2,54,2661,3521
4:43:40,30.2,32.7,37.5,35.1,54,2661,3505
4:44:40,30.2,32.7,37.4,35.2,53,2661,3508
4:45:40,30.1,32.7,37.4,35.2,53,2696,3505
4:46:40,30.1,32.7,37.4,35.2,53,2696,3502
4:47:40,30.1,32.8,37.5,35.2,53,2724,3508
4:48:40,30.1,32.7,37.4,35.2,53,2724,3516
4:49:40,30.2,32.7,37.5,35.1,53,2724,3497
4:50:40,30.2,32.7,37.4,35.0,53,2765,3519
4:51:40,30.2,32.8,37.4,35.1,53,2765,3505
4:52:40,30.2,32.8,37.5,35.1,53,2765,3508
4:53:40,30.2,32.8,37.5,35.1,53,2765,3513
4:54:40,30.2,32.9,37.4,35.1,53,2799,3505
4:55:40,30.2,32.8,37.4,35.2,53,2799,3510
4:56:40,30.3,32.8,37.5,35.3,53,2799,3497
4:57:40,30.4,32.9,37.5,35.2,53,2844,3508
4:58:40,30.2,32.9,37.3,35.2,53,2844,3508
4:59:40,30.3,32.9,37.5,35.2,53,2844,3497
5:0:40,30.2,32.9,37.5,35.3,53,2874,3497
5:1:40,30.3,32.9,37.4,35.2,52,2874,3513
5:2:40,30.3,32.9,37.5,35.3,52,2874,3521
5:3:40,30.3,32.9,37.5,35.3,52,2874,3502
5:4:40,30.3,33.0,37.5,35.3,52,2874,3500
5:5:40,30.3,33.0,37.5,35.3,52,2919,3510
5:6:40,30.4,33.0,37.5,35.4,52,2919,3513
5:7:40,30.3,32.9,37.5,35.4,52,2919,3508
5:8:40,30.3,33.0,37.5,35.4,52,2919,3510
5:9:40,30.3,33.0,37.5,35.4,52,2919,3505
5:10:40,30.4,33.0,37.5,35.5,52,2919,3508
5:11:40,30.4,33.1,37.4,35.4,52,2919,3510
5:12:40,30.4,33.0,37.5,35.5,52,2967,3524
5:13:40,30.4,33.0,37.6,35.5,52,2967,3494
5:14:40,30.5,32.9,37.5,35.5,52,2967,3519
5:15:40,30.5,33.1,37.6,35.6,52,2967,3521
5:16:40,30.4,33.1,37.6,35.4,52,2967,3521
5:17:40,30.5,33.1,37.6,35.6,52,2967,3516
5:18:40,30.5,33.3,37.3,35.5,52,2967,3521
5:19:40,30.6,33.2,37.2,35.4,52,2998,3500
5:20:40,31.1,33.1,37.4,35.8,52,2998,3521
5:21:40,31.1,33.2,37.5,35.8,52,3032,3508
5:22:40,31.3,33.1,37.6,36.0,52,3077,3527
5:23:40,31.4,33.1,37.7,35.9,52,3110,3524
5:24:40,31.3,33.1,37.7,36.2,52,3167,3505
5:25:40,31.3,33.2,37.7,36.1,52,3206,3527
5:26:40,31.5,33.3,37.7,36.1,52,3240,3519
5:27:40,31.5,33.2,37.8,36.3,52,3240,3510
5:28:40,31.5,33.2,37.6,36.5,51,3240,3524
5:29:40,31.4,33.1,37.7,36.4,51,3240,3516
5:30:39,31.5,33.2,37.7,36.4,51,3296,3521
5:31:39,31.5,33.1,37.7,36.5,51,3296,3510
5:32:39,31.5,33.2,37.6,36.4,51,3296,3527
5:33:39,31.5,33.1,37.7,36.5,51,3333,3513
5:34:39,31.4,33.0,37.7,36.4,51,3333,3497
5:35:39,31.5,33.1,37.6,36.5,51,3333,3513
5:36:39,31.5,33.1,37.7,36.4,51,3333,3505
5:37:39,31.6,33.1,37.7,36.5,50,3333,3521
5:38:38,31.6,33.2,37.7,36.5,50,3333,3497
5:39:38,31.6,33.2,37.7,36.5,51,3388,3502
5:40:38,31.8,33.3,37.6,36.4,51,3388,3521
5:41:38,31.7,33.2,37.7,36.5,50,3388,3508
5:42:38,31.7,33.2,37.7,36.5,50,3388,3508
5:43:38,31.7,33.2,37.6,36.4,51,3388,3510
5:44:38,31.8,33.2,37.7,36.5,50,3431,3510
5:45:38,31.7,33.2,37.7,36.5,50,3431,3508
5:46:38,31.7,33.3,37.7,36.5,50,3431,3508
5:47:37,31.8,33.2,37.8,36.5,50,3431,3516
5:48:37,31.7,33.2,37.6,36.6,50,3431,3505
5:49:37,31.8,33.2,37.8,36.6,50,3431,3510
5:50:37,31.8,33.3,37.7,36.5,50,3431,3521
5:51:37,31.7,33.3,37.8,36.5,50,3431,3521
5:52:37,31.8,33.2,37.7,36.5,50,3431,3513
5:53:37,31.8,33.3,37.7,36.7,50,3431,3508
5:54:36,31.8,33.3,37.6,36.5,50,3431,3500
5:55:36,31.8,33.3,37.7,36.5,50,3431,3516
5:56:36,31.8,33.3,37.7,36.5,50,3431,3508
5:57:36,31.8,33.3,37.7,36.6,50,3431,3513
5:58:36,31.8,33.3,37.7,36.6,49,3431,3521
5:59:36,31.9,33.3,37.7,36.5,50,3431,3497
6:0:36,31.8,33.3,37.7,36.4,50,3431,3521
6:1:36,31.9,33.3,37.8,36.4,50,3482,3497
6:2:35,31.7,33.2,37.8,36.6,49,3431,3516
6:3:35,31.8,33.2,37.8,36.6,49,3482,3513
6:4:35,31.8,33.2,37.7,36.6,49,3482,3505
6:5:35,31.9,33.2,37.8,36.5,49,3482,3502
6:6:35,31.9,33.4,37.9,36.6,49,3482,3502
6:7:35,32.0,33.4,37.8,36.7,49,3431,3508
6:8:35,31.9,33.4,37.9,36.7,49,3482,3516
6:9:34,32.0,33.1,37.7,36.6,49,3431,3516
6:10:34,32.0,33.3,37.7,36.5,49,3482,3519
6:11:34,31.9,33.3,37.8,36.6,49,3482,3510
6:12:34,31.9,33.3,37.8,36.6,49,3482,3510
6:13:34,31.8,33.3,37.8,36.7,49,3482,3516
6:14:34,31.9,33.3,37.7,36.7,49,3482,3508
6:15:34,31.8,33.4,37.7,36.8,49,3431,3510
6:16:33,32.0,33.3,37.8,36.7,49,3482,3508
6:17:33,31.7,33.4,37.8,36.7,49,3482,3508
6:18:33,31.7,33.3,37.9,36.6,49,3482,3516
6:19:33,31.9,32.9,37.4,36.0,49,3431,3497
6:20:33,32.5,33.2,37.4,36.7,48,3431,3505
6:21:33,33.2,33.6,37.4,37.0,49,3509,3502
6:22:33,33.4,33.7,37.5,37.3,50,3555,3497
6:23:32,33.8,34.1,37.5,37.1,50,3663,3513
6:24:32,34.1,34.3,37.5,37.2,50,3709,3519
6:25:32,34.2,34.3,37.7,37.3,50,3773,3500
6:26:32,34.3,34.5,37.7,37.3,50,3773,3513
6:27:32,34.4,34.6,37.8,37.3,49,3814,3497
6:28:31,34.5,34.6,37.9,37.5,49,3814,3494
6:29:31,34.5,34.7,37.9,37.5,49,3876,3535
6:30:31,34.6,34.7,37.9,37.5,48,3876,3510
6:31:30,34.6,34.7,37.9,37.5,49,3876,3497
6:32:30,34.6,34.8,38.0,37.6,48,3876,3521
6:33:30,34.7,34.8,38.0,37.5,48,3937,3521
6:34:30,34.7,34.8,38.1,37.6,48,3937,3505
6:35:29,34.7,34.9,38.1,37.6,48,3979,3497
6:36:29,34.7,34.9,37.9,37.7,48,3979,3527
6:37:29,34.8,34.8,37.9,37.5,48,3979,3521
6:38:28,34.8,35.0,38.0,37.7,48,3979,3516
6:39:28,34.8,34.9,38.0,37.7,48,3979,3505
6:40:28,34.9,35.0,37.9,37.8,48,4045,3532
6:41:27,34.9,34.9,38.0,37.7,48,3979,3505
6:42:27,34.9,34.9,38.0,37.7,48,4045,3521
6:43:27,35.1,34.9,38.0,37.8,48,4045,3508
6:44:26,34.9,35.1,37.9,37.7,48,4045,3535
6:45:26,35.0,35.0,37.9,37.6,48,4045,3521
6:46:26,35.0,34.9,38.0,37.6,47,4045,3521
6:47:25,35.2,35.0,38.0,37.7,48,4045,3519
6:48:25,35.1,35.0,38.0,37.6,47,4045,3521
6:49:25,35.1,35.1,38.1,37.7,47,4045,3524
6:50:25,35.2,35.2,37.9,37.7,47,4045,3497
6:51:24,35.1,35.0,38.1,37.7,47,4045,3513
6:52:24,35.2,35.1,38.0,37.7,47,4102,3521
6:53:24,35.3,35.2,38.1,37.7,47,4045,3508
6:54:23,35.2,35.1,38.0,37.7,47,4102,3513
6:55:23,35.3,35.1,38.1,37.8,47,4045,3508
6:56:23,35.2,35.1,38.1,37.8,47,4102,3502
6:57:22,35.3,35.2,38.0,37.8,47,4102,3527
6:58:22,35.2,35.1,38.1,37.8,47,4102,3502
6:59:21,35.3,35.2,38.1,37.8,47,4102,3516
7:0:21,35.4,35.1,38.1,37.8,47,4102,3519
7:1:21,35.2,35.2,37.9,37.7,47,4102,3497
7:2:21,35.2,36.6,37.4,36.8,47,4045,3502
7:3:20,35.5,37.6,36.8,36.3,46,4045,3527
7:4:20,35.7,38.1,36.5,36.0,47,4102,3521
7:5:20,36.1,38.2,36.5,35.9,47,4102,3516
7:6:19,36.2,38.3,36.5,35.9,47,4174,3524
7:7:19,36.3,38.3,36.4,35.9,47,4234,3521
7:8:18,36.5,38.4,36.4,36.0,47,4234,3500
7:9:18,36.7,38.4,36.4,36.1,47,4234,3532
7:10:18,36.8,38.3,36.5,36.0,47,4311,3508
7:11:17,36.7,38.3,36.4,36.1,47,4369,3530
7:12:17,37.0,38.4,36.4,36.3,47,4369,3530
7:13:17,36.9,38.5,36.6,36.2,47,4369,3524
7:14:16,37.1,38.4,36.7,36.4,47,4415,3500
7:15:16,37.1,38.5,36.7,36.3,47,4415,3513
7:16:15,37.2,38.6,36.7,36.4,47,4500,3521
7:17:15,37.3,38.5,36.8,36.5,47,4500,3543
7:18:15,37.4,38.6,36.7,36.4,47,4561,3513
7:19:14,37.4,38.5,36.9,36.4,47,4561,3508
7:20:14,37.5,38.6,36.8,36.6,47,4561,3524
7:21:13,37.4,38.5,36.9,36.6,47,4561,3524
7:22:13,37.6,38.5,36.8,36.7,47,4639,3508
7:23:12,37.5,38.8,36.9,36.9,47,4639,3497
7:24:12,37.6,38.6,36.9,36.8,47,4693,3519
7:25:11,37.5,38.7,37.0,36.8,47,4693,3516
7:26:11,37.6,38.7,36.9,36.7,47,4693,3516
7:27:11,37.7,38.7,37.0,36.8,47,4693,3532
7:28:10,37.7,38.7,37.0,36.9,47,4775,3508
7:29:10,37.7,38.8,37.0,37.0,47,4775,3510
7:30:9,37.7,38.7,37.0,36.9,47,4775,3510
7:31:9,37.8,38.6,37.2,37.0,47,4775,3508
7:32:8,37.7,38.8,37.1,37.0,47,4845,3508
7:33:8,37.8,38.7,37.0,37.1,47,4845,3527
7:34:7,37.7,38.4,37.0,36.6,47,4775,3516
7:35:7,37.8,38.6,37.0,36.5,46,4775,3513
7:36:6,37.7,38.6,36.8,36.3,46,4693,3516
7:37:6,37.6,38.7,36.8,36.1,47,4639,3535
7:38:6,37.5,38.4,36.4,35.9,46,4639,3521
7:39:5,37.8,38.0,35.9,35.9,46,4693,3524
7:40:5,38.1,37.7,35.5,35.9,46,4693,3519
7:41:4,38.1,37.6,35.2,35.8,47,4693,3513
7:42:4,38.1,37.5,35.0,35.7,47,4639,3508
7:43:3,38.0,37.3,34.6,35.6,48,4639,3519
7:44:3,37.9,37.1,34.6,35.5,48,4639,3516
7:45:3,38.0,37.0,34.4,35.5,48,4639,3508
7:46:2,37.8,36.9,34.2,35.5,49,4639,3516
7:47:2,37.7,37.0,34.1,35.2,48,4639,3516
7:48:2,37.9,37.0,33.9,35.2,49,4561,3510
7:49:1,37.7,36.9,34.0,35.3,49,4561,3502
7:50:1,37.6,36.8,33.9,35.0,49,4561,3513
7:51:1,37.6,36.7,33.7,35.1,49,4500,3516
7:52:0,37.8,36.4,33.4,35.0,49,4500,3510
7:53:0,38.1,36.0,33.1,35.5,49,4415,3505
7:54:0,38.1,35.7,32.7,35.7,49,4369,3502
7:54:59,38.1,35.5,32.5,35.7,49,4311,3519
7:55:59,38.1,35.2,32.4,35.8,49,4311,3516
7:56:59,37.9,35.0,32.2,35.8,49,4234,3510
7:57:58,37.8,34.8,31.9,35.7,50,4234,3516
7:58:58,37.8,34.9,31.9,35.8,50,4174,3513
7:59:58,37.9,34.7,31.7,35.7,50,4174,3510
8:0:58,37.8,34.6,31.7,35.5,50,4102,3516
8:1:57,37.7,34.7,31.5,35.6,51,4102,3513
8:2:57,37.7,34.6,31.5,35.7,51,4045,3502
8:3:57,37.7,34.5,31.4,35.6,51,4045,3513
8:4:57,37.7,34.4,31.3,35.5,51,3979,3508
8:5:56,37.5,34.4,31.3,35.5,51,3979,3516
8:6:56,37.6,34.4,31.3,35.6,51,3937,3516
8:7:56,37.7,34.3,31.3,35.4,51,3937,3521
8:8:56,37.6,34.2,31.3,35.6,51,3937,3513
8:9:56,37.5,34.2,31.2,35.3,51,3937,3497
8:10:55,37.5,34.2,31.2,35.4,51,3937,3508
8:11:55,37.5,34.3,31.1,35.4,51,3876,3524
8:12:55,37.4,34.2,31.1,35.4,52,3876,3513
8:13:55,37.5,34.2,31.1,35.4,52,3876,3513
8:14:54,37.6,34.1,31.1,35.4,52,3876,3505
8:15:54,37.5,34.1,31.1,35.3,52,3876,3508
8:16:54,37.4,34.1,31.0,35.3,52,3876,3532
8:17:54,37.6,34.1,31.1,35.3,52,3814,3513
8:18:54,37.5,34.2,31.1,35.2,52,3814,3508
8:19:53,37.5,34.1,31.1,35.3,52,3814,3508
8:20:53,37.6,34.1,31.0,35.2,52,3814,3516
8:21:53,37.5,34.2,31.0,35.5,52,3814,3521
8:22:53,37.5,34.2,31.1,35.3,52,3814,3505
8:23:52,37.6,34.2,31.1,35.3,52,3773,3510
8:24:52,37.5,34.1,31.1,35.2,52,3814,3508
8:25:52,37.6,34.1,31.0,35.4,52,3814,3513
8:26:52,37.5,34.2,31.1,35.5,52,3814,3505
8:27:52,37.6,34.2,31.2,35.3,52,3814,3500
8:28:51,37.6,34.3,31.3,35.3,52,3773,3464
8:29:51,37.6,34.3,31.3,35.2,52,3773,3510
8:30:51,37.7,34.4,31.1,35.3,52,3773,3519
8:31:51,37.7,34.4,31.2,35.5,52,3773,3486
8:32:50,37.6,34.5,31.3,35.5,51,3773,3519
8:33:50,37.7,34.5,31.3,35.5,51,3773,3508
8:34:50,37.7,34.4,31.3,35.5,51,3773,3519
8:35:50,37.6,34.7,31.4,35.6,51,3773,3510
8:36:50,37.7,34.6,31.4,35.6,51,3773,3519
8:37:49,37.8,34.6,31.3,35.7,51,3773,3513
8:38:49,37.6,34.7,31.4,35.4,51,3773,3532
8:39:49,37.8,34.8,31.3,35.5,51,3773,3513
8:40:49,37.8,34.6,31.4,35.6,51,3773,3513
8:41:48,37.7,34.6,31.3,35.4,51,3773,3510
8:42:48,37.7,34.6,31.5,35.6,51,3709,3516
8:43:48,37.7,34.7,31.4,35.7,51,3773,3516
8:44:47,37.9,34.6,31.4,35.6,51,3773,3475
8:45:47,37.8,34.6,31.6,35.6,51,3773,3510
8:46:47,37.7,34.8,31.5,35.8,51,3773,3513
8:47:47,37.7,34.7,31.5,35.8,51,3773,3510
8:48:46,37.8,34.7,31.5,35.7,51,3773,3505
8:49:46,37.8,34.7,31.5,35.8,51,3773,3513
8:50:46,37.7,34.6,31.5,35.9,51,3773,3510
8:51:46,37.7,34.7,31.6,35.7,50,3773,3491
8:52:45,37.8,34.8,31.5,35.7,51,3773,3521
8:53:45,37.8,34.8,31.5,35.8,51,3773,3508
8:54:45,37.8,34.7,31.6,35.7,51,3773,3502
8:55:45,37.9,34.8,31.6,35.7,51,3773,3502
8:56:44,37.8,34.8,31.6,35.8,51,3773,3521
8:57:44,37.8,34.8,31.6,35.8,51,3773,3519
8:58:44,37.9,34.7,31.6,35.7,51,3773,3519
8:59:43,37.8,34.8,31.6,35.9,50,3814,3516
9:0:43,37.8,35.0,31.6,35.9,51,3773,3505
9:1:43,37.9,34.8,31.6,35.8,51,3814,3510
9:2:43,37.7,34.7,31.6,35.9,51,3773,3508
9:3:42,37.8,34.7,31.6,35.8,51,3814,3527
9:4:42,37.8,34.8,31.7,35.8,51,3773,3500
9:5:42,37.8,34.8,31.6,35.9,51,3814,3513
9:6:42,37.9,34.8,31.6,35.9,50,3773,3508
9:7:41,37.8,34.8,31.8,35.8,51,3773,3510
9:8:42,37.8,34.8,31.8,35.9,51,3814,3480
9:9:41,37.2,36.0,32.4,35.2,50,3663,3508
9:10:41,36.8,37.1,33.2,35.1,50,3709,3510
9:11:40,36.3,37.5,33.7,35.0,50,3773,3510
9:12:40,36.1,37.7,34.2,34.9,50,3814,3505
9:13:40,36.1,37.8,34.4,34.9,49,3814,3524
9:14:39,36.0,37.9,34.7,34.6,49,3876,3524
9:15:39,36.0,38.0,35.0,34.8,49,3876,3513
9:16:39,35.9,38.1,35.1,34.7,49,3937,3519
9:17:39,36.0,38.1,35.1,34.7,48,3937,3508
9:18:38,35.8,38.0,35.1,34.6,48,3937,3497
9:19:38,36.0,37.9,35.2,34.5,48,3937,3508
9:20:38,35.8,38.1,35.1,34.5,48,3937,3527
9:21:37,36.0,38.0,35.1,34.5,48,3937,3513
9:22:37,35.9,38.0,35.2,34.4,48,3937,3527
9:23:37,35.9,38.0,35.2,34.4,48,3937,3510
9:24:37,35.9,38.0,35.1,34.4,48,3937,3494
9:25:36,35.8,38.0,35.2,34.3,47,3937,3516
9:26:36,35.8,38.0,35.1,34.3,47,3937,3513
9:27:36,35.9,37.9,35.2,34.4,47,3937,3508
9:28:35,35.9,37.9,35.1,34.3,47,3937,3521
9:29:35,35.8,38.0,35.0,34.3,47,3876,3500
9:30:35,35.8,37.9,35.1,34.2,47,3876,3516
9:31:35,35.7,37.8,35.1,34.2,47,3876,3497
9:32:34,35.8,37.9,35.1,34.1,47,3876,3513
9:33:34,35.7,37.8,35.0,34.2,47,3814,3505
9:34:34,36.5,37.3,34.7,34.2,47,3773,3505
9:35:34,37.3,36.9,34.6,34.8,46,3814,3497
9:36:33,37.6,36.7,34.6,35.4,47,3876,3505
9:37:33,37.8,36.6,34.6,35.8,47,3937,3505
9:38:33,37.9,36.5,34.8,36.2,48,3979,3510
9:39:32,38.0,36.5,34.8,36.3,47,3979,3516
9:40:32,38.1,36.6,35.0,36.6,48,4045,3502
9:41:31,38.2,36.6,35.0,36.6,47,4045,3494
9:42:31,38.2,36.7,35.1,36.9,48,4102,3516
9:43:31,38.2,36.8,35.0,36.9,47,4102,3502
9:44:30,38.2,36.9,35.2,37.0,47,4174,3508
9:45:30,38.3,36.9,35.4,37.1,47,4174,3497
9:46:29,38.3,36.9,35.3,37.2,47,4234,3513
9:47:29,38.4,36.9,35.4,37.2,47,4234,3516
9:48:29,38.4,37.0,35.4,37.3,47,4311,3502
9:49:28,38.5,37.0,35.5,37.4,47,4311,3505
9:50:28,38.4,37.2,35.6,37.4,47,4311,3519
9:51:27,38.5,37.2,35.6,37.5,47,4369,3508
9:52:27,38.5,37.3,35.7,37.7,47,4369,3508
9:53:26,38.4,37.3,35.7,37.5,47,4369,3508
9:54:26,38.5,37.3,35.7,37.6,47,4369,3508
9:55:25,38.5,37.3,35.8,37.6,47,4415,3521
9:56:25,38.5,37.4,35.7,37.5,46,4415,3521
9:57:24,38.6,37.4,35.7,37.5,47,4415,3505
9:58:24,38.5,37.4,35.8,37.5,46,4415,3497
9:59:24,38.6,37.4,35.8,37.6,47,4500,3519
10:0:23,38.6,37.5,35.8,37.6,46,4415,3524
10:1:23,38.6,37.4,35.9,37.6,46,4500,3513
10:2:22,38.6,37.4,35.8,37.6,46,4500,3532
10:3:22,38.6,37.4,35.8,37.8,46,4500,3519
10:4:21,38.7,37.5,35.9,37.6,46,4500,3530
10:5:21,38.5,37.5,35.9,37.7,46,4500,3508
10:6:20,38.6,37.5,35.8,37.7,46,4500,3521
10:7:20,38.7,37.6,35.9,37.7,46,4500,3527
10:8:19,38.7,37.5,35.9,37.7,46,4500,3521
10:9:19,38.6,37.6,35.9,37.7,46,4561,3510
10:10:18,38.7,37.5,35.7,37.7,46,4500,3521
10:11:18,38.6,37.5,35.8,37.8,46,4500,3519
10:12:17,38.6,37.4,35.7,37.7,46,4500,3530
10:13:17,38.5,37.5,35.7,37.6,46,4500,3543
10:14:16,38.7,37.5,35.8,37.6,46,4500,3513
10:15:16,38.7,37.6,35.7,37.7,46,4500,3505
10:16:15,38.7,37.6,35.8,37.7,46,4500,3513
10:17:15,38.6,37.5,35.9,37.7,45,4500,3521
10:18:14,38.7,37.6,35.8,37.7,46,4500,3524
10:19:14,38.6,37.6,35.7,37.8,46,4500,3519
10:20:13,38.6,37.5,35.7,37.6,46,4500,3519
10:21:13,38.7,37.4,35.6,37.7,46,4500,3519
10:22:12,38.7,37.6,35.7,37.7,45,4415,3510
10:23:12,38.6,37.5,35.6,37.7,45,4415,3510
10:24:11,38.5,37.5,35.8,37.6,46,4415,3519
10:25:11,38.8,37.4,35.7,37.7,45,4415,3521
10:26:11,38.7,37.4,35.7,37.6,45,4415,3505
10:27:10,38.6,37.5,35.6,37.5,45,4415,3532
10:28:10,38.6,37.5,35.6,37.5,45,4415,3524
10:29:9,38.7,37.5,35.7,37.5,45,4415,3516
10:30:9,38.6,37.4,35.6,37.5,45,4415,3510
10:31:8,38.8,37.5,35.7,37.6,45,4415,3508
10:32:8,38.7,37.5,35.7,37.6,45,4415,3519
10:33:7,38.6,37.5,35.6,37.7,45,4369,3513
10:34:7,38.4,37.3,35.3,37.2,45,4369,3502
10:35:6,38.3,37.3,35.3,36.8,45,4234,3500
10:36:6,38.5,37.3,35.4,36.6,45,4234,3508
10:37:5,38.4,37.3,35.4,36.6,45,4234,3510
10:38:5,38.6,37.4,35.6,36.6,45,4234,3521
10:39:4,38.6,37.4,35.6,36.6,45,4234,3513
10:40:4,38.6,37.4,35.6,36.7,45,4234,3505
10:41:4,38.5,37.5,35.8,36.7,45,4234,3513
10:42:3,38.6,37.4,35.8,36.8,45,4234,3516
10:43:3,38.7,37.6,35.9,36.7,45,4234,3521
10:44:2,38.6,37.5,36.0,36.8,45,4234,3513
10:45:2,38.6,37.6,35.9,36.9,45,4234,3519
10:46:1,38.8,37.7,36.0,36.9,45,4234,3510
10:47:1,38.7,37.6,36.0,37.0,45,4234,3524
10:48:0,38.5,37.7,36.1,37.0,45,4234,3508
10:49:0,38.6,37.6,36.0,36.7,45,4234,3497
10:49:59,38.5,37.5,35.6,36.3,45,4174,3519
10:50:59,38.5,37.3,35.9,36.5,45,4102,3508
10:51:59,38.6,37.2,36.0,36.8,45,4102,3505
10:52:58,38.5,37.0,36.1,36.9,45,4174,3505
10:53:58,38.8,37.3,36.3,37.0,45,4174,3505
10:54:57,38.7,37.3,36.1,37.2,45,4174,3505
10:55:57,38.7,37.2,36.3,37.3,45,4174,3513
10:56:56,38.5,37.3,36.2,37.2,45,4174,3521
10:57:56,38.7,37.2,36.3,37.3,45,4174,3505
10:58:55,38.6,37.3,36.4,37.4,45,4234,3505
10:59:55,38.8,37.1,36.4,37.4,45,4234,3510
11:0:54,38.6,37.3,36.5,37.4,45,4234,3508
11:1:54,38.7,37.4,36.4,37.4,45,4234,3508
11:2:53,38.7,37.4,36.3,37.3,45,4234,3521
11:3:53,38.8,37.4,36.4,37.4,45,4234,3513
11:4:52,38.7,37.3,36.4,37.4,45,4234,3502
11:5:52,38.7,37.5,36.5,37.4,45,4234,3543
11:6:51,38.8,37.3,36.6,37.4,45,4311,3516
11:7:51,38.6,37.3,36.7,37.5,45,4234,3516
11:8:50,38.9,37.5,36.6,37.5,45,4311,3508
11:9:50,38.7,37.3,36.7,37.6,45,4311,3508
11:10:49,38.8,37.5,36.7,37.5,45,4311,3516
11:11:49,38.7,37.5,36.5,37.5,45,4311,3516
11:12:48,38.6,37.3,36.4,37.5,45,4311,3516
11:13:48,38.8,37.4,36.5,37.5,45,4311,3497
11:14:47,38.7,37.3,36.4,37.4,45,4311,3505
11:15:47,38.7,37.4,36.3,37.5,45,4311,3519
11:16:46,38.8,37.4,36.3,37.4,45,4311,3505
11:17:46,38.8,37.4,36.3,37.3,45,4311,3527
11:18:45,38.8,37.3,36.3,37.4,45,4311,3521
11:19:45,38.8,37.3,36.2,37.5,45,4234,3513
11:20:44,38.7,37.4,36.2,37.4,45,4311,3524
11:21:44,38.8,37.5,36.1,37.4,45,4234,3500
11:22:43,38.7,37.4,36.1,37.4,45,4234,3513
11:23:43,38.9,37.4,36.1,37.5,45,4234,3513
11:24:42,38.9,37.3,36.0,37.5,45,4234,3508
11:25:42,38.7,37.3,35.9,37.4,45,4234,3497
11:26:41,38.8,37.3,36.0,37.2,45,4234,3502
11:27:41,38.7,37.3,36.0,37.3,45,4234,3508
11:28:40,38.7,37.5,35.9,37.1,45,4174,3519
11:29:40,38.7,37.4,36.0,36.8,45,4174,3508
11:30:40,38.6,37.7,36.3,36.4,45,4102,3508
11:31:39,38.7,37.6,36.3,36.3,45,4102,3510
11:32:39,38.7,37.7,36.3,36.0,45,4102,3510
11:33:38,38.6,37.7,36.2,36.0,45,4045,3508
11:34:38,38.3,38.1,36.0,35.6,45,3979,3516
11:35:37,37.5,38.6,36.0,34.3,45,3876,3527
11:36:37,37.1,38.6,35.9,33.6,45,3814,3497
11:37:37,36.9,38.7,35.8,33.0,45,3773,3521
11:38:36,36.7,38.7,35.7,32.7,45,3709,3505
11:39:36,36.4,38.6,35.7,32.3,45,3663,3505
11:40:36,36.3,38.6,35.6,32.2,45,3601,3508
11:41:35,36.2,38.6,35.6,31.9,45,3509,3513
11:42:35,36.0,38.5,35.6,31.8,45,3482,3519
11:43:35,36.0,38.5,35.3,31.7,45,3431,3521
11:44:35,35.9,38.5,35.4,31.5,45,3431,3505
11:45:34,35.9,38.4,35.3,31.4,45,3388,3516
11:46:34,35.9,38.4,35.3,31.4,45,3333,3521
11:47:34,35.8,38.4,35.1,31.3,45,3296,3510
11:48:34,35.7,38.4,35.2,31.2,45,3296,3513
11:49:34,35.8,38.4,35.2,31.2,45,3240,3510
11:50:33,35.7,38.2,35.1,31.3,45,3206,3513
11:51:33,35.0,38.1,35.9,32.2,45,3167,3513
11:52:33,34.5,38.0,36.6,32.5,46,3077,3521
11:53:33,34.2,38.0,36.6,32.6,46,3032,3513
11:54:33,34.0,37.8,36.7,32.6,46,2967,3519
11:55:33,33.7,37.7,36.7,32.6,46,2919,3524
11:56:33,33.6,37.6,36.8,32.7,46,2874,3527
11:57:32,33.4,37.7,37.2,32.8,46,2844,3508
11:58:32,33.4,37.7,37.3,32.9,46,2799,3527
11:59:32,33.2,37.7,37.3,33.0,46,2799,3505
12:0:32,33.1,37.7,37.3,33.0,46,2765,3521
12:1:32,33.2,37.6,37.2,33.1,46,2765,3516
12:2:32,33.1,37.7,37.2,33.0,47,2765,3519
12:3:32,33.3,37.5,36.8,32.3,46,2696,3513
12:4:32,33.6,37.7,36.3,31.7,46,2696,3527
12:5:32,33.7,37.1,35.7,31.4,47,2625,3519
12:6:32,33.9,35.3,34.4,31.6,46,2440,3521
12:7:32,33.8,33.8,32.9,31.5,44,2261,3516
12:8:32,33.4,32.7,31.8,31.1,45,2078,3516
12:9:32,33.1,31.8,30.8,30.8,45,1916,3516
12:10:32,32.9,31.0,30.1,30.4,46,1771,3502
12:11:33,32.3,30.2,29.5,30.0,46,1643,3513
12:12:33,32.0,29.7,29.0,29.7,47,1534,3508
12:13:34,31.6,28.8,28.5,29.1,48,1439,3510
12:14:34,31.1,28.3,28.0,28.8,48,1364,3510
12:15:35,30.6,27.7,27.6,28.5,49,1288,3502
12:16:35,30.3,27.1,27.1,28.0,50,1185,3505
12:17:36,29.9,26.6,26.5,27.6,50,1127,3502
12:18:37,29.5,26.1,25.9,27.3,51,1060,3500
12:19:38,29.2,25.7,25.2,27.0,52,1017,3489
12:20:38,28.8,28.8,25.1,26.4,54,991,3491
12:21:39,28.9,32.4,25.8,25.9,57,1060,3502
12:22:40,29.1,33.8,26.7,25.6,62,1144,3505
12:23:41,29.4,34.5,27.6,25.6,63,1235,3505
12:24:42,29.8,35.1,28.4,25.7,64,1323,3510
12:25:42,30.0,35.4,29.2,25.9,65,1427,3500
12:26:43,30.3,35.6,29.7,26.1,66,1518,3486
12:27:43,30.5,35.8,30.1,26.2,66,1622,3508
12:28:44,30.7,35.9,30.5,26.5,66,1731,3505
12:29:44,30.9,36.1,30.7,26.7,67,1851,3521
12:30:45,31.1,36.2,30.9,26.8,67,1944,3494
12:31:45,31.2,36.4,31.0,27.0,67,2060,3510
12:32:45,31.5,36.4,31.3,27.1,67,2186,3510
12:33:46,31.6,36.5,31.7,27.3,67,2289,3521
12:34:46,31.8,36.6,31.9,27.5,67,2376,3483
12:35:46,31.9,36.8,32.2,27.6,67,2464,3510
12:36:46,32.0,36.7,32.3,27.7,67,2596,3521
12:37:47,32.2,36.8,32.6,27.8,66,2696,3505
12:38:47,32.1,36.9,32.8,27.9,65,2765,3502
12:39:47,32.3,36.9,33.0,28.0,65,2844,3527
12:40:47,32.4,37.0,33.0,28.1,65,2919,3521
12:41:47,32.5,37.0,33.3,28.3,64,3032,3505
12:42:48,32.5,37.1,33.4,28.2,63,3077,3497
12:43:48,32.6,37.1,33.6,28.3,63,3167,3497
12:44:48,32.7,37.3,33.5,28.4,63,3206,3510
12:45:48,32.7,37.2,33.7,28.5,62,3296,3505
12:46:48,32.7,37.2,33.7,28.5,62,3333,3513
12:47:48,32.8,37.3,33.8,28.6,61,3388,3510
12:48:48,32.9,37.2,33.8,28.8,61,3431,3505
12:49:49,32.9,37.3,33.9,28.7,61,3482,3513
12:50:49,33.0,37.3,34.1,28.8,60,3509,3508
12:51:49,33.0,37.3,34.1,28.7,60,3509,3508
12:52:49,33.0,37.4,34.0,28.9,60,3555,3516
12:53:49,33.0,37.4,34.1,28.8,59,3555,3505
12:54:49,33.3,37.3,34.1,29.0,59,3555,3510
12:55:49,33.1,37.5,34.0,28.9,59,3601,3505
12:56:49,33.2,37.5,34.2,28.9,58,3601,3508
12:57:49,33.2,37.4,34.2,28.9,58,3663,3521
12:58:49,33.3,37.4,34.2,29.0,58,3663,3510
12:59:49,33.2,37.2,34.2,29.1,58,3663,3543
13:0:49,33.4,37.5,34.2,29.1,57,3663,3508
13:1:49,33.3,37.3,34.3,29.2,57,3709,3497
13:2:50,33.2,36.7,34.0,29.1,57,3709,3500
13:3:50,32.9,36.5,34.5,29.6,56,3663,3508
13:4:50,32.4,36.5,35.1,29.9,57,3663,3500
13:5:50,32.3,36.7,35.5,30.0,57,3601,3521
13:6:50,32.0,36.6,35.7,30.0,56,3601,3521
13:7:50,31.8,36.6,35.7,30.0,56,3601,3510
13:8:50,31.9,36.7,35.7,30.2,56,3555,3500
13:9:50,31.6,36.6,35.8,30.1,55,3555,3494
13:10:50,31.8,36.6,35.8,30.3,55,3555,3497
13:11:50,31.7,36.5,35.8,30.2,55,3555,3497
13:12:50,31.5,36.4,35.9,30.3,54,3509,3497
13:13:50,31.6,36.7,35.9,30.3,55,3509,3510
13:14:51,31.7,36.7,35.8,30.3,54,3509,3502
13:15:51,31.7,36.8,35.9,30.3,55,3555,3510
13:16:51,31.7,36.8,35.9,30.4,54,3555,3521
13:17:51,31.7,36.9,35.9,30.4,54,3555,3521
13:18:51,31.7,37.0,35.8,30.4,54,3509,3508
13:19:51,31.8,36.9,36.0,30.6,54,3509,3502
13:20:51,31.8,36.9,36.0,30.5,54,3555,3491
13:21:51,31.7,36.8,36.0,30.5,54,3509,3524
13:22:51,31.8,36.9,35.8,30.6,54,3509,3508
13:23:51,31.9,37.1,36.0,30.4,54,3509,3505
13:24:51,31.8,37.0,35.9,30.5,54,3509,3521
13:25:51,31.8,37.0,36.0,30.4,54,3555,3502
13:26:52,31.8,36.9,36.0,30.6,54,3555,3497
13:27:52,31.9,37.0,36.0,30.5,54,3555,3502
13:28:52,31.9,36.9,36.0,30.5,54,3509,3510
13:29:52,31.9,37.0,36.0,30.6,54,3555,3502
13:30:52,31.8,36.9,35.9,30.5,54,3555,3521
13:31:52,31.8,37.0,36.0,30.7,54,3555,3527
13:32:52,31.9,36.9,36.0,30.7,54,3555,3524
13:33:52,31.9,36.9,36.1,30.7,54,3555,3508
13:34:52,31.9,37.1,36.0,30.7,54,3555,3516
13:35:52,32.0,37.1,36.2,30.7,54,3555,3505
13:36:52,31.9,37.0,36.0,30.8,54,3555,3491
13:37:52,32.0,37.1,36.0,30.6,53,3555,3513
13:38:52,31.9,37.1,36.1,30.7,53,3509,3510
13:39:52,31.9,37.1,36.0,30.7,53,3509,3502
13:40:52,31.9,37.1,36.1,30.8,53,3509,3510
13:41:52,31.9,37.0,35.9,30.7,53,3509,3508
13:42:52,31.9,37.0,36.0,30.6,53,3509,3521
13:43:52,31.9,37.1,36.0,30.7,53,3509,3505
13:44:53,31.9,37.0,36.0,30.7,53,3482,3508
13:45:53,31.9,37.2,36.1,30.7,53,3482,3516
13:46:53,31.9,37.0,36.1,30.7,52,3482,3516
13:47:53,31.9,37.1,36.1,30.7,52,3431,3519
13:48:53,32.0,37.2,36.2,30.7,52,3431,3519
13:49:53,32.0,37.2,36.1,30.6,52,3431,3521
13:50:53,31.9,37.2,36.1,30.6,52,3431,3508
13:51:53,32.0,37.0,36.1,30.6,52,3431,3505
13:52:53,32.0,37.2,36.1,30.7,52,3388,3513
13:53:53,32.0,37.2,36.1,30.6,52,3431,3521
13:54:53,32.0,37.1,36.2,30.7,52,3333,3505
13:55:53,31.9,36.9,36.1,30.7,52,3431,3510
13:56:53,31.8,36.2,35.7,30.4,52,3333,3521
13:57:53,31.8,35.8,35.6,30.5,52,3388,3521
13:58:53,31.9,35.6,35.6,30.5,52,3388,3513
13:59:53,31.9,35.6,35.5,30.5,53,3388,3516
14:0:53,31.9,35.5,35.4,30.5,53,3388,3497
14:1:53,31.9,35.4,35.3,30.5,53,3388,3519
14:2:53,31.9,35.4,35.3,30.6,53,3388,3521
14:3:53,31.8,35.3,35.3,30.6,54,3388,3519
14:4:54,31.8,35.4,35.2,30.6,54,3333,3508
14:5:54,31.9,35.3,35.2,30.7,54,3388,3519
14:6:54,32.0,35.3,35.2,30.6,54,3333,3508
14:7:54,31.9,35.3,35.2,30.6,54,3333,3510
14:8:54,31.8,35.2,35.1,30.6,54,3296,3508
14:9:54,31.9,35.2,35.1,30.5,54,3296,3497
14:10:54,31.8,35.2,35.2,30.5,54,3296,3500
14:11:54,31.8,35.2,35.0,30.5,54,3296,3505
14:12:54,31.7,35.2,35.1,30.6,54,3240,3510
14:13:54,31.8,35.2,35.0,30.4,54,3240,3519
14:14:54,31.8,35.2,35.0,30.5,54,3206,3519
14:15:54,31.7,35.1,35.0,30.4,54,3206,3521
14:16:55,31.7,35.2,35.0,30.5,54,3206,3524
14:17:55,31.7,35.2,35.0,30.5,54,3206,3519
14:18:55,31.7,35.2,34.9,30.5,54,3206,3500
14:19:55,31.6,35.1,35.0,30.4,54,3206,3505
14:20:55,31.7,35.3,34.9,30.4,54,3206,3505
14:21:55,31.5,35.1,34.9,30.3,54,3206,3524
14:22:55,31.7,35.3,34.9,30.4,54,3167,3505
14:23:55,31.6,35.2,34.7,30.4,54,3167,3502
14:24:56,31.6,35.2,35.0,30.4,54,3167,3519
14:25:56,31.7,35.2,34.9,30.5,54,3167,3519
14:26:56,31.7,35.2,34.8,30.5,54,3110,3508
14:27:56,31.7,35.1,34.8,30.4,54,3110,3513
14:28:56,31.6,35.2,34.9,30.3,54,3110,3519
14:29:56,31.6,35.3,34.9,30.5,54,3167,3508
14:30:56,31.5,35.4,35.0,30.5,54,3110,3521
14:31:56,31.5,35.4,34.9,30.5,54,3167,3505
14:32:56,31.6,35.3,35.0,30.5,54,3167,3513
14:33:57,32.1,36.0,34.9,30.3,54,3110,3508
14:34:57,32.5,36.8,34.6,30.0,54,3110,3508
14:35:57,32.8,37.0,34.5,29.8,53,3077,3519
14:36:57,33.1,37.0,34.5,29.7,53,3077,3502
14:37:57,33.4,37.0,34.3,29.8,53,3032,3505
14:38:57,33.4,37.1,34.2,29.7,52,3032,3524
14:39:57,33.6,37.2,34.3,29.7,52,3032,3519
14:40:57,33.7,37.2,34.4,29.8,52,3032,3516
14:41:57,33.6,37.2,34.3,29.8,52,3032,3505
14:42:57,33.7,37.2,34.4,29.7,52,2998,3516
14:43:57,33.7,37.2,34.3,29.8,52,2998,3494
14:44:57,33.7,37.2,34.3,29.8,52,2967,3510
14:45:57,33.7,37.1,34.4,29.9,52,2998,3508
14:46:58,33.8,37.0,34.3,30.7,52,3032,3508
14:47:58,34.5,37.3,34.3,31.4,53,3167,3513
14:48:57,34.9,37.3,34.3,31.8,53,3240,3502
14:49:57,35.4,37.5,34.3,32.3,54,3388,3510
14:50:57,35.7,37.3,34.4,32.6,54,3482,3513
14:51:57,35.8,37.5,34.6,32.8,54,3555,3510
14:52:57,36.0,37.5,34.6,33.0,54,3663,3532
14:53:57,36.3,37.6,34.7,33.1,54,3773,3505
14:54:57,36.4,37.7,34.8,33.3,54,3814,3516
14:55:57,36.5,37.6,34.9,33.4,53,3876,3491
14:56:56,36.5,37.7,34.9,33.6,53,3979,3508
14:57:56,36.5,37.7,35.1,33.7,53,4045,3521
14:58:56,36.7,37.7,35.1,33.7,53,4102,3513
14:59:56,36.7,37.8,35.2,33.8,53,4174,3500
15:0:55,36.8,37.8,35.2,33.8,53,4234,3505
15:1:55,36.8,37.9,35.2,33.9,52,4234,3513
15:2:55,36.8,38.1,35.3,34.0,52,4311,3508
15:3:55,36.8,37.9,35.3,33.9,52,4369,3508
15:4:54,36.9,37.9,35.3,34.1,52,4369,3500
15:5:54,36.8,38.0,35.4,34.0,52,4415,3502
15:6:54,36.9,37.9,35.4,34.0,52,4415,3527
15:7:54,37.0,37.9,35.4,33.9,52,4500,3505
15:8:53,37.0,37.8,35.5,34.1,52,4500,3516
15:9:53,36.9,37.9,35.5,33.9,52,4561,3508
15:10:53,36.9,37.8,35.4,34.0,51,4561,3510
15:11:52,37.0,37.9,35.5,34.0,51,4561,3502
15:12:52,37.0,38.0,35.4,34.0,51,4561,3516
15:13:52,37.1,37.9,35.6,34.0,51,4561,3508
15:14:52,37.1,38.0,35.5,34.0,51,4639,3508
15:15:51,37.0,37.9,35.6,34.0,51,4639,3516
15:16:51,37.0,37.9,35.6,34.0,51,4639,3508
15:17:51,37.0,37.9,35.7,34.1,51,4639,3519
15:18:50,37.0,38.0,35.5,34.0,51,4639,3516
15:19:50,37.0,38.0,35.6,34.1,50,4693,3521
15:20:50,37.0,38.0,35.6,34.1,50,4693,3519
15:21:50,37.1,38.0,35.6,34.1,50,4693,3513
15:22:49,37.1,38.2,35.6,34.0,50,4639,3513
15:23:49,37.1,37.9,35.5,34.0,50,4693,3521
15:24:49,37.1,38.0,35.5,34.0,50,4693,3510
15:25:48,37.0,38.0,35.7,34.0,50,4693,3510
15:26:48,37.2,37.9,35.7,34.1,50,4693,3513
15:27:48,37.0,38.0,35.5,34.0,50,4693,3508
15:28:48,37.0,38.0,35.6,34.1,50,4693,3513
15:29:47,37.2,38.1,35.6,34.0,50,4693,3500
15:30:47,37.1,38.1,35.7,34.2,50,4775,3505
15:31:47,37.2,38.1,35.6,34.1,50,4693,3524
15:32:46,37.1,38.2,35.7,34.1,50,4693,3521
15:33:46,37.0,38.0,35.7,34.1,50,4693,3510
15:34:46,37.2,38.0,35.7,34.1,50,4693,3508
15:35:45,37.0,38.1,35.7,34.1,50,4693,3510
15:36:45,36.8,37.9,35.7,34.0,49,4693,3521
15:37:45,37.1,38.1,35.7,34.1,50,4693,3497
15:38:45,37.0,38.1,35.6,34.0,49,4693,3497
15:39:44,36.9,38.0,35.7,33.9,49,4693,3516
15:40:44,36.9,38.1,35.7,33.9,50,4693,3532
15:41:44,36.8,38.1,35.7,33.9,50,4639,3502
15:42:43,36.8,38.1,35.6,34.0,49,4639,3524
15:43:43,36.9,38.1,35.7,33.8,49,4639,3494
15:44:43,36.8,37.2,35.0,34.3,49,4639,3510
15:45:43,37.5,36.3,34.2,34.8,49,4561,3502
15:46:42,37.9,35.6,33.5,35.0,49,4415,3510
15:47:42,37.9,35.2,33.0,35.4,49,4369,3497
15:48:42,37.8,34.8,32.6,35.4,49,4234,3502
15:49:41,37.8,34.6,32.3,35.5,49,4174,3500
15:50:41,37.8,34.5,32.0,35.5,50,4045,3510
15:51:41,37.8,34.2,31.9,35.5,50,3979,3513
15:52:41,37.7,34.0,31.7,35.4,50,3876,3500
15:53:41,37.7,34.0,31.5,35.4,51,3814,3521
15:54:41,37.5,33.7,31.4,35.3,50,3773,3500
15:55:40,37.6,33.7,31.3,35.3,50,3663,3513
15:56:40,37.5,33.6,31.1,35.2,51,3601,3521
15:57:40,37.5,33.5,31.1,35.2,51,3555,3519
15:58:40,37.5,33.4,31.1,35.1,51,3482,3508
15:59:40,37.4,33.4,31.0,35.1,51,3482,3502
16:0:40,37.4,33.4,31.1,35.0,51,3431,3508
16:1:40,37.3,33.3,30.9,35.0,51,3388,3510
16:2:39,37.3,33.3,30.9,35.0,51,3333,3521
16:3:39,37.3,33.4,30.8,34.9,51,3296,3500
16:4:39,37.4,33.2,30.8,34.9,51,3240,3519
16:5:39,37.3,33.2,30.7,35.0,51,3206,3508
16:6:39,37.4,33.1,30.7,34.9,51,3206,3508
16:7:39,37.3,33.1,30.7,34.9,52,3167,3521
16:8:39,37.2,33.0,30.6,34.8,51,3167,3510
16:9:39,37.2,33.1,30.7,34.8,52,3110,3508
16:10:39,37.1,32.9,30.6,34.7,52,3110,3508
16:11:38,37.2,33.0,30.7,34.7,52,3032,3497
16:12:38,37.1,33.1,30.6,34.7,52,3032,3505
16:13:38,37.1,33.0,30.6,34.6,52,3032,3510
16:14:38,37.1,32.9,30.6,34.7,52,2998,3513
16:15:38,37.0,32.9,30.4,34.8,52,2998,3521
16:16:38,36.9,32.9,30.4,34.7,52,2967,3510
16:17:38,37.0,32.8,30.5,34.7,52,2919,3502
16:18:38,37.0,32.8,30.4,34.7,52,2919,3502
16:19:38,37.0,32.9,30.5,34.6,52,2874,3510
16:20:38,37.0,32.9,30.4,34.7,52,2874,3500
16:21:38,37.0,32.9,30.5,34.6,52,2844,3510
16:22:38,37.1,32.9,30.4,34.6,52,2844,3502
16:23:38,36.9,32.9,30.3,34.6,52,2844,3502
16:24:37,36.9,32.9,30.4,34.7,52,2799,3505
16:25:37,37.0,32.8,30.4,34.5,52,2799,3521
16:26:37,37.0,32.8,30.4,34.7,52,2799,3516
16:27:37,37.0,32.8,30.5,34.6,52,2765,3521
16:28:37,37.0,32.9,30.4,34.6,52,2765,3521
16:29:37,37.0,32.7,30.5,34.6,53,2724,3510
16:30:37,37.0,32.9,30.4,34.6,52,2724,3494
16:31:37,37.1,32.8,30.3,34.5,52,2724,3502
16:32:37,36.9,32.8,30.3,34.6,52,2724,3527
16:33:37,37.0,32.7,30.4,34.5,52,2696,3521
16:34:37,36.7,32.8,30.3,34.0,52,2625,3527
16:35:37,36.9,32.6,30.1,34.1,52,2661,3510
16:36:37,36.8,32.5,29.9,34.3,53,2696,3502
16:37:37,37.0,32.6,29.8,34.6,53,2724,3510
16:38:37,36.9,32.5,29.9,34.7,54,2724,3521
16:39:36,36.9,32.5,29.9,34.7,54,2765,3521
16:40:36,37.1,32.6,29.9,34.8,54,2765,3508
16:41:36,37.0,32.5,29.9,34.9,54,2799,3521
16:42:36,37.0,32.6,29.8,34.9,54,2799,3505
16:43:36,37.1,32.7,29.8,35.0,54,2799,3502
16:44:36,37.2,32.6,29.9,34.9,54,2844,3521
16:45:36,37.0,32.6,29.9,35.0,54,2844,3513
16:46:36,37.1,32.6,29.8,35.0,54,2844,3502
16:47:36,37.0,32.6,29.8,35.0,54,2844,3510
16:48:36,37.0,32.6,29.9,35.0,54,2844,3510
16:49:36,37.0,32.6,29.9,35.1,54,2844,3502
16:50:35,37.0,32.6,29.9,35.0,53,2844,3516
16:51:35,37.0,32.5,29.8,35.1,54,2844,3513
16:52:35,37.0,32.6,29.8,35.1,53,2844,3521
16:53:35,37.1,32.6,29.8,35.0,54,2844,3519
16:54:35,36.9,32.6,29.8,35.0,53,2844,3494
16:55:35,37.1,32.5,29.8,35.1,53,2844,3516
16:56:35,36.9,32.5,30.0,34.9,54,2844,3497
16:57:35,37.0,32.6,29.9,34.9,53,2844,3510
16:58:35,37.0,32.6,29.9,34.9,53,2799,3500
16:59:34,37.0,32.5,29.9,34.9,53,2844,3521
17:0:34,37.0,32.6,29.8,35.0,54,2799,3508
17:1:34,36.9,32.5,29.8,34.8,53,2799,3521
17:2:34,36.9,32.6,29.9,34.9,53,2799,3508
17:3:34,36.8,32.5,29.8,34.9,53,2799,3500
17:4:34,37.1,32.6,29.9,35.0,53,2799,3524
17:5:34,37.0,32.5,29.8,34.9,53,2799,3516
17:6:34,37.0,32.5,29.8,35.0,53,2799,3521
17:7:34,37.0,32.6,29.8,34.9,53,2799,3497
17:8:34,36.9,32.6,29.8,35.0,53,2799,3508
17:9:33,37.1,32.6,29.6,34.9,53,2765,3521
17:10:33,37.0,32.6,29.7,34.8,53,2765,3497
17:11:33,37.0,32.6,29.7,34.8,53,2765,3502
17:12:33,36.9,32.4,29.7,34.8,53,2765,3508
17:13:33,36.4,32.2,29.8,33.9,53,2696,3497
17:14:33,35.7,31.9,29.8,33.9,53,2661,3505
17:15:33,35.3,31.5,29.8,34.0,53,2596,3500
17:16:33,35.1,31.3,29.8,34.0,53,2528,3521
17:17:33,34.9,31.1,29.7,34.1,54,2464,3521
17:18:33,34.6,30.8,29.5,34.1,54,2464,3510
17:19:33,34.5,30.8,29.6,34.1,54,2411,3513
17:20:33,34.5,30.7,29.5,34.2,55,2376,3510
17:21:33,34.4,30.5,29.6,34.2,55,2376,3508
17:22:34,34.3,30.5,29.3,34.1,55,2351,3502
17:23:34,34.2,30.4,29.3,34.1,55,2318,3519
17:24:34,34.2,30.3,29.4,34.1,56,2289,3513
17:25:34,34.3,30.2,29.3,34.0,56,2261,3505
17:26:34,34.1,30.1,29.3,34.0,56,2242,3510
17:27:34,34.2,30.2,29.2,34.1,56,2242,3508
17:28:34,34.1,30.3,29.4,34.0,56,2212,3510
17:29:34,34.1,30.1,29.2,34.0,56,2212,3508
17:30:35,34.0,30.2,29.2,34.0,56,2186,3527
17:31:35,34.1,30.1,29.2,34.0,57,2186,3502
17:32:35,33.9,30.0,29.1,34.0,57,2164,3513
17:33:35,34.1,30.0,29.2,34.0,57,2164,3502
17:34:35,34.0,30.0,29.1,34.0,57,2164,3497
17:35:35,34.0,30.1,29.0,33.9,57,2130,3486
17:36:35,34.0,30.1,29.2,34.0,57,2130,3502
17:37:36,34.0,30.0,29.2,33.9,57,2108,3500
17:38:36,33.9,29.9,29.1,33.5,58,2078,3497
17:39:36,33.7,29.2,29.4,35.1,57,2060,3516
17:40:36,33.5,28.8,29.7,35.9,56,2060,3497
17:41:36,33.3,28.6,30.1,36.2,56,2060,3497
17:42:36,33.4,28.4,30.3,36.4,56,2060,3508
17:43:36,33.4,28.4,30.4,36.5,55,2060,3519
17:44:37,33.4,28.4,30.7,36.6,55,2078,3505
17:45:37,33.4,28.5,30.8,36.6,55,2060,3508
17:46:37,33.5,28.4,31.0,36.6,55,2060,3510
17:47:37,33.5,28.4,31.0,36.6,55,2060,3502
17:48:37,33.5,28.6,31.2,36.7,55,2060,3521
17:49:37,33.7,28.6,31.3,36.7,55,2060,3491
17:50:37,33.6,28.5,31.2,36.9,55,2060,3497
17:51:37,33.7,28.5,31.4,36.9,54,2060,3510
17:52:37,33.5,28.6,31.4,36.8,55,2060,3502
17:53:37,33.7,28.5,31.6,36.7,54,2060,3502
17:54:37,33.7,28.5,31.4,36.7,54,2060,3521
17:55:37,33.7,28.6,31.4,36.8,54,2060,3508
17:56:37,33.7,28.7,31.5,36.7,54,2060,3519
17:57:37,33.6,28.7,31.5,36.7,54,2060,3508
17:58:37,33.6,28.7,31.6,36.7,54,2060,3505
17:59:37,33.8,28.6,31.5,36.7,54,2060,3505
18:0:37,33.7,28.7,31.6,36.8,54,2060,3510
18:1:37,33.8,28.8,31.6,36.7,54,2060,3516
18:2:38,33.9,28.7,31.6,36.9,54,2060,3502
18:3:38,33.9,28.7,31.6,36.6,54,2060,3510
18:4:38,33.7,28.8,31.6,36.6,54,2060,3510
18:5:38,33.7,28.8,31.6,36.6,54,2060,3494
18:6:38,33.8,28.8,31.6,36.7,54,2060,3508
18:7:38,33.8,28.7,31.7,36.7,54,2029,3513
18:8:38,33.8,28.8,31.7,36.6,54,2078,3500
18:9:38,33.8,29.1,31.2,36.1,54,2008,3508
18:10:38,34.0,29.3,31.3,36.4,54,2060,3521
18:11:38,34.0,29.3,31.4,36.7,54,2078,3513
18:12:38,34.0,29.6,31.6,36.8,54,2108,3505
18:13:38,34.0,29.7,31.8,36.8,55,2108,3521
18:14:38,34.1,29.7,31.8,36.7,54,2130,3502
18:15:38,34.1,29.8,32.0,36.8,54,2164,3497
18:16:38,34.2,29.9,32.1,36.8,54,2164,3527
18:17:38,34.3,29.9,32.1,36.9,54,2186,3508
18:18:38,34.3,30.0,32.2,36.8,54,2212,3508
18:19:38,34.2,30.0,32.1,36.9,54,2212,3500
18:20:38,34.5,30.0,32.2,37.0,54,2212,3510
18:21:38,34.4,30.0,32.4,36.9,54,2242,3508
18:22:38,34.4,30.0,32.4,36.8,53,2261,3521
18:23:38,34.5,30.0,32.3,36.9,54,2261,3524
18:24:38,34.5,30.0,32.2,36.9,53,2261,3527
18:25:38,34.5,30.0,32.3,36.9,53,2289,3510
18:26:38,34.5,30.0,32.5,36.8,53,2289,3510
18:27:38,34.5,30.2,32.4,36.9,53,2318,3510
18:28:38,34.5,30.2,32.4,37.0,53,2318,3505
18:29:37,34.5,30.2,32.5,37.0,53,2318,3505
18:30:37,34.7,30.2,32.3,37.0,53,2318,3510
18:31:37,34.6,30.2,32.5,37.0,53,2318,3521
18:32:37,34.6,30.3,32.5,37.0,53,2318,3510
18:33:37,34.5,30.3,32.6,37.0,53,2289,3519
18:34:37,34.5,30.2,32.4,36.9,53,2318,3505
18:35:37,34.5,30.2,32.5,36.9,53,2318,3508
18:36:37,34.6,30.3,32.5,37.0,53,2318,3510
18:37:37,34.5,30.3,32.6,36.8,53,2318,3516
18:38:37,34.6,30.2,32.5,37.0,53,2318,3497
18:39:37,34.5,30.3,32.5,36.8,53,2318,3510
18:40:37,34.6,30.3,32.5,36.9,52,2318,3513
18:41:37,34.5,30.2,32.4,36.9,53,2318,3513
18:42:37,34.5,30.3,32.7,37.0,53,2318,3510
18:43:37,34.6,30.4,32.6,36.9,53,2318,3516
18:44:37,34.6,30.3,32.5,37.0,52,2318,3491
18:45:37,34.5,30.3,32.6,36.9,52,2351,3510
18:46:37,34.5,30.3,32.5,36.9,52,2318,3530
18:47:36,34.5,30.3,32.5,36.9,52,2318,3516
18:48:36,34.6,30.3,32.6,36.8,53,2351,3521
18:49:36,34.5,30.3,32.6,36.8,52,2318,3516
18:50:36,34.7,30.4,32.6,36.9,52,2318,3505
18:51:36,34.5,30.3,32.3,36.8,52,2318,3505
18:52:36,34.7,30.2,32.4,36.9,52,2318,3524
18:53:36,34.6,30.3,32.5,36.7,52,2318,3513
18:54:36,34.5,30.4,32.4,36.7,52,2289,3505
18:55:36,34.5,30.3,31.6,35.5,52,2212,3516
18:56:36,34.1,30.0,31.4,35.4,51,2130,3510
18:57:36,33.7,29.6,31.2,35.0,51,2078,3513
18:58:36,33.4,29.4,31.1,35.1,51,2029,3505
18:59:36,33.0,29.4,31.1,35.5,51,1962,3513
19:0:36,32.7,29.3,31.5,36.1,51,1962,3513
19:1:37,32.6,29.2,31.7,36.2,51,1962,3500
19:2:37,32.4,29.1,31.8,36.4,52,1944,3516
19:3:37,32.4,29.1,32.1,36.4,52,1944,3508
19:4:37,32.4,29.1,32.1,36.5,52,1944,3513
19:5:37,32.4,29.1,32.1,36.4,52,1944,3519
19:6:37,32.2,29.2,32.4,36.5,52,1944,3508
19:7:37,32.4,29.3,32.4,36.4,52,1944,3497
19:8:37,32.4,29.2,32.4,36.6,52,1916,3530
19:9:37,32.4,29.2,32.4,36.4,52,1916,3510
19:10:37,32.3,29.2,32.6,36.5,52,1916,3521
19:11:37,32.4,29.1,32.5,36.5,53,1916,3521
19:12:38,32.4,29.2,32.6,36.5,53,1916,3516
19:13:38,32.3,29.4,32.6,36.5,52,1916,3521
19:14:38,32.5,29.2,32.7,36.6,52,1916,3513
19:15:38,32.5,29.3,32.6,36.7,52,1916,3497
19:16:38,32.5,29.3,32.7,36.5,53,1916,3497
19:17:38,32.5,29.2,32.7,36.6,52,1896,3510
19:18:38,32.5,29.2,32.7,36.4,53,1916,3524
19:19:38,32.4,29.3,32.6,36.4,52,1896,3494
19:20:38,32.4,29.4,32.7,36.5,53,1916,3510
19:21:38,32.5,29.4,32.8,36.6,53,1896,3516
19:22:38,32.5,29.3,32.7,36.5,52,1896,3508
19:23:38,32.4,29.3,32.8,36.5,52,1896,3519
19:24:38,32.6,29.3,32.9,36.6,53,1896,3519
19:25:39,32.6,29.4,32.7,36.4,53,1896,3505
19:26:39,32.4,29.4,32.8,36.5,52,1896,3510
19:27:39,32.5,29.4,32.8,36.5,53,1896,3516
19:28:39,32.6,29.4,32.7,36.4,52,1867,3500
19:29:39,32.5,29.4,32.7,36.5,53,1867,3510
19:30:39,32.6,29.2,32.8,36.5,53,1867,3513
19:31:39,32.7,29.1,32.8,36.6,52,1896,3510
19:32:39,32.5,29.4,32.7,36.5,53,1867,3502
19:33:39,32.5,29.3,32.7,36.6,53,1867,3519
19:34:39,32.7,29.3,32.7,36.6,52,1867,3510
19:35:39,32.5,29.3,32.7,36.5,53,1867,3510
19:36:39,32.6,29.3,32.7,36.5,52,1867,3510
19:37:39,32.5,29.2,32.7,36.5,52,1867,3513
19:38:39,32.6,29.4,32.8,36.5,52,1851,3505
19:39:39,32.6,29.3,32.8,36.4,52,1867,3508
19:40:39,32.5,29.3,32.8,36.4,53,1851,3510
19:41:40,32.5,29.3,32.7,36.5,52,1851,3508
19:42:40,32.5,29.3,32.7,36.5,52,1851,3510
19:43:40,32.5,29.4,32.7,36.5,52,1851,3516
19:44:40,32.5,29.3,32.7,36.5,52,1851,3513
19:45:40,32.5,29.3,32.7,36.5,52,1851,3505
19:46:40,32.5,29.4,32.7,36.7,52,1832,3491
19:47:40,32.6,29.3,32.7,36.4,52,1832,3510
19:48:40,32.6,29.3,32.6,36.5,52,1832,3500
19:49:40,32.6,29.3,32.7,36.5,52,1851,3516
19:50:40,32.5,29.3,32.7,36.5,52,1832,3521
19:51:40,32.6,29.3,32.7,36.5,52,1832,3508
19:52:40,32.5,29.4,32.7,36.5,52,1832,3524
19:53:40,32.6,29.3,32.6,36.5,52,1832,3505
19:54:40,32.6,29.3,32.7,36.4,52,1832,3516
19:55:40,32.4,29.5,32.7,36.5,52,1832,3510
19:56:40,32.6,29.3,32.7,36.5,52,1832,3502
19:57:41,32.6,29.2,32.8,36.4,52,1806,3502
19:58:41,32.5,29.2,32.6,36.5,52,1806,3505
19:59:41,32.5,29.4,32.6,36.5,52,1832,3505
20:0:41,32.5,29.3,32.6,36.3,52,1832,3494
20:1:41,34.3,30.4,31.5,34.8,52,1832,3505
20:2:41,35.6,31.5,30.5,34.0,53,1851,3505
20:3:41,36.2,32.4,29.8,33.4,53,1851,3519
20:4:41,36.4,33.0,29.6,33.0,53,1896,3505
20:5:41,36.4,33.3,29.3,32.8,52,1896,3502
20:6:41,36.5,33.5,29.4,32.5,52,1896,3500
20:7:41,36.5,33.6,29.2,32.5,53,1916,3532
20:8:41,36.5,33.7,29.2,32.4,52,1896,3516
20:9:41,36.4,33.8,29.2,32.3,52,1916,3505
20:10:41,36.5,33.8,29.2,32.4,52,1896,3510
20:11:41,36.5,34.0,29.2,32.2,52,1916,3516
20:12:41,36.5,33.9,29.1,32.3,52,1896,3505
20:13:41,36.6,33.9,29.2,32.3,52,1916,3505
20:14:41,36.4,34.0,29.2,32.3,52,1916,3497
20:15:41,36.6,33.9,29.1,32.3,52,1916,3516
20:16:41,36.6,34.0,29.2,32.2,52,1916,3502
20:17:41,36.5,34.0,29.2,32.1,52,1916,3510
20:18:41,36.4,33.9,29.2,32.1,52,1916,3497
20:19:41,36.5,34.0,29.2,32.3,52,1916,3497
20:20:41,36.7,34.0,29.2,32.2,52,1916,3505
20:21:41,36.6,34.0,29.2,32.1,52,1916,3521
20:22:41,36.5,34.0,29.1,32.1,52,1916,3505
20:23:41,36.6,34.1,29.1,32.1,52,1916,3510
20:24:41,36.6,34.0,29.1,32.2,52,1916,3494
20:25:41,36.5,34.1,29.2,32.1,52,1944,3516
20:26:42,36.4,34.0,29.2,32.2,52,1944,3513
20:27:42,36.4,34.0,29.2,32.2,52,1916,3505
20:28:42,36.3,34.0,29.1,32.1,52,1916,3500
20:29:42,36.4,33.9,29.2,32.2,52,1944,3524
20:30:42,36.4,34.0,29.2,32.1,52,1944,3521
20:31:42,36.4,34.0,29.1,32.1,52,1916,3502
20:32:42,36.5,33.9,29.1,32.1,52,1916,3500
20:33:42,36.5,33.8,29.1,32.2,52,1944,3502
20:34:42,36.5,34.1,29.1,32.2,52,1762,3519
20:35:42,36.5,33.9,29.1,32.1,52,1762,3505
20:36:42,36.5,33.9,29.2,32.2,52,1740,3508
20:37:42,36.5,34.0,29.1,32.1,52,1762,3521
20:38:42,36.4,34.1,29.1,32.0,52,1740,3516
20:39:42,36.4,34.0,29.1,32.1,52,1740,3513
20:40:42,36.3,34.0,29.1,32.1,52,1740,3530
20:41:42,36.4,34.0,29.1,32.0,52,1740,3508
20:42:42,36.3,34.0,29.1,32.1,52,1740,3513
20:43:42,36.3,33.8,29.1,32.0,52,1740,3505
20:44:42,36.3,33.9,29.1,32.1,52,1740,3505
20:45:42,36.4,33.9,29.2,32.0,52,1740,3497
20:46:42,36.4,34.0,29.1,32.1,52,1740,3513
20:47:42,36.3,34.0,29.1,32.0,52,1740,3524
20:48:42,36.5,34.0,29.1,32.0,52,1740,3519
20:49:42,36.4,34.0,29.1,32.0,52,1762,3516
20:50:42,36.5,33.9,29.1,32.1,52,1740,3521
20:51:42,36.4,34.0,29.2,32.1,52,1762,3500
20:52:42,36.4,34.0,29.1,32.1,52,1762,3521
20:53:42,36.3,34.0,29.2,32.0,52,1762,3505
20:54:42,36.4,34.0,29.1,32.1,52,1762,3516
20:55:42,36.4,34.0,29.0,32.1,52,1740,3502
20:56:42,36.4,34.0,29.1,32.0,51,1762,3513
20:57:42,36.4,34.0,29.1,32.1,52,1762,3508
20:58:42,36.3,34.1,29.1,32.0,52,1762,3508
20:59:43,36.4,34.0,29.1,32.0,51,1762,3502
21:0:43,36.4,34.0,29.1,32.2,52,1762,3508
21:1:43,36.4,34.0,29.1,32.1,52,1762,3521
21:2:43,36.4,33.9,29.0,32.0,52,1740,3513
21:3:43,36.5,34.0,29.1,32.1,52,1762,3521
21:4:43,36.4,33.9,29.1,32.1,52,1740,3508
21:5:43,36.5,34.0,29.1,32.0,52,1740,3519
21:6:43,36.4,34.0,29.1,32.1,51,1740,3516
21:7:43,36.5,33.9,29.1,32.0,52,1762,3508
21:8:43,36.4,34.0,29.1,32.0,52,1740,3513
21:9:43,36.4,34.1,29.1,32.1,52,1762,3505
21:10:43,36.3,33.9,29.1,32.1,52,1762,3521
21:11:43,36.4,33.8,29.1,32.0,51,1762,3508
21:12:43,36.5,34.0,29.1,32.1,51,1740,3521
21:13:43,36.4,34.0,29.3,32.1,51,1740,3500
21:14:43,36.4,34.0,29.1,32.0,51,1740,3516
21:15:43,36.5,34.0,29.1,32.0,51,1762,3500
21:16:43,36.4,34.1,29.1,32.0,51,1740,3502
21:17:43,36.3,33.9,29.1,31.9,52,1740,3519
21:18:43,36.4,34.0,29.1,31.9,51,1740,3486
21:19:43,36.5,33.9,29.1,32.0,52,1740,3513
21:20:43,36.5,34.0,29.2,32.0,52,1740,3508
21:21:43,36.5,33.9,29.0,31.9,52,1740,3510
21:22:43,36.4,34.0,29.1,31.9,52,1740,3532
21:23:43,36.5,33.9,29.1,31.9,51,1720,3508
21:24:43,36.6,34.0,29.1,31.9,52,1740,3508
21:25:43,36.6,33.9,29.1,32.0,52,1740,3494
21:26:43,36.5,33.9,29.1,31.9,52,1720,3521
21:27:43,36.5,34.0,29.0,32.0,51,1740,3500
21:28:44,36.6,33.9,29.2,31.9,52,1720,3497
21:29:44,36.6,34.0,29.0,31.9,51,1740,3486
21:30:44,36.6,33.9,28.9,31.9,51,1740,3513
21:31:44,36.5,33.9,29.1,31.9,51,1720,3508
21:32:44,36.5,34.0,29.1,31.9,51,1740,3510
21:33:44,36.4,33.9,29.1,32.1,51,1740,3500
21:34:44,36.6,34.0,29.1,31.9,51,1740,3491
21:35:44,36.6,33.9,29.1,31.9,51,1740,3505
21:36:44,36.6,34.0,29.0,31.9,51,1720,3513
21:37:44,36.6,34.1,29.1,32.0,51,1720,3521
21:38:44,36.5,33.9,29.0,31.9,51,1720,3513
21:39:44,36.4,34.1,29.1,32.1,51,1740,3521
21:40:44,36.4,34.0,29.1,31.9,51,1720,3519
21:41:44,36.5,33.9,29.1,32.0,51,1740,3494
21:42:44,36.5,34.0,29.1,32.0,51,1720,3513
21:43:44,36.5,33.9,29.1,32.0,51,1740,3497
21:44:44,36.6,34.1,29.2,32.0,51,1720,3510
21:45:44,36.6,34.0,29.0,31.8,51,1740,3510
21:46:44,36.5,34.0,29.1,32.0,51,1720,3516
21:47:44,36.6,34.0,29.1,31.8,51,1720,3510
21:48:44,36.5,33.9,29.1,32.0,51,1720,3513
21:49:44,35.6,33.7,29.5,31.3,51,1683,3497
21:50:45,34.6,35.8,30.3,30.3,51,1666,3527
21:51:45,34.1,36.4,31.2,29.8,51,1683,3500
21:52:45,33.8,36.7,31.7,29.4,51,1683,3508
21:53:45,33.5,36.7,31.9,29.0,51,1697,3508
21:54:45,33.6,36.7,32.1,29.0,50,1683,3494
21:55:45,33.5,36.8,32.4,28.8,51,1697,3521
21:56:45,33.3,36.8,32.5,28.8,50,1697,3508
21:57:45,33.4,36.8,32.6,28.8,50,1697,3510
21:58:46,33.3,36.7,32.7,28.7,50,1720,3527
21:59:46,33.3,36.6,32.8,28.7,50,1697,3521
22:0:46,33.3,36.8,32.7,28.8,50,1720,3505
22:1:46,33.3,36.8,32.8,28.7,50,1720,3510
22:2:46,33.4,36.7,32.7,28.7,50,1720,3510
22:3:46,33.3,36.7,32.9,28.7,49,1720,3513
22:4:46,33.3,36.7,32.8,28.6,50,1720,3516
22:5:46,33.3,36.8,32.8,28.7,49,1720,3516
22:6:47,33.3,36.9,33.0,28.7,50,1720,3500
22:7:47,33.2,36.7,32.8,28.7,49,1720,3505
22:8:47,33.2,36.8,32.9,28.7,49,1720,3502
22:9:47,33.3,36.8,32.8,28.6,50,1720,3508
22:10:47,33.2,36.7,32.9,28.6,50,1720,3524
22:11:47,33.2,36.7,32.7,28.7,49,1720,3505
22:12:47,33.2,36.8,32.8,28.7,49,1720,3502
22:13:47,33.3,36.8,32.8,28.7,49,1720,3513
22:14:48,33.4,36.8,32.9,28.7,49,1720,3519
22:15:48,33.2,36.8,32.9,28.6,49,1720,3500
22:16:48,33.1,36.7,32.7,28.7,49,1720,3494
22:17:48,33.1,36.8,32.8,28.5,49,1720,3508
22:18:48,33.2,36.7,32.8,28.7,49,1720,3497
22:19:48,33.2,36.9,32.8,28.6,49,1720,3519
22:20:48,33.3,36.8,32.9,28.7,49,1720,3505
22:21:48,33.2,36.7,32.8,28.6,49,1720,3510
22:22:49,33.2,36.8,32.8,28.6,49,1720,3510
22:23:49,33.2,36.7,32.8,28.6,49,1740,3524
22:24:49,33.3,36.8,32.9,28.7,49,1720,3497
22:25:49,33.2,36.7,32.9,28.7,49,1740,3521
22:26:49,33.3,36.9,32.9,28.6,49,1720,3510
22:27:49,33.3,36.7,32.8,28.6,49,1762,3510
22:28:49,33.1,36.5,32.8,28.7,49,1740,3524
22:29:49,32.4,36.0,32.7,28.8,49,1666,3519
22:30:50,32.4,36.5,32.6,28.7,48,1643,3508
22:31:50,32.5,36.5,32.6,28.7,48,1630,3513
22:32:50,32.7,36.6,32.5,28.6,48,1613,3508
22:33:50,32.7,36.6,32.5,28.7,48,1630,3500
22:34:50,32.7,36.6,32.5,28.5,48,1613,3502
22:35:51,32.8,36.5,32.5,28.7,48,1613,3516
22:36:51,32.9,36.5,32.5,28.7,48,1613,3513
22:37:51,32.9,36.6,32.5,28.8,48,1613,3486
22:38:51,32.9,36.5,32.6,28.6,48,1613,3521
22:39:51,32.9,36.5,32.6,28.7,48,1613,3510
22:40:51,33.0,36.5,32.5,28.7,48,1613,3505
22:41:52,33.0,36.6,32.6,28.7,48,1613,3510
22:42:52,32.9,36.5,32.5,28.6,48,1600,3497
22:43:52,33.0,36.4,32.5,28.8,49,1600,3497
22:44:52,33.0,36.5,32.6,28.7,48,1600,3497
22:45:52,33.0,36.5,32.6,28.9,48,1600,3508
22:46:52,33.0,36.6,32.6,28.7,48,1600,3491
22:47:53,33.1,36.6,32.6,28.8,48,1600,3505
22:48:53,33.2,36.6,32.7,28.8,48,1600,3510
22:49:53,33.2,36.6,32.6,28.8,48,1600,3510
22:50:53,33.3,36.6,32.7,28.9,48,1600,3502
22:51:53,33.3,36.5,32.7,28.8,48,1600,3516
22:52:53,33.4,36.6,32.5,29.0,48,1600,3510
22:53:53,33.4,36.8,32.5,28.8,48,1600,3516
22:54:54,33.4,36.5,32.7,29.0,48,1600,3521
22:55:54,33.4,36.5,32.6,28.8,48,1600,3510
22:56:54,33.3,36.4,32.6,28.9,48,1600,3521
22:57:54,33.4,36.5,32.6,28.9,48,1600,3510
22:58:54,33.4,36.4,32.7,28.9,48,1600,3521
22:59:54,33.4,36.6,32.7,28.9,48,1600,3502
23:0:54,33.4,36.7,32.7,28.9,48,1600,3500
23:1:55,33.3,36.6,32.6,28.9,48,1600,3510
23:2:55,33.4,36.4,32.7,28.9,48,1600,3516
23:3:55,33.4,36.5,32.8,29.0,48,1600,3524
23:4:55,33.4,36.5,32.6,28.9,48,1600,3510
23:5:55,33.5,36.5,32.7,29.0,48,1600,3505
23:6:55,33.4,36.4,32.7,29.0,48,1600,3497
23:7:55,33.4,36.6,32.7,28.9,48,1613,3530
23:8:56,33.4,36.4,32.8,29.0,48,1613,3510
23:9:56,33.5,36.6,32.8,28.9,48,1600,3513
23:10:56,33.5,36.5,32.8,29.1,48,1600,3508
23:11:56,33.5,36.8,32.7,28.9,48,1600,3521
23:12:56,33.5,36.6,32.6,28.9,48,1600,3521
23:13:56,33.4,36.7,32.7,28.9,48,1600,3497
23:14:56,33.4,36.5,32.7,29.0,48,1600,3510
23:15:56,33.5,36.5,32.7,29.0,48,1600,3505
23:16:57,33.4,36.5,32.7,28.9,48,1600,3502
23:17:57,33.4,36.7,32.7,28.9,48,1600,3521
23:18:57,33.4,36.4,32.7,29.0,48,1600,3519
23:19:57,33.4,36.6,32.7,29.0,48,1600,3516
23:20:57,33.5,36.6,32.8,29.1,48,1600,3497
23:21:57,33.4,36.6,32.7,29.0,48,1600,3519
23:22:57,33.5,36.5,32.9,28.9,48,1600,3505
23:23:58,33.4,36.7,32.8,29.0,48,1600,3510
23:24:58,33.5,36.7,32.7,29.0,48,1600,3502
23:25:58,33.6,36.7,32.8,29.0,48,1613,3510
23:26:58,33.4,36.7,32.8,29.1,48,1613,3508
23:27:58,33.5,36.6,32.8,29.0,48,1613,3502
23:28:58,33.5,36.6,32.7,28.9,48,1613,3508
23:29:58,33.4,36.6,32.7,29.0,48,1613,3505
23:30:59,33.6,36.7,32.7,29.1,48,1600,3508
23:31:59,33.5,36.7,32.8,29.0,48,1613,3513
23:32:59,33.5,36.8,32.8,29.1,48,1613,3505
23:33:59,33.5,36.7,32.9,29.0,48,1600,3510
23:34:59,33.5,36.7,32.7,29.0,48,1600,3497
23:35:59,33.3,36.5,32.8,29.0,48,1600,3513
23:36:59,33.4,36.7,32.8,29.0,48,1600,3510
23:37:59,33.3,36.7,32.8,29.1,48,1600,3497
23:39:0,33.1,36.5,32.7,29.0,48,1600,3508
23:40:0,33.3,36.7,32.7,29.0,48,1600,3505
23:41:0,33.2,36.5,32.7,29.0,48,1600,3521
23:42:0,33.3,36.6,32.7,29.0,48,1578,3508
23:43:0,33.2,36.6,32.7,29.0,48,1600,3513
23:44:0,33.2,36.6,32.7,29.0,48,1600,3491
23:45:1,33.2,36.7,32.8,29.0,48,1600,3508
23:46:1,33.3,36.6,32.8,28.9,48,1600,3516
23:47:1,33.2,36.7,32.7,28.9,48,1600,3516
23:48:1,33.3,36.6,32.7,28.9,48,1600,3527
23:49:1,33.2,36.6,32.7,28.8,48,1600,3521
23:50:1,33.1,36.7,32.7,28.9,48,1578,3510
23:51:1,33.1,36.8,32.7,29.1,48,1600,3505
23:52:2,33.0,36.7,32.6,28.9,47,1578,3502
23:53:2,33.0,36.7,32.6,28.8,48,1578,3497
23:54:2,33.0,36.6,32.7,28.8,48,1565,3530
23:55:2,33.0,36.7,32.5,28.9,48,1578,3508
23:56:2,33.0,36.7,32.6,28.9,48,1578,3519
23:57:2,32.9,36.7,32.5,28.7,48,1565,3502
23:58:3,33.1,36.6,32.6,28.8,48,1578,3491
23:59:3,33.0,36.5,32.5,28.6,48,1565,3521
0:0:3,33.0,36.6,32.5,28.8,48,1565,3510
