0:1:7,32.5,33.5,37.1,36.1,46,1913,3500
0:2:7,32.5,33.6,37.1,36.3,46,1913,3510
0:3:7,32.5,33.5,37.0,36.3,46,1913,3500
0:4:7,32.5,33.5,37.0,36.2,46,1913,3513
0:5:6,32.5,33.6,37.0,36.4,46,1913,3494
0:6:6,32.4,33.6,37.0,36.3,46,1913,3505
0:7:6,32.5,33.6,37.2,36.2,46,1913,3505
0:8:6,32.5,33.5,37.2,36.1,46,1913,3510
0:9:6,32.6,33.6,37.0,36.2,46,1913,3510
0:10:6,32.5,33.6,37.2,36.3,46,1913,3505
0:11:6,32.5,33.6,37.0,36.3,46,1913,3491
0:12:6,32.5,33.6,37.2,36.4,46,1904,3500
0:13:5,32.5,33.6,37.2,36.3,46,1904,3494
0:14:5,32.5,33.6,37.1,36.4,46,1904,3500
0:15:5,32.5,33.5,37.2,36.3,46,1904,3500
0:16:5,32.6,33.5,37.2,36.2,46,1904,3508
0:17:5,32.5,33.5,37.2,36.3,46,1904,3483
0:18:5,32.5,33.6,37.3,36.3,46,1904,3508
0:19:5,32.4,33.6,37.2,36.4,46,1880,3508
0:20:5,32.5,33.6,37.2,36.3,46,1904,3497
0:21:4,32.5,33.5,37.2,36.3,46,1880,3500
0:22:4,32.5,33.6,37.1,36.3,46,1904,3502
0:23:4,32.5,33.6,37.1,36.3,46,1880,3497
0:24:4,32.5,33.5,37.0,36.3,46,1880,3519
0:25:4,32.4,33.5,37.2,36.3,46,1880,3500
0:26:4,32.6,33.6,37.0,36.3,46,1880,3516
0:27:4,32.6,33.4,37.1,36.3,46,1880,3521
0:28:4,32.4,33.6,37.0,36.4,46,1880,3497
0:29:3,32.5,33.5,37.2,36.4,46,1880,3500
0:30:3,32.6,33.5,37.2,36.3,46,1880,3497
0:31:3,32.4,33.6,37.2,36.3,46,1860,3508
0:32:3,32.6,33.6,37.1,36.4,46,1860,3516
0:33:3,32.5,33.5,37.2,36.3,46,1860,3516
0:34:3,32.5,33.5,37.3,36.3,46,1860,3497
0:35:3,32.5,33.6,37.2,36.3,46,1860,3486
0:36:3,32.4,33.5,37.2,36.4,45,1860,3519
0:37:2,32.5,33.5,37.3,36.3,46,1860,3497
0:38:2,32.5,33.5,37.1,36.3,46,1860,3494
0:39:2,32.5,33.5,37.2,36.3,46,1860,3494
0:40:2,32.5,33.6,37.0,36.2,46,1860,3505
0:41:2,32.5,33.5,37.2,36.3,46,1860,3494
0:42:2,32.4,33.5,37.1,36.3,46,1860,3502
0:43:2,32.4,33.6,37.1,36.3,46,1860,3502
0:44:2,32.6,33.4,37.0,36.2,46,1860,3497
0:45:2,32.6,33.4,37.2,36.3,46,1843,3489
0:46:1,32.5,33.4,37.2,36.3,46,1860,3502
0:47:1,32.5,33.5,37.1,36.2,46,1843,3497
0:48:1,32.5,33.4,37.1,36.2,46,1843,3502
0:49:1,32.5,33.6,37.2,36.4,46,1860,3500
0:50:1,32.5,33.4,37.2,36.5,46,1860,3491
0:51:1,32.5,33.5,37.2,36.3,46,1843,3502
0:52:1,32.5,33.5,37.0,36.3,46,1843,3505
0:53:1,32.4,33.5,37.0,36.3,46,1843,3516
0:54:0,32.3,33.4,37.2,36.3,46,1843,3508
0:55:0,32.4,33.3,37.2,36.3,46,1843,3502
0:56:0,32.5,33.5,37.2,36.2,46,1843,3502
0:57:0,32.5,33.5,37.2,36.3,46,1843,3483
0:58:0,32.5,33.5,37.2,36.2,46,1843,3494
0:59:0,32.4,33.5,37.0,36.3,46,1843,3497
1:0:0,32.5,33.5,37.2,36.4,46,1843,3486
1:1:0,32.5,33.5,37.3,36.3,46,1821,3500
1:2:0,32.4,33.6,37.2,36.3,46,1843,3491
1:2:59,32.4,33.5,37.2,36.3,46,1843,3494
1:3:59,32.6,33.5,37.2,36.3,46,1821,3500
1:4:59,32.4,33.5,37.3,36.4,46,1843,3483
1:5:59,32.4,33.6,37.0,36.3,46,1843,3483
1:6:59,32.5,33.4,37.2,36.3,46,1843,3497
1:7:59,32.5,33.6,37.2,36.3,46,1821,3494
1:8:59,32.5,33.6,37.2,36.2,46,1843,3500
1:9:59,32.4,33.6,37.1,36.4,46,1843,3494
1:10:58,32.4,33.6,37.3,36.3,46,1843,3491
1:11:58,32.4,33.5,37.3,36.4,45,1821,3502
1:12:58,32.5,33.5,37.2,36.4,46,1843,3521
1:13:58,32.4,33.5,37.0,36.3,46,1821,3500
1:14:58,32.5,33.5,37.3,36.3,46,1821,3502
1:15:58,32.4,33.5,37.1,36.4,45,1821,3508
1:16:58,32.5,33.5,37.2,36.3,45,1821,3494
1:17:58,32.4,33.4,37.2,36.3,46,1821,3508
1:18:57,32.5,33.5,37.3,36.3,45,1821,3500
1:19:57,32.4,33.5,37.3,36.2,46,1821,3521
1:20:57,32.5,33.6,37.2,36.3,46,1821,3494
1:21:57,32.5,33.6,37.3,36.4,46,1821,3524
1:22:57,32.5,33.6,37.2,36.5,45,1821,3497
1:23:57,32.5,33.6,37.3,36.4,45,1821,3510
1:24:57,32.5,33.4,37.2,36.4,45,1821,3502
1:25:57,32.5,33.5,37.2,36.3,46,1821,3491
1:26:56,32.5,33.5,37.3,36.4,46,1821,3513
1:27:56,32.5,33.4,37.2,36.4,45,1821,3500
1:28:56,32.5,33.4,37.2,36.4,46,1821,3513
1:29:56,32.6,33.2,36.9,36.2,46,1803,3505
1:30:56,32.6,33.0,36.6,36.9,45,1785,3500
1:31:56,32.5,32.9,36.7,37.2,45,1785,3483
1:32:56,32.7,32.9,36.8,37.5,46,1785,3502
1:33:56,32.8,32.9,36.8,37.5,46,1803,3502
1:34:56,32.8,32.8,36.7,37.5,46,1803,3502
1:35:55,32.9,32.9,36.8,37.4,46,1803,3500
1:36:55,32.8,32.7,36.8,37.5,46,1803,3505
1:37:55,32.9,32.9,36.7,37.6,46,1821,3508
1:38:55,32.9,32.8,36.9,37.6,46,1821,3516
1:39:55,32.9,32.9,36.8,37.6,46,1821,3494
1:40:55,32.9,32.9,36.9,37.5,46,1821,3510
1:41:55,33.1,32.9,36.8,37.5,46,1821,3491
1:42:54,33.1,32.9,37.0,37.5,46,1821,3502
1:43:54,33.1,32.9,37.0,37.5,46,1843,3500
1:44:54,33.0,32.9,36.9,37.5,46,1821,3500
1:45:54,33.0,33.0,36.8,37.5,46,1843,3494
1:46:54,33.1,33.0,36.9,37.5,46,1821,3502
1:47:54,33.0,33.0,36.8,37.6,46,1843,3508
1:48:53,33.1,33.0,36.9,37.5,46,1843,3497
1:49:53,33.2,33.1,36.9,37.7,46,1821,3494
1:50:53,33.1,33.0,36.8,37.5,46,1843,3500
1:51:53,33.1,33.1,36.8,37.6,46,1843,3505
1:52:53,33.1,33.0,37.0,37.6,46,1843,3491
1:53:53,33.2,33.1,37.0,37.6,46,1843,3502
1:54:53,33.0,33.1,36.9,37.6,46,1843,3510
1:55:52,33.1,33.2,37.0,37.6,46,1843,3497
1:56:52,33.1,33.1,36.9,37.5,46,1843,3489
1:57:52,33.0,33.1,36.9,37.6,46,1843,3500
1:58:52,33.1,33.1,36.9,37.7,46,1843,3500
1:59:52,33.2,33.1,36.9,37.6,46,1843,3513
2:0:52,33.2,33.2,36.8,37.6,46,1843,3497
2:1:51,33.2,33.2,37.0,37.6,45,1843,3486
2:2:51,33.1,33.2,37.0,37.6,46,1860,3494
2:3:51,33.1,33.2,36.9,37.5,46,1843,3500
2:4:51,33.2,33.2,36.9,37.6,46,1860,3500
2:5:51,33.2,33.1,37.0,37.6,45,1843,3480
2:6:51,33.2,33.1,37.0,37.5,45,1843,3505
2:7:51,33.2,33.1,36.9,37.4,45,1843,3500
2:8:50,33.1,33.2,36.8,37.5,45,1843,3500
2:9:50,33.1,33.1,36.8,37.5,46,1843,3500
2:10:50,33.2,33.2,36.9,37.5,46,1843,3502
2:11:50,33.2,33.1,37.0,37.6,45,1843,3489
2:12:50,33.1,33.1,36.9,37.6,45,1860,3505
2:13:50,33.1,33.1,37.0,37.6,45,1843,3491
2:14:49,33.2,33.1,36.8,37.6,45,1843,3502
2:15:49,33.1,33.1,37.0,37.7,45,1843,3505
2:16:49,33.1,33.1,37.1,37.7,46,1860,3500
2:17:49,33.2,33.2,37.0,37.7,46,1843,3500
2:18:49,33.3,33.1,37.0,37.7,46,1860,3497
2:19:49,33.2,33.0,37.0,37.6,45,1860,3502
2:20:48,33.1,33.1,37.1,37.7,46,1860,3502
2:21:48,33.1,33.1,37.1,37.6,46,1843,3508
2:22:48,33.2,33.1,37.1,37.7,46,1860,3505
2:23:48,33.2,33.1,37.0,37.6,46,1843,3486
2:24:48,33.2,33.2,37.0,37.6,45,1843,3505
2:25:48,33.2,33.2,37.1,37.6,45,1843,3505
2:26:47,33.2,33.2,37.0,37.5,45,1860,3494
2:27:47,33.2,33.0,37.0,37.6,45,1860,3500
2:28:47,33.2,33.2,37.0,37.6,46,1843,3486
2:29:47,33.3,33.2,37.0,37.7,46,1860,3494
2:30:47,33.2,33.1,37.0,37.6,45,1843,3505
2:31:47,33.2,33.1,37.1,37.7,45,1843,3494
2:32:46,33.2,33.0,37.0,37.6,45,1843,3491
2:33:46,33.1,33.1,37.0,37.7,45,1843,3497
2:34:46,33.2,33.2,36.9,37.6,45,1860,3491
2:35:46,33.2,33.1,37.1,37.6,45,1843,3489
2:36:46,33.2,33.2,37.0,37.5,46,1860,3502
2:37:46,33.3,33.2,37.0,37.7,45,1860,3513
2:38:45,33.2,33.1,37.0,37.6,45,1843,3486
2:39:45,33.3,33.2,37.1,37.7,45,1843,3500
2:40:45,33.2,33.1,37.0,37.8,46,1843,3475
2:41:45,33.2,33.1,36.9,37.7,45,1843,3494
2:42:45,33.2,33.1,37.1,37.6,46,1843,3502
2:43:45,33.2,33.0,36.9,37.6,45,1843,3502
2:44:44,33.2,33.0,36.9,37.7,45,1843,3494
2:45:44,33.3,33.1,36.9,37.6,45,1821,3510
2:46:44,33.2,33.0,37.0,37.6,45,1843,3500
2:47:44,33.2,33.1,37.0,37.7,45,1843,3489
2:48:44,33.2,33.1,36.9,37.8,45,1843,3489
2:49:44,33.3,33.1,37.1,37.7,45,1843,3500
2:50:44,33.3,33.2,36.9,37.7,45,1843,3497
2:51:43,33.1,33.0,36.9,37.8,45,1843,3497
2:52:43,33.3,33.1,37.1,37.8,45,1843,3502
2:53:43,33.3,33.1,36.9,37.8,45,1843,3489
2:54:43,33.3,33.1,37.0,37.8,45,1843,3494
2:55:43,33.3,33.0,36.9,37.8,45,1843,3489
2:56:43,33.2,33.1,37.0,37.7,45,1843,3483
2:57:42,33.2,33.1,37.0,37.8,45,1821,3500
2:58:42,33.1,33.1,37.1,37.7,45,1860,3510
2:59:42,33.2,33.2,37.1,37.9,45,1860,3513
3:0:42,33.3,33.1,36.9,37.6,45,1843,3502
3:1:42,33.5,33.0,37.0,37.8,45,1843,3505
3:2:42,33.1,33.1,37.0,37.7,45,1843,3513
3:3:41,33.3,33.2,37.0,37.9,45,1843,3502
3:4:41,33.2,33.1,37.1,37.8,45,1843,3500
3:5:41,33.3,33.0,37.1,37.8,45,1843,3489
3:6:41,33.2,33.1,37.1,37.8,45,1843,3497
3:7:41,33.3,33.2,37.0,37.7,45,1843,3497
3:8:41,33.3,33.2,37.0,37.8,45,1843,3491
3:9:40,33.3,33.1,37.1,37.7,45,1843,3508
3:10:40,33.4,33.1,37.2,37.8,45,1843,3500
3:11:40,33.2,33.1,37.0,37.8,45,1843,3505
3:12:40,33.3,33.1,37.0,37.8,45,1843,3494
3:13:40,33.3,33.2,37.0,37.8,45,1843,3500
3:14:40,33.3,33.2,37.3,37.8,45,1843,3497
3:15:39,33.3,33.1,37.0,37.8,45,1843,3494
3:16:39,33.3,33.0,37.0,37.8,45,1843,3505
3:17:39,33.2,33.1,37.0,37.8,45,1843,3500
3:18:39,33.3,33.2,37.2,37.8,45,1860,3491
3:19:39,33.2,33.1,37.1,37.8,45,1860,3502
3:20:39,33.3,33.3,37.0,37.8,45,1860,3505
3:21:38,33.4,33.1,37.1,37.9,45,1843,3483
3:22:38,33.2,33.1,37.2,37.8,45,1843,3483
3:23:38,33.2,33.2,37.1,37.9,45,1843,3497
3:24:38,33.4,33.1,37.2,37.8,45,1843,3508
3:25:38,33.3,33.1,37.0,37.8,45,1843,3505
3:26:37,33.2,33.0,37.2,37.8,45,1843,3502
3:27:37,33.3,33.1,36.9,37.8,45,1843,3505
3:28:37,33.3,33.1,37.1,37.9,45,1843,3510
3:29:37,33.2,33.2,37.0,37.8,45,1843,3500
3:30:37,33.3,33.1,37.0,37.9,45,1843,3500
3:31:37,33.3,33.3,36.8,36.7,45,1821,3497
3:32:36,33.1,33.3,37.3,36.7,45,1860,3505
3:33:36,33.0,33.4,37.6,36.7,46,1860,3486
3:34:36,32.9,33.6,37.6,36.6,46,1880,3500
3:35:36,32.9,33.7,37.6,36.6,46,1913,3491
3:36:36,32.8,33.8,37.8,36.7,46,1936,3494
3:37:36,32.8,33.9,37.8,36.7,46,1955,3500
3:38:35,32.9,34.1,37.8,36.6,46,1955,3500
3:39:35,32.9,34.1,37.7,36.7,46,1974,3469
3:40:35,32.9,34.2,37.8,36.8,46,1974,3505
3:41:35,32.8,34.2,37.7,36.6,46,2022,3497
3:42:35,32.9,34.4,37.8,36.8,46,2022,3497
3:43:34,32.9,34.3,37.8,36.8,46,2056,3510
3:44:34,33.0,34.3,37.9,36.7,46,2056,3497
3:45:34,33.0,34.4,37.7,36.7,46,2082,3497
3:46:34,33.1,34.4,37.8,36.7,46,2100,3513
3:47:34,33.0,34.3,37.8,36.8,46,2100,3505
3:48:33,33.1,34.4,37.9,36.9,46,2100,3500
3:49:33,33.0,34.4,37.8,36.8,46,2132,3491
3:50:33,33.1,34.4,37.9,36.9,46,2132,3491
3:51:33,33.2,34.5,38.0,36.9,46,2158,3502
3:52:33,33.2,34.4,37.9,37.0,46,2158,3491
3:53:32,33.1,34.4,38.0,36.8,46,2180,3508
3:54:32,33.1,34.5,37.9,36.8,46,2180,3497
3:55:32,33.1,34.4,37.9,36.7,46,2180,3510
3:56:32,33.1,34.5,37.9,37.0,46,2201,3491
3:57:31,33.2,34.5,37.9,37.0,46,2201,3497
3:58:31,33.2,34.3,37.9,36.9,46,2201,3510
3:59:31,33.2,34.5,38.0,36.8,46,2226,3491
4:0:31,33.1,34.6,37.9,36.8,46,2226,3500
4:1:31,33.2,34.6,37.9,36.9,46,2226,3502
4:2:30,33.2,34.7,37.9,36.9,46,2261,3491
4:3:30,33.2,34.7,38.0,37.0,46,2261,3497
4:4:30,33.2,34.7,38.0,36.9,46,2261,3508
4:5:30,33.2,34.8,38.0,37.0,46,2283,3500
4:6:29,33.3,34.6,38.0,36.9,46,2283,3516
4:7:29,33.3,34.8,37.8,37.0,46,2283,3505
4:8:29,33.3,34.7,37.9,36.9,46,2283,3489
4:9:29,33.3,34.6,38.0,36.9,46,2306,3502
4:10:28,33.2,34.6,38.0,36.9,46,2306,3510
4:11:28,33.1,34.8,38.1,37.0,46,2340,3500
4:12:28,33.2,34.6,38.0,36.9,46,2340,3497
4:13:28,33.3,34.6,38.0,37.0,46,2340,3510
4:14:28,33.2,34.6,38.2,36.8,46,2340,3508
4:15:27,33.2,34.6,38.1,37.0,46,2340,3510
4:16:27,33.3,34.6,38.1,37.0,46,2340,3489
4:17:27,33.3,34.6,38.0,37.0,46,2363,3500
4:18:27,33.3,34.6,38.1,37.0,46,2340,3510
4:19:26,33.2,34.6,38.1,37.0,46,2363,3508
4:20:26,33.3,34.6,38.0,37.0,46,2363,3497
4:21:26,33.3,34.6,38.1,36.9,46,2363,3505
4:22:26,33.2,34.7,38.0,37.0,46,2363,3500
4:23:25,33.3,34.7,38.2,37.1,46,2386,3505
4:24:25,33.2,34.6,38.1,36.8,46,2386,3486
4:25:25,33.2,34.6,38.0,37.0,46,2386,3513
4:26:25,33.3,34.6,38.1,37.0,46,2386,3497
4:27:24,33.3,34.6,38.2,36.9,46,2386,3500
4:28:24,33.3,34.6,38.1,37.0,46,2386,3505
4:29:24,33.2,34.6,38.1,37.0,46,2386,3491
4:30:24,33.2,34.5,38.1,37.1,46,2428,3494
4:31:23,33.3,34.5,38.1,36.9,46,2386,3497
4:32:23,33.2,34.6,38.1,37.0,46,2428,3497
4:33:23,33.3,34.6,38.1,37.0,46,2428,3510
4:34:23,33.2,34.6,38.2,37.1,46,2428,3491
4:35:23,33.3,34.5,38.1,37.0,46,2428,3505
4:36:22,33.2,34.6,38.2,37.2,46,2456,3497
4:37:22,33.3,34.5,38.1,37.0,46,2456,3505
4:38:22,33.3,34.7,38.2,37.2,46,2485,3505
4:39:22,33.3,34.6,38.2,37.1,46,2456,3500
4:40:21,33.6,34.5,37.7,37.3,46,2456,3480
4:41:21,33.9,34.2,37.3,38.1,45,2456,3478
4:42:21,34.0,34.0,37.2,38.3,46,2456,3510
4:43:21,34.3,33.9,37.0,38.3,46,2456,3497
4:44:20,34.3,33.7,37.1,38.3,46,2456,3510
4:45:20,34.3,33.7,36.9,38.4,46,2456,3494
4:46:20,34.4,33.6,36.9,38.3,46,2428,3486
4:47:19,34.4,33.4,36.8,38.4,46,2386,3505
4:48:19,34.4,33.4,36.9,38.4,46,2386,3505
4:49:19,34.3,33.3,36.9,38.3,46,2386,3505
4:50:19,34.4,33.2,36.9,38.3,46,2386,3483
4:51:18,34.3,33.2,36.8,38.3,46,2363,3497
4:52:18,34.4,33.2,36.9,38.3,46,2363,3486
4:53:18,34.3,33.2,36.7,38.3,46,2363,3497
4:54:18,34.4,33.2,36.8,38.3,46,2340,3486
4:55:17,34.2,33.1,36.7,38.4,46,2340,3491
4:56:17,34.2,33.1,36.7,38.3,45,2340,3505
4:57:17,34.2,33.1,36.8,38.3,46,2306,3502
4:58:17,34.1,33.1,36.7,38.3,45,2340,3483
4:59:16,34.3,33.0,36.8,38.4,46,2306,3489
5:0:16,34.3,33.1,36.7,38.3,45,2306,3491
5:1:16,34.2,33.0,36.7,38.3,46,2283,3491
5:2:16,34.2,33.0,36.6,38.2,45,2283,3500
5:3:15,34.2,33.1,36.6,38.2,45,2283,3500
5:4:15,34.1,32.9,36.5,38.3,46,2261,3494
5:5:15,34.2,32.9,36.7,38.3,46,2283,3489
5:6:15,34.2,32.9,36.6,38.3,45,2261,3500
5:7:15,34.1,33.0,36.6,38.4,46,2261,3500
5:8:14,34.1,32.9,36.6,38.4,45,2261,3505
5:9:14,34.1,33.0,36.6,38.3,45,2261,3500
5:10:14,34.1,32.9,36.6,38.3,45,2261,3497
5:11:14,34.3,32.9,36.7,38.3,45,2226,3502
5:12:13,34.2,33.0,36.7,38.4,45,2226,3486
5:13:13,34.1,33.0,36.7,38.3,46,2226,3500
5:14:13,34.1,32.9,36.6,38.3,45,2226,3500
5:15:13,34.0,32.9,36.6,38.3,45,2226,3475
5:16:12,34.1,32.9,36.6,38.3,45,2226,3483
5:17:12,34.1,32.9,36.8,38.3,46,2201,3480
5:18:12,34.0,32.8,36.7,38.3,45,2226,3502
5:19:12,34.1,32.9,36.7,38.4,45,2201,3497
5:20:11,34.0,33.0,36.7,38.4,45,2201,3494
5:21:11,34.0,32.9,36.7,38.2,45,2201,3502
5:22:11,34.0,32.9,36.7,38.4,45,2201,3491
5:23:11,34.1,32.8,36.7,38.4,45,2180,3483
5:24:10,34.1,32.9,36.9,38.4,45,2180,3489
5:25:10,34.1,33.1,36.8,38.4,45,2180,3494
5:26:10,34.1,32.9,36.8,38.4,45,2180,3483
5:27:10,34.0,32.8,36.8,38.3,45,2180,3500
5:28:10,34.0,32.9,36.8,38.3,45,2158,3491
5:29:9,34.0,32.9,36.9,38.3,45,2180,3494
5:30:9,34.1,32.8,36.8,38.4,45,2180,3500
5:31:9,34.1,32.9,36.8,38.3,45,2180,3502
5:32:9,34.0,32.9,36.8,38.3,45,2180,3516
5:33:8,34.0,32.9,36.8,38.4,45,2180,3500
5:34:8,34.0,32.8,36.8,38.3,45,2180,3502
5:35:8,34.1,32.9,36.9,38.3,45,2158,3510
5:36:8,34.1,32.9,36.8,38.4,45,2180,3500
5:37:7,34.1,32.9,36.8,38.5,45,2158,3500
5:38:7,34.2,33.1,36.5,38.2,45,2226,3505
5:39:7,34.4,33.0,36.6,38.2,45,2261,3494
5:40:7,34.5,33.3,36.7,38.5,47,2306,3502
5:41:6,34.7,33.3,36.8,38.4,47,2363,3500
5:42:6,34.6,33.3,37.0,38.5,47,2386,3486
5:43:6,34.8,33.4,37.2,38.5,47,2456,3513
5:44:5,34.9,33.6,37.3,38.6,47,2485,3500
5:45:5,34.9,33.7,37.3,38.5,47,2508,3500
5:46:5,35.0,33.7,37.3,38.6,47,2544,3505
5:47:4,35.1,33.9,37.4,38.6,48,2576,3502
5:48:4,35.2,33.6,37.4,38.6,47,2601,3489
5:49:4,35.1,33.7,37.4,38.6,47,2601,3497
5:50:3,35.1,33.9,37.4,38.6,47,2632,3510
5:51:3,35.2,33.9,37.3,38.7,47,2676,3491
5:52:3,35.2,33.8,37.5,38.6,47,2676,3513
5:53:2,35.3,33.8,37.5,38.6,47,2699,3494
5:54:2,35.3,33.8,37.6,38.6,47,2699,3510
5:55:2,35.1,33.9,37.4,38.7,47,2699,3510
5:56:1,35.2,33.9,37.6,38.7,47,2739,3494
5:57:1,35.2,34.0,37.5,38.7,47,2739,3502
5:58:0,35.3,34.0,37.5,38.7,47,2768,3475
5:59:0,35.3,33.9,37.6,38.8,47,2768,3497
6:0:0,35.2,34.0,37.6,38.8,47,2807,3489
6:0:59,35.2,34.0,37.7,38.8,47,2807,3491
6:1:59,35.2,34.0,37.6,38.8,47,2850,3500
6:2:58,35.3,34.0,37.6,38.9,47,2850,3500
6:3:58,35.3,34.0,37.6,38.8,48,2850,3494
6:4:58,35.3,34.1,37.7,38.9,48,2850,3505
6:5:57,35.6,34.4,36.8,38.4,48,2807,3486
6:6:57,36.5,34.5,36.3,38.7,46,2807,3500
6:7:57,36.8,34.4,36.0,38.8,47,2850,3491
6:8:56,37.1,34.4,35.8,38.8,47,2850,3502
6:9:56,37.2,34.4,35.4,38.7,48,2850,3489
6:10:55,37.3,34.4,35.4,38.8,48,2850,3494
6:11:55,37.4,34.3,35.3,38.8,47,2850,3497
6:12:55,37.4,34.3,35.3,38.7,48,2850,3494
6:13:54,37.4,34.3,35.3,38.6,48,2850,3510
6:14:54,37.3,34.4,35.3,38.8,48,2875,3489
6:15:53,37.5,34.2,35.2,38.9,48,2875,3494
6:16:53,37.3,34.2,35.2,38.8,48,2875,3516
6:17:53,37.3,34.2,35.2,38.8,48,2875,3500
6:18:52,37.4,34.2,35.2,38.8,48,2875,3505
6:19:52,37.4,34.3,35.2,38.7,48,2875,3497
6:20:51,37.3,34.2,35.1,38.8,48,2875,3491
6:21:51,37.4,34.2,35.1,38.7,48,2875,3505
6:22:51,37.3,34.3,35.1,38.8,48,2875,3500
6:23:50,37.3,34.2,35.2,38.8,48,2875,3502
6:24:50,37.3,34.3,35.2,38.8,48,2875,3491
6:25:49,37.2,34.2,34.9,38.5,47,2807,3500
6:26:49,37.2,34.2,35.1,38.5,47,2807,3497
6:27:49,37.3,34.3,35.2,38.5,47,2768,3505
6:28:48,37.3,34.3,35.4,38.5,47,2768,3491
6:29:48,37.5,34.3,35.4,38.5,47,2739,3491
6:30:48,37.4,34.4,35.5,38.5,47,2768,3502
6:31:47,37.4,34.5,35.5,38.5,47,2768,3521
6:32:47,37.4,34.5,35.6,38.4,47,2768,3491
6:33:46,37.6,34.5,35.6,38.6,46,2768,3500
6:34:46,37.3,34.4,35.7,38.5,46,2739,3486
6:35:46,37.1,34.2,35.6,38.8,45,2632,3505
6:36:45,36.9,33.9,35.5,38.8,45,2601,3489
6:37:45,36.7,33.9,35.5,38.7,45,2544,3508
6:38:45,36.7,33.6,35.3,38.7,45,2508,3500
6:39:44,36.6,33.5,35.3,38.9,45,2485,3500
6:40:44,36.6,33.4,35.3,38.8,45,2456,3497
6:41:44,35.2,33.3,34.8,36.6,45,2226,3491
6:42:43,33.8,33.1,33.9,34.2,43,1936,3497
6:43:43,32.7,32.7,33.2,32.2,43,1703,3497
6:44:44,31.5,32.0,32.3,31.0,42,1467,3489
6:45:44,30.6,31.5,31.5,29.8,42,1298,3510
6:46:44,29.7,30.8,30.9,28.7,42,1153,3505
6:47:45,28.9,30.2,30.2,28.0,42,1038,3497
6:48:45,28.1,29.6,29.5,27.3,43,927,3500
6:49:46,27.6,28.8,29.0,26.6,44,849,3491
6:50:47,27.0,28.3,28.6,26.0,44,783,3502
6:51:48,26.4,27.7,28.1,25.5,45,728,3491
6:52:49,26.0,27.2,27.5,25.1,46,675,3486
6:53:50,25.5,26.7,27.1,24.7,47,626,3494
6:54:51,25.0,26.3,26.6,24.3,47,588,3483
6:55:52,24.8,25.9,26.4,24.0,47,545,3491
6:56:53,24.4,25.5,25.9,23.7,48,525,3489
6:57:55,24.2,25.2,25.6,23.5,49,488,3491
6:58:56,23.9,24.9,25.3,23.1,50,463,3489
6:59:57,23.5,24.6,25.1,22.8,50,437,3475
7:0:58,23.4,24.3,24.8,22.6,51,420,3475
7:2:0,23.1,23.9,24.6,22.5,51,400,3480
7:3:1,22.8,23.8,24.3,22.2,52,400,3480
7:4:3,22.6,23.4,24.1,21.9,52,400,3469
7:5:4,22.4,23.2,23.9,21.8,53,400,3475
7:6:6,22.2,23.0,23.7,21.6,53,400,3478
7:7:7,21.9,22.8,23.5,21.4,54,400,3486
7:8:9,21.8,22.6,23.3,21.2,54,400,3472
7:9:10,21.7,22.5,23.1,21.1,54,400,3453
7:10:12,21.6,22.3,23.0,21.0,55,400,3469
7:11:13,21.5,22.0,22.9,20.9,56,400,3458
7:12:15,21.4,22.0,22.7,20.9,56,400,3461
7:13:17,21.3,21.8,22.5,20.8,57,400,3472
7:14:18,21.1,21.6,22.4,20.7,57,400,3472
7:15:20,21.1,21.6,22.3,20.6,57,400,3478
7:16:22,20.9,21.5,22.1,20.4,58,400,3464
7:17:23,20.9,21.3,22.1,20.3,58,400,3472
7:18:25,20.8,21.3,22.0,20.2,58,400,3467
7:19:27,20.6,21.1,21.9,20.2,58,400,3472
7:20:28,20.6,21.1,21.8,20.2,59,400,3458
7:21:30,21.5,21.0,21.6,22.0,59,421,3478
7:22:32,23.1,21.0,21.7,24.2,61,462,3461
7:23:33,24.5,21.2,22.0,25.7,64,516,3475
7:24:35,25.4,21.6,22.3,27.0,66,569,3456
7:25:36,26.1,22.0,22.8,27.9,69,629,3469
7:26:37,26.8,22.3,23.3,28.7,71,688,3489
7:27:38,27.5,22.9,23.8,29.4,73,726,3467
7:28:39,28.0,23.3,24.4,29.8,74,843,3464
7:29:40,28.4,23.9,24.8,30.2,75,914,3469
7:30:41,28.9,24.3,25.2,30.7,76,992,3461
7:31:41,29.3,24.7,25.5,31.0,77,1073,3458
7:32:42,29.6,25.0,25.8,31.3,78,1147,3472
7:33:43,30.0,25.4,26.4,31.5,78,1246,3475
7:34:43,30.1,25.7,26.5,31.8,79,1322,3483
7:35:44,30.5,25.9,26.8,31.9,79,1415,3464
7:36:45,30.7,26.1,27.2,32.2,79,1522,3483
7:37:45,30.9,26.5,27.5,32.4,79,1622,3478
7:38:46,31.2,26.7,27.7,32.5,80,1687,3472
7:39:46,31.4,27.0,27.9,32.7,80,1794,3469
7:40:47,31.6,27.2,28.0,32.8,80,1880,3491
7:41:47,31.7,27.3,28.4,33.0,80,1984,3480
7:42:48,31.9,27.6,28.3,33.1,80,2092,3483
7:43:48,32.0,27.7,28.5,33.3,80,2174,3475
7:44:48,32.1,27.8,28.7,33.3,80,2283,3483
7:45:49,32.4,28.0,28.9,33.4,80,2376,3475
7:46:49,32.4,28.3,29.1,33.3,80,2515,3483
7:47:49,32.5,28.3,29.1,33.4,80,2616,3483
7:48:50,32.7,28.4,29.2,33.6,80,2699,3489
7:49:50,32.8,28.6,29.4,33.7,80,2772,3478
7:50:50,32.8,28.6,29.4,33.7,80,2898,3475
7:51:50,33.0,28.8,29.5,33.8,79,2998,3478
7:52:51,33.0,28.8,29.7,33.9,79,3095,3483
7:53:51,33.1,28.9,29.7,33.9,79,3167,3486
7:54:51,32.6,29.1,30.4,35.7,79,3349,3483
7:55:51,32.2,29.1,31.6,36.8,79,3597,3500
7:56:51,32.3,29.3,32.5,37.2,80,3891,3489
7:57:52,32.5,29.6,33.0,37.2,81,4198,3486
7:58:52,32.8,29.8,33.5,37.4,82,4513,3478
7:59:52,32.9,30.0,33.7,37.5,81,4784,3486
8:0:52,33.2,30.2,34.1,37.6,81,5087,3475
8:1:51,33.3,30.5,34.4,37.6,81,5420,3500
8:2:51,33.4,30.6,34.5,37.7,81,5712,3489
8:3:51,33.7,30.9,34.6,37.7,81,6009,3500
8:4:51,33.6,31.0,34.7,37.7,81,6332,3497
8:5:51,33.9,31.0,34.8,37.9,81,6680,3475
8:6:51,34.0,31.2,35.0,37.9,81,6924,3483
8:7:51,34.3,31.4,35.0,37.9,81,7341,3502
8:8:51,34.3,31.4,35.1,37.9,81,7634,3469
8:9:51,34.3,31.5,35.2,37.9,81,7984,3489
8:10:50,34.4,31.6,35.3,38.0,81,7992,3502
8:11:50,34.5,31.7,35.4,38.1,80,7992,3483
8:12:50,34.5,31.8,35.4,38.1,80,7992,3478
8:13:50,34.5,31.8,35.3,37.9,80,7992,3480
8:14:50,34.7,32.0,35.4,38.0,80,7992,3480
8:15:50,34.7,32.0,35.6,38.1,80,7992,3489
8:16:49,34.8,32.1,35.6,38.1,80,7992,3486
8:17:49,34.8,32.0,35.6,38.0,80,7992,3500
8:18:49,34.9,32.1,35.6,38.0,80,7992,3475
8:19:49,34.9,32.1,35.6,38.2,79,7992,3489
8:20:49,35.0,32.3,35.7,38.1,79,7992,3502
8:21:48,35.0,32.2,35.6,38.2,79,7992,3489
8:22:48,35.0,32.2,35.7,38.2,79,7992,3480
8:23:48,35.2,32.1,35.8,38.2,79,7992,3483
8:24:48,35.1,32.2,35.7,38.2,79,7992,3500
8:25:47,35.0,32.2,35.8,38.2,79,7992,3500
8:26:47,35.1,32.4,35.7,38.2,79,7992,3500
8:27:47,35.1,32.3,35.9,38.3,79,7992,3480
8:28:47,35.0,32.3,35.7,38.2,78,7992,3500
8:29:46,35.1,32.4,35.8,38.2,78,7992,3475
8:30:46,35.1,32.3,35.8,38.1,78,7992,3505
8:31:46,35.1,32.3,35.8,38.1,78,7992,3502
8:32:46,35.2,32.4,35.8,38.2,78,7992,3489
8:33:46,35.2,32.5,35.8,38.2,77,7984,3513
8:34:45,35.2,32.4,35.8,38.2,77,7992,3491
8:35:45,35.1,32.5,35.7,38.3,77,7992,3489
8:36:45,35.2,32.8,35.8,37.6,77,7985,3486
8:37:45,35.0,33.4,36.8,36.5,76,7985,3502
8:38:44,34.4,33.7,37.6,36.1,76,7985,3483
8:39:44,34.0,34.1,37.8,35.8,75,7992,3500
8:40:44,33.8,34.2,38.0,35.8,74,7985,3491
8:41:44,33.5,34.5,38.0,35.7,73,7985,3491
8:42:43,33.4,34.5,38.0,35.7,72,7992,3500
8:43:43,33.3,34.6,38.0,35.7,71,7985,3489
8:44:43,33.3,34.6,38.1,35.5,70,7985,3500
8:45:43,33.2,34.6,37.9,35.5,70,7985,3500
8:46:43,33.1,35.0,38.1,35.6,69,7985,3502
8:47:42,33.1,34.8,37.9,35.5,69,7992,3491
8:48:42,32.9,34.8,38.1,35.5,69,7984,3502
8:49:42,33.2,34.9,38.0,35.6,68,7984,3491
8:50:42,33.0,34.8,38.0,35.6,68,7854,3500
8:51:42,32.9,34.9,37.9,35.6,67,7854,3497
8:52:41,33.0,34.9,38.0,35.6,67,7854,3510
8:53:41,33.0,34.8,38.0,35.6,67,7854,3497
8:54:41,33.0,34.9,38.0,35.5,66,7854,3483
8:55:41,33.0,34.9,38.0,35.7,66,7854,3508
8:56:41,33.0,34.9,37.9,35.6,66,7854,3489
8:57:40,33.0,34.9,38.0,35.6,65,7854,3483
8:58:40,33.0,35.0,38.1,35.6,65,7752,3502
8:59:40,33.1,34.9,38.1,35.7,65,7854,3500
9:0:40,33.0,34.9,37.9,35.6,64,7752,3500
9:1:39,33.3,35.3,37.3,35.0,64,7546,3472
9:2:39,33.7,36.9,36.9,33.9,62,7257,3483
9:3:39,33.8,37.3,36.5,33.5,60,6964,3500
9:4:39,33.9,37.4,36.4,33.1,59,6757,3500
9:5:39,33.9,37.5,36.2,32.8,58,6603,3505
9:6:39,33.9,37.5,36.1,32.6,57,6393,3491
9:7:39,34.0,37.5,35.9,32.5,57,6291,3497
9:8:39,34.0,37.6,36.1,32.4,56,6129,3491
9:9:38,34.1,37.5,35.9,32.3,56,5997,3475
9:10:38,34.0,37.5,36.0,32.3,55,5844,3500
9:11:38,34.0,37.5,35.9,32.3,55,5751,3497
9:12:38,33.9,37.5,35.9,32.3,55,5696,3494
9:13:38,34.1,37.5,35.9,32.3,54,5550,3500
9:14:38,33.9,37.5,35.9,32.1,54,5478,3491
9:15:38,34.0,37.4,35.8,32.2,54,5430,3500
9:16:38,34.0,37.4,36.0,32.3,54,5292,3489
9:17:38,34.0,37.3,35.8,32.2,54,5217,3500
9:18:38,34.0,37.4,35.9,32.1,54,5167,3500
9:19:38,34.0,37.4,35.9,32.2,54,5106,3475
9:20:38,34.0,37.4,35.7,32.2,53,5041,3500
9:21:37,34.1,37.4,35.8,32.1,53,4983,3502
9:22:37,34.0,37.5,35.9,32.2,53,4935,3500
9:23:37,34.0,37.3,35.7,32.2,53,4864,3505
9:24:37,34.1,37.3,35.9,32.2,53,4813,3500
9:25:37,34.1,37.4,35.8,32.2,53,4752,3491
9:26:37,34.0,37.4,35.9,32.3,52,4702,3505
9:27:37,34.2,37.4,35.8,32.3,52,4652,3497
9:28:37,34.1,37.3,35.9,32.2,52,4652,3508
9:29:37,34.1,37.4,36.0,32.2,52,4587,3494
9:30:37,34.1,37.4,35.9,32.3,52,4547,3500
9:31:37,34.0,37.3,35.9,32.2,52,4547,3497
9:32:36,34.1,37.4,35.8,32.2,52,4492,3497
9:33:36,34.1,37.3,35.8,32.4,52,4435,3491
9:34:36,34.1,37.4,35.9,32.1,52,4381,3505
9:35:36,34.1,37.4,36.0,32.2,52,4381,3500
9:36:36,34.1,37.4,35.9,32.2,52,4348,3510
9:37:36,34.1,37.4,35.9,32.4,51,4348,3505
9:38:36,34.2,37.4,35.9,32.4,51,4298,3486
9:39:36,34.2,37.5,35.9,32.3,51,4246,3497
9:40:36,34.1,37.5,35.9,32.2,51,4246,3505
9:41:36,34.1,37.3,35.9,32.2,51,4206,3510
9:42:36,34.1,37.3,35.9,32.1,51,4146,3494
9:43:36,34.0,36.8,35.5,32.3,51,4106,3475
9:44:36,34.2,37.2,35.4,32.9,51,4146,3510
9:45:35,34.4,37.3,35.6,33.2,52,4246,3491
9:46:35,34.5,37.4,35.7,33.4,52,4298,3505
9:47:35,34.8,37.6,35.8,33.5,52,4348,3505
9:48:35,35.0,37.7,35.9,33.8,52,4381,3489
9:49:35,35.1,37.7,36.1,33.8,52,4435,3491
9:50:35,35.2,37.7,36.0,33.9,52,4492,3486
9:51:34,35.3,37.8,36.1,33.9,52,4547,3500
9:52:34,35.4,37.8,36.2,34.0,52,4547,3505
9:53:34,35.5,37.8,36.3,34.0,52,4587,3508
9:54:34,35.4,37.9,36.3,34.1,52,4587,3491
9:55:33,35.6,37.8,36.3,34.1,52,4652,3510
9:56:33,35.7,37.9,36.4,34.2,52,4652,3497
9:57:33,35.6,37.8,36.4,34.2,52,4702,3508
9:58:33,35.7,38.1,36.4,34.3,51,4702,3500
9:59:32,35.8,38.0,36.5,34.3,52,4752,3497
10:0:32,36.1,37.9,36.4,34.3,51,4702,3502
10:1:32,35.8,38.0,36.5,34.4,51,4752,3494
10:2:31,36.1,37.9,36.7,34.4,51,4752,3497
10:3:31,36.1,38.1,36.5,34.5,51,4752,3500
10:4:31,35.9,38.0,36.5,34.6,51,4752,3510
10:5:30,36.1,37.9,36.6,34.5,51,4752,3508
10:6:30,36.1,38.0,36.6,34.5,51,4813,3505
10:7:30,36.1,38.1,36.6,34.6,51,4813,3475
10:8:30,36.1,38.1,36.6,34.7,51,4813,3510
10:9:29,36.2,38.0,36.7,34.6,51,4813,3505
10:10:29,36.2,38.0,36.7,34.6,51,4813,3516
10:11:29,36.2,38.1,36.7,34.7,51,4813,3486
10:12:28,36.1,38.0,36.7,34.7,50,4813,3500
10:13:28,36.1,38.0,36.7,34.8,50,4813,3510
10:14:28,36.2,38.2,36.7,34.8,50,4864,3483
10:15:27,36.5,38.1,36.7,34.8,50,4864,3497
10:16:27,36.4,38.1,36.9,34.7,50,4864,3497
10:17:27,36.3,38.2,36.6,34.8,50,4864,3497
10:18:26,36.4,38.0,36.7,34.8,50,4813,3475
10:19:26,36.5,38.1,36.8,34.9,50,4813,3502
10:20:26,36.3,38.1,36.7,34.8,50,4813,3505
10:21:25,36.3,38.1,36.7,34.8,50,4813,3500
10:22:25,36.3,38.2,36.8,34.8,50,4813,3513
10:23:25,36.4,38.2,36.7,34.8,50,4864,3510
10:24:24,36.4,38.2,36.7,34.9,50,4813,3494
10:25:24,36.4,38.2,36.8,34.7,50,4813,3486
10:26:24,36.5,38.1,36.7,34.7,49,4752,3505
10:27:23,36.4,38.0,36.7,34.6,49,4752,3510
10:28:23,36.1,37.7,37.4,35.0,49,4752,3497
10:29:23,36.0,37.5,37.9,35.5,49,4813,3505
10:30:22,35.8,37.3,38.3,35.8,50,4935,3497
10:31:22,35.9,37.2,38.3,36.0,50,4935,3521
10:32:21,35.7,37.0,38.4,36.1,50,4983,3497
10:33:21,35.8,37.0,38.4,36.3,50,5041,3494
10:34:21,35.7,37.0,38.6,36.4,50,5041,3500
10:35:20,35.7,37.0,38.6,36.4,50,5106,3502
10:36:20,35.7,36.9,38.5,36.4,50,5106,3494
10:37:20,35.8,36.9,38.5,36.3,50,5106,3500
10:38:19,35.8,36.9,38.6,36.5,50,5167,3486
10:39:19,35.6,37.0,38.5,36.4,49,5167,3497
10:40:18,35.7,37.0,38.5,36.4,49,5167,3502
10:41:18,35.7,37.0,38.5,36.4,49,5167,3502
10:42:18,35.7,36.9,38.5,36.4,49,5167,3502
10:43:17,35.6,37.0,38.5,36.5,49,5167,3491
10:44:17,35.7,36.9,38.5,36.4,49,5167,3489
10:45:16,35.7,36.9,38.5,36.4,49,5167,3494
10:46:16,35.6,36.9,38.4,36.4,49,5167,3502
10:47:16,35.7,36.9,38.6,36.4,49,5167,3505
10:48:15,35.7,36.9,38.5,36.4,49,5167,3502
10:49:15,35.7,36.9,38.5,36.4,49,5217,3500
10:50:14,35.6,36.8,38.4,36.6,49,5167,3502
10:51:14,35.7,36.9,38.4,36.3,49,5167,3500
10:52:14,35.7,36.8,38.4,36.4,49,5167,3475
10:53:13,35.7,36.9,38.5,36.3,49,5106,3475
10:54:13,35.8,36.8,38.4,36.5,49,5167,3500
10:55:12,35.6,36.9,38.5,36.4,49,5106,3500
10:56:12,35.6,36.8,38.4,36.4,49,5106,3489
10:57:12,35.6,36.9,38.5,36.5,49,5106,3494
10:58:11,35.6,36.9,38.4,36.4,48,5106,3505
10:59:11,35.7,36.7,38.3,36.4,49,5106,3510
11:0:10,35.7,36.9,38.4,36.3,49,5106,3500
11:1:10,35.7,36.6,38.4,36.5,48,5106,3480
11:2:10,35.6,36.7,38.4,36.5,49,5041,3502
11:3:9,35.7,36.9,38.4,36.3,48,5106,3491
11:4:9,35.7,36.8,38.5,36.3,49,5041,3480
11:5:8,35.7,36.8,38.4,36.4,48,5041,3500
11:6:8,35.5,36.9,38.3,36.5,48,5041,3500
11:7:8,35.5,36.8,38.4,36.4,48,5041,3502
11:8:7,35.7,36.9,38.3,36.3,48,5041,3505
11:9:7,35.5,36.7,38.4,36.3,48,5041,3500
11:10:6,35.7,36.9,38.3,36.3,48,5041,3497
11:11:6,35.6,36.9,38.4,36.4,48,4983,3500
11:12:6,35.7,36.8,38.5,36.3,48,4983,3486
11:13:5,35.7,36.8,38.5,36.4,48,5041,3480
11:14:5,35.6,36.8,38.3,36.4,48,4983,3491
11:15:4,35.8,36.7,38.3,36.5,48,5041,3505
11:16:4,35.7,36.9,38.4,36.5,48,4983,3486
11:17:4,35.7,36.6,38.4,36.2,48,4983,3500
11:18:3,35.6,36.7,38.0,36.5,48,4935,3502
11:19:3,36.6,36.2,37.5,37.6,48,5041,3508
11:20:2,37.2,35.7,37.2,38.0,49,5106,3483
11:21:2,37.5,35.6,36.8,38.2,49,5106,3510
11:22:1,37.6,35.6,36.7,38.4,49,5106,3502
11:23:1,37.6,35.4,36.7,38.4,49,5106,3502
11:24:0,37.7,35.4,36.5,38.5,49,5106,3497
11:25:0,37.7,35.5,36.4,38.5,50,5106,3494
11:26:0,37.7,35.4,36.4,38.5,50,5106,3513
11:26:59,37.8,35.5,36.4,38.5,50,5106,3502
11:27:59,37.9,35.5,36.4,38.4,50,5106,3494
11:28:58,37.7,35.4,36.4,38.6,50,5106,3521
11:29:58,37.8,35.4,36.3,38.4,50,5106,3505
11:30:57,37.8,35.5,36.3,38.5,50,5106,3497
11:31:57,37.8,35.4,36.4,38.5,50,5106,3489
11:32:56,37.7,35.5,36.3,38.5,50,5106,3494
11:33:56,37.8,35.5,36.2,38.6,50,5106,3505
11:34:55,37.7,35.4,36.3,38.4,50,5106,3510
11:35:55,37.7,35.4,36.3,38.5,50,5106,3505
11:36:55,37.7,35.4,36.2,38.5,50,5106,3505
11:37:54,37.8,35.4,36.3,38.5,50,5106,3497
11:38:54,37.8,35.5,36.3,38.5,50,5106,3521
11:39:53,37.9,35.6,36.4,38.5,50,5106,3491
11:40:53,37.8,35.4,36.4,38.4,50,5041,3521
11:41:52,37.7,35.6,36.3,38.5,50,5106,3508
11:42:52,37.8,35.6,36.4,38.5,50,5106,3502
11:43:51,37.7,35.7,36.4,38.4,50,5106,3505
11:44:51,37.7,35.6,36.4,38.5,50,5106,3508
11:45:50,37.8,35.7,36.4,38.6,50,5106,3510
11:46:50,37.8,35.5,36.4,38.4,50,5106,3505
11:47:50,37.9,35.6,36.4,38.6,50,5106,3508
11:48:49,37.9,35.7,36.5,38.6,50,5106,3491
11:49:49,37.8,35.6,36.2,38.5,50,5041,3497
11:50:48,37.8,35.4,36.4,38.5,50,5106,3497
11:51:48,37.5,35.2,35.9,38.0,50,4935,3500
11:52:47,38.0,35.5,35.7,37.8,49,4935,3497
11:53:47,38.1,35.9,35.7,37.7,49,4935,3502
11:54:46,38.3,35.8,35.5,37.6,50,4935,3500
11:55:46,38.2,36.1,35.4,37.6,50,4935,3505
11:56:46,38.4,36.2,35.4,37.6,50,4864,3508
11:57:45,38.3,36.2,35.6,37.6,50,4935,3510
11:58:45,38.3,36.3,35.5,37.7,50,4935,3502
11:59:44,38.2,36.4,35.5,37.7,50,4935,3508
12:0:44,38.3,36.3,35.5,37.7,50,4935,3513
12:1:43,38.3,36.4,35.6,37.7,50,4935,3505
12:2:43,38.3,36.6,35.6,37.7,50,4935,3500
12:3:43,38.4,36.4,35.7,37.7,50,4935,3500
12:4:42,38.3,36.6,35.6,37.7,50,4935,3508
12:5:42,38.4,36.6,35.6,37.8,50,4935,3491
12:6:41,38.4,36.5,35.7,37.8,50,4935,3486
12:7:41,38.4,36.4,35.7,37.7,50,4935,3519
12:8:40,38.5,36.5,35.7,37.9,50,4935,3510
12:9:40,38.4,36.5,35.7,37.8,50,4935,3513
12:10:39,38.4,36.6,35.7,37.7,50,4935,3505
12:11:39,38.4,36.5,35.8,37.8,50,4935,3500
12:12:38,38.4,36.6,35.7,37.8,50,4935,3510
12:13:38,38.4,36.7,35.6,37.8,50,4935,3521
12:14:37,38.4,36.6,35.8,37.8,50,4935,3521
12:15:37,38.4,36.6,35.8,37.9,50,4935,3502
12:16:36,38.4,36.5,35.8,37.7,50,4935,3508
12:17:36,38.4,36.6,35.8,37.8,50,4935,3494
12:18:36,38.5,36.6,35.9,37.9,50,4935,3494
12:19:35,38.5,36.6,35.7,37.9,50,4935,3494
12:20:35,38.5,36.6,35.8,37.8,50,4935,3521
12:21:34,38.4,36.7,36.0,37.8,50,4935,3505
12:22:34,38.5,36.6,35.8,37.8,50,4935,3497
12:23:33,38.5,36.6,35.9,37.9,50,4935,3502
12:24:33,38.4,36.6,35.8,37.9,50,4864,3505
12:25:32,38.2,36.3,36.0,37.9,50,4813,3448
12:26:32,37.7,35.7,36.2,38.3,50,4702,3521
12:27:31,37.6,35.7,36.2,38.5,49,4702,3497
12:28:31,37.5,35.5,36.3,38.6,49,4702,3510
12:29:30,37.5,35.5,36.4,38.6,49,4752,3510
12:30:30,37.4,35.6,36.6,38.6,49,4752,3497
12:31:29,37.5,35.7,36.7,38.6,49,4752,3508
12:32:29,37.5,35.7,36.7,38.7,50,4752,3521
12:33:28,37.5,35.7,36.6,38.6,49,4702,3500
12:34:28,37.5,35.7,36.8,38.7,49,4752,3510
12:35:28,37.6,35.8,36.8,38.8,49,4752,3513
12:36:27,37.6,35.7,36.8,38.7,49,4752,3510
12:37:27,37.7,35.6,36.7,38.8,49,4702,3491
12:38:26,37.5,35.8,36.8,38.8,49,4752,3497
12:39:26,37.6,35.7,36.8,38.8,49,4752,3500
12:40:25,37.7,35.7,36.9,38.7,49,4702,3497
12:41:25,37.5,35.8,36.9,38.9,49,4752,3491
12:42:24,37.5,35.8,36.9,38.8,49,4702,3500
12:43:24,37.6,35.9,37.0,38.8,49,4752,3505
12:44:23,37.7,35.8,37.0,38.9,49,4702,3513
12:45:23,37.5,35.8,37.0,38.7,49,4702,3500
12:46:22,37.6,35.8,37.1,38.8,49,4702,3513
12:47:22,37.5,35.9,37.0,38.8,49,4702,3497
12:48:21,37.6,35.9,37.0,38.8,49,4702,3486
12:49:21,37.6,35.9,37.0,38.6,49,4702,3513
12:50:20,37.7,35.9,37.0,38.8,49,4702,3502
12:51:20,37.6,35.9,37.1,38.7,49,4702,3521
12:52:20,37.5,35.9,37.0,38.8,49,4652,3494
12:53:19,37.5,35.8,37.0,38.6,48,4652,3502
12:54:19,37.5,35.9,37.1,38.7,48,4652,3505
12:55:18,37.5,35.8,37.1,38.8,48,4652,3510
12:56:18,37.5,35.7,36.9,38.7,48,4587,3505
12:57:17,37.5,36.0,37.1,38.7,48,4587,3505
12:58:17,37.4,35.7,37.1,38.8,48,4435,3453
12:59:16,37.6,35.9,36.3,38.0,48,4547,3491
13:0:16,38.0,36.7,36.1,37.5,47,4547,3508
13:1:15,38.1,37.3,35.8,37.2,48,4547,3486
13:2:15,38.2,37.4,35.9,37.0,49,4547,3510
13:3:14,38.3,37.5,35.9,37.0,49,4587,3500
13:4:14,38.3,37.6,35.9,36.9,49,4587,3510
13:5:13,38.3,37.7,35.9,37.0,49,4587,3494
13:6:13,38.3,37.6,35.9,36.9,49,4587,3513
13:7:13,38.4,37.7,35.7,36.8,48,4587,3491
13:8:12,38.3,37.7,35.9,36.9,49,4547,3500
13:9:12,38.4,37.7,36.1,36.7,48,4547,3508
13:10:11,38.4,37.7,36.0,36.9,48,4547,3505
13:11:11,38.3,37.7,36.0,36.8,48,4547,3510
13:12:10,38.4,37.7,35.9,36.8,48,4547,3502
13:13:10,38.4,37.7,35.9,36.8,48,4547,3524
13:14:9,38.4,37.6,35.9,37.0,48,4492,3521
13:15:9,38.3,37.7,35.9,36.8,48,4492,3500
13:16:8,38.4,37.7,35.9,36.9,48,4492,3519
13:17:8,38.3,37.7,36.0,36.7,48,4492,3500
13:18:8,38.3,37.6,35.8,36.7,48,4492,3497
13:19:7,38.4,37.6,35.9,36.8,48,4492,3500
13:20:7,38.3,37.6,35.9,36.8,48,4435,3497
13:21:6,38.3,37.6,35.8,36.7,48,4435,3505
13:22:6,38.4,37.7,36.0,36.8,48,4435,3494
13:23:5,38.4,37.6,35.8,36.8,48,4435,3500
13:24:5,38.3,37.5,35.8,36.8,48,4435,3521
13:25:4,38.3,37.7,36.0,36.8,48,4435,3510
13:26:4,38.4,37.7,35.8,36.7,48,4435,3497
13:27:3,38.4,37.5,36.0,36.7,48,4381,3497
13:28:3,38.4,37.7,35.8,36.8,48,4381,3510
13:29:3,38.2,37.6,35.7,36.7,48,4381,3513
13:30:2,38.4,37.6,35.7,36.9,48,4381,3502
13:31:2,38.3,37.5,35.7,36.7,48,4348,3494
13:32:1,38.3,37.5,35.8,36.7,48,4348,3508
13:33:1,38.3,37.5,35.7,36.6,48,4348,3497
13:34:0,38.3,37.6,35.6,36.8,48,4348,3491
13:35:0,38.3,37.5,35.7,36.7,48,4298,3489
13:35:59,38.3,37.6,35.6,36.7,48,4298,3494
13:36:59,38.3,37.6,35.7,36.8,48,4298,3516
13:37:58,38.3,37.6,35.6,36.7,48,4298,3497
13:38:58,38.3,37.5,35.7,36.6,48,4246,3497
13:39:58,38.2,37.5,35.6,36.8,48,4246,3497
13:40:57,38.4,37.4,35.7,36.8,48,4246,3500
13:41:57,38.2,37.6,35.6,36.7,48,4246,3502
13:42:56,38.3,37.5,35.8,36.7,48,4246,3510
13:43:56,38.3,37.4,35.6,36.6,48,4206,3502
13:44:55,38.4,37.4,35.7,36.8,48,4246,3486
13:45:55,38.3,37.5,35.7,36.6,48,4206,3500
13:46:55,38.2,37.5,35.6,36.7,48,4146,3491
13:47:54,38.2,37.5,35.5,36.6,48,4146,3502
13:48:54,38.2,37.5,35.6,36.7,48,4146,3497
13:49:53,38.2,37.4,35.5,36.6,48,4146,3491
13:50:53,38.3,37.3,35.3,36.7,48,4106,3500
13:51:52,38.2,37.3,35.6,36.6,48,4106,3502
13:52:52,38.2,37.3,35.3,36.6,48,4037,3500
13:53:52,38.4,37.5,35.3,36.6,47,4037,3510
13:54:51,38.3,37.3,35.2,36.5,47,4037,3497
13:55:51,38.1,37.3,35.3,36.6,48,4037,3489
13:56:50,38.3,37.3,35.2,36.5,48,4007,3505
13:57:50,38.2,37.2,35.2,36.5,47,4007,3497
13:58:50,38.3,37.3,35.2,36.4,47,4007,3500
13:59:49,38.2,37.3,35.1,36.5,48,4007,3505
14:0:49,38.2,37.2,35.2,36.4,47,3968,3510
14:1:48,38.3,37.3,35.3,36.6,48,3968,3497
14:2:48,38.2,37.2,35.1,36.5,48,3968,3508
14:3:47,38.2,37.3,35.2,36.4,48,3927,3505
14:4:47,38.2,37.2,35.1,36.4,47,3927,3486
14:5:47,38.1,37.2,35.1,36.5,48,3927,3494
14:6:46,38.2,37.3,35.1,36.4,48,3927,3494
14:7:46,38.1,37.4,35.3,36.5,47,3880,3505
14:8:45,38.1,37.4,35.2,36.4,48,3880,3510
14:9:45,38.1,37.4,35.3,36.2,47,3880,3508
14:10:45,38.1,37.3,35.2,36.3,47,3880,3505
14:11:44,38.1,37.3,35.2,36.4,48,3880,3500
14:12:44,38.2,37.4,35.1,36.4,48,3880,3505
14:13:43,38.0,37.3,35.2,36.3,48,3880,3500
14:14:43,38.1,37.3,35.2,36.3,48,3842,3505
14:15:43,38.1,37.4,35.1,36.4,48,3842,3497
14:16:42,38.1,37.5,35.2,36.2,48,3813,3508
14:17:42,38.1,37.3,35.2,36.3,47,3842,3494
14:18:41,38.0,37.3,35.2,36.2,47,3813,3505
14:19:41,37.9,37.2,34.9,35.8,47,3762,3491
14:20:41,38.2,37.4,35.0,36.0,47,3762,3494
14:21:40,38.1,37.3,35.0,35.9,47,3762,3497
14:22:40,38.2,37.4,35.0,35.9,47,3720,3500
14:23:39,38.2,37.2,35.0,36.0,47,3673,3494
14:24:39,38.3,37.3,35.1,36.0,47,3642,3516
14:25:39,38.2,37.4,35.0,36.1,47,3642,3494
14:26:38,38.2,37.4,34.9,36.0,47,3642,3491
14:27:38,38.1,37.3,35.0,36.0,47,3642,3502
14:28:38,38.3,37.3,34.9,36.1,47,3604,3500
14:29:37,38.0,37.3,35.0,36.0,47,3604,3505
14:30:37,38.1,37.3,34.9,36.2,47,3555,3494
14:31:37,38.1,37.4,35.0,36.1,47,3555,3491
14:32:36,38.2,37.3,35.1,36.2,47,3555,3505
14:33:36,38.1,37.4,34.9,36.2,47,3555,3475
14:34:36,38.2,37.3,35.0,36.1,47,3526,3494
14:35:35,38.0,37.3,35.1,36.1,47,3526,3494
14:36:35,38.1,37.3,35.0,36.2,47,3492,3505
14:37:34,38.0,37.3,35.0,36.2,47,3492,3513
14:38:34,38.1,37.3,35.0,36.2,47,3492,3505
14:39:34,38.2,37.3,35.0,36.3,47,3492,3491
14:40:33,38.1,37.3,35.1,36.3,47,3492,3483
14:41:33,38.1,37.3,35.2,36.3,47,3466,3491
14:42:33,38.1,37.3,35.0,36.2,47,3466,3491
14:43:32,38.2,37.3,35.3,36.3,47,3466,3497
14:44:32,38.2,37.3,35.1,36.3,47,3466,3497
14:45:31,38.2,37.4,35.1,36.4,47,3466,3500
14:46:31,38.2,37.4,35.2,36.2,47,3466,3494
14:47:31,38.3,37.5,35.2,36.3,47,3466,3508
14:48:30,38.1,37.3,35.1,36.3,47,3411,3497
14:49:30,38.2,37.3,34.8,36.3,47,3411,3513
14:50:30,38.2,37.1,34.6,36.2,47,3385,3500
14:51:29,38.1,37.0,34.6,36.2,47,3385,3502
14:52:29,38.0,36.9,34.3,36.0,46,3353,3516
14:53:29,37.9,36.9,34.3,36.0,47,3324,3497
14:54:28,37.9,36.8,34.2,35.8,47,3324,3489
14:55:28,37.9,36.6,34.0,35.6,47,3281,3497
14:56:28,37.8,36.7,33.9,35.7,47,3255,3480
14:57:27,37.9,36.6,33.8,35.7,47,3218,3500
14:58:27,37.7,36.6,33.7,35.6,47,3218,3500
14:59:27,37.8,36.7,33.8,35.5,47,3152,3497
15:0:26,37.9,36.5,33.8,35.4,47,3152,3500
15:1:26,37.6,36.4,33.7,35.4,47,3152,3497
15:2:26,37.7,36.6,33.6,35.3,47,3116,3513
15:3:26,37.6,36.5,33.7,35.2,47,3089,3491
15:4:25,37.5,36.6,33.6,35.2,47,3055,3500
15:5:25,37.7,36.5,33.7,35.1,47,3055,3500
15:6:25,37.5,36.5,33.5,35.1,47,3023,3494
15:7:24,37.5,36.4,33.5,34.9,47,3023,3491
15:8:24,37.6,36.6,33.5,35.0,48,2968,3500
15:9:24,37.3,36.5,33.5,35.0,48,2968,3497
15:10:24,37.6,36.6,33.5,34.9,48,2968,3489
15:11:23,37.5,36.5,33.4,34.9,48,2936,3500
15:12:23,37.3,36.5,33.5,34.8,48,2913,3505
15:13:23,37.4,36.6,33.5,34.7,48,2936,3494
15:14:23,37.5,36.4,33.3,34.7,48,2913,3486
15:15:23,37.4,36.4,33.4,34.7,48,2875,3497
15:16:22,37.4,36.5,33.4,34.6,48,2875,3502
15:17:22,37.4,36.4,33.4,34.6,48,2875,3510
15:18:22,37.3,36.4,33.4,34.6,48,2875,3500
15:19:22,37.3,36.3,33.4,34.6,48,2853,3502
15:20:21,37.3,36.4,33.4,34.5,48,2814,3494
15:21:21,37.2,36.4,33.4,34.5,48,2814,3489
15:22:21,37.2,36.4,33.4,34.4,48,2793,3502
15:23:21,37.3,36.4,33.3,34.5,48,2793,3502
15:24:21,37.3,36.5,33.3,34.4,48,2770,3500
15:25:20,37.2,36.4,33.5,34.4,48,2770,3491
15:26:20,37.1,36.4,33.3,34.3,48,2737,3510
15:27:20,37.2,36.4,33.3,34.3,48,2737,3489
15:28:20,37.0,36.4,33.4,34.3,48,2715,3497
15:29:20,37.0,36.4,33.4,34.1,48,2715,3497
15:30:19,36.8,36.3,33.5,34.0,48,2715,3508
15:31:19,36.6,37.3,33.6,33.7,48,2694,3500
15:32:19,36.5,37.5,33.6,33.7,48,2694,3502
15:33:19,36.3,37.6,33.7,33.4,48,2632,3494
15:34:19,36.3,37.6,33.6,33.3,48,2632,3510
15:35:19,36.2,37.6,33.7,33.3,47,2632,3494
15:36:18,36.2,37.6,33.6,33.2,47,2632,3500
15:37:18,36.3,37.6,33.7,33.2,48,2613,3500
15:38:18,36.2,37.6,33.6,33.1,48,2613,3510
15:39:18,36.2,37.6,33.7,33.1,47,2593,3483
15:40:18,36.3,37.6,33.7,33.1,47,2593,3500
15:41:18,36.2,37.6,33.6,33.1,47,2570,3502
15:42:17,36.3,37.6,33.6,33.1,47,2570,3513
15:43:17,36.2,37.6,33.5,33.0,47,2570,3486
15:44:17,36.3,37.6,33.6,32.9,47,2537,3505
15:45:17,36.2,37.6,33.6,33.0,47,2537,3489
15:46:17,36.1,37.6,33.6,33.1,47,2537,3505
15:47:17,36.0,37.6,33.6,33.1,47,2516,3513
15:48:16,36.1,37.6,33.5,33.1,47,2516,3500
15:49:16,36.0,37.6,33.6,33.0,47,2516,3505
15:50:16,35.9,37.5,33.5,33.1,47,2492,3505
15:51:16,36.2,37.5,33.5,33.0,47,2516,3510
15:52:16,36.2,37.5,33.5,33.1,47,2492,3500
15:53:16,36.2,37.6,33.4,32.9,47,2492,3521
15:54:16,36.1,37.6,33.5,33.0,47,2492,3505
15:55:15,36.1,37.5,33.5,32.9,48,2492,3494
15:56:15,36.1,37.2,33.4,32.9,47,2468,3505
15:57:15,36.0,37.8,33.5,33.1,47,2468,3500
15:58:15,36.0,37.9,33.5,32.9,47,2449,3502
15:59:15,36.1,37.9,33.5,33.1,47,2449,3500
16:0:15,36.1,38.0,33.6,33.1,48,2449,3497
16:1:15,36.2,37.8,33.5,33.1,47,2418,3500
16:2:14,36.1,37.8,33.6,33.1,48,2449,3502
16:3:14,36.1,37.9,33.6,33.1,47,2418,3497
16:4:14,36.1,37.9,33.6,33.1,48,2418,3494
16:5:14,36.1,37.9,33.6,33.2,48,2418,3510
16:6:14,36.2,37.9,33.6,33.2,48,2418,3510
16:7:14,36.1,37.8,33.7,33.2,48,2418,3505
16:8:14,36.2,37.7,33.7,33.3,48,2418,3510
16:9:13,36.1,37.9,33.7,33.4,47,2418,3486
16:10:13,36.3,37.9,33.8,33.4,47,2418,3486
16:11:13,36.3,37.8,33.8,33.5,47,2449,3494
16:12:13,36.3,37.8,33.7,33.5,47,2418,3469
16:13:13,36.4,38.0,33.7,33.6,47,2449,3497
16:14:12,36.2,38.0,33.7,33.7,47,2418,3508
16:15:12,36.5,37.9,33.8,33.7,48,2449,3505
16:16:12,36.3,37.9,33.8,33.6,47,2418,3502
16:17:12,36.4,37.8,33.9,33.6,47,2418,3500
16:18:12,36.3,38.0,33.8,33.6,47,2418,3508
16:19:12,36.3,37.9,33.8,33.7,47,2418,3513
16:20:11,36.3,37.8,33.9,33.7,47,2418,3497
16:21:11,36.3,37.9,33.9,33.8,47,2418,3489
16:22:11,36.3,37.9,33.9,33.8,47,2418,3500
16:23:11,36.4,37.8,33.9,33.8,47,2418,3502
16:24:11,36.4,37.9,34.0,34.0,47,2418,3510
16:25:11,36.3,38.0,33.9,33.8,47,2418,3510
16:26:10,36.4,37.9,34.0,33.9,47,2418,3500
16:27:10,36.5,38.0,34.0,33.9,47,2418,3497
16:28:10,36.3,37.9,33.9,33.8,48,2418,3500
16:29:10,36.4,38.0,34.1,33.8,47,2418,3483
16:30:10,36.5,38.1,34.0,33.8,47,2418,3502
16:31:9,36.5,38.0,34.0,33.8,47,2418,3508
16:32:9,36.0,37.6,34.2,33.6,47,2418,3486
16:33:9,35.5,37.5,36.4,33.3,47,2399,3500
16:34:9,35.3,37.3,37.3,33.3,47,2399,3489
16:35:9,35.1,37.3,37.8,33.1,47,2399,3489
16:36:9,34.8,37.3,37.9,33.1,47,2380,3486
16:37:8,34.6,37.3,37.9,33.1,47,2357,3491
16:38:8,34.6,37.2,38.0,33.2,46,2380,3502
16:39:8,34.5,37.3,38.1,33.0,46,2357,3486
16:40:8,34.4,37.1,38.0,33.0,46,2357,3494
16:41:8,34.3,37.2,38.1,33.1,46,2347,3502
16:42:8,34.3,37.1,38.1,33.0,46,2347,3494
16:43:8,34.3,37.2,38.1,33.1,46,2347,3500
16:44:7,34.3,37.0,38.1,33.1,46,2347,3500
16:45:7,34.2,37.1,38.1,33.0,46,2347,3478
16:46:7,34.2,37.2,38.1,33.0,46,2347,3494
16:47:7,34.2,37.1,38.1,32.9,46,2322,3494
16:48:7,33.9,37.6,37.6,33.1,46,2322,3505
16:49:7,34.0,37.8,37.4,33.2,46,2347,3491
16:50:7,33.9,37.8,37.3,33.3,47,2357,3500
16:51:6,34.0,37.8,37.4,33.3,47,2380,3500
16:52:6,33.9,37.9,37.3,33.1,47,2380,3494
16:53:6,33.9,37.7,37.0,33.3,47,2380,3497
16:54:6,33.9,37.7,37.3,33.2,46,2399,3497
16:55:6,33.9,37.7,37.2,33.4,47,2418,3486
16:56:6,34.0,37.8,37.2,33.2,47,2449,3500
16:57:5,34.0,37.7,37.3,33.3,47,2468,3475
16:58:5,33.9,37.7,37.3,33.3,47,2492,3510
16:59:5,33.8,37.7,37.4,33.4,47,2492,3508
17:0:5,33.9,37.6,37.4,33.4,47,2516,3491
17:1:5,33.9,37.5,37.3,33.4,47,2516,3483
17:2:4,34.0,37.7,37.4,33.3,47,2516,3467
17:3:4,33.8,37.6,37.3,33.4,47,2537,3502
17:4:4,33.9,37.6,37.4,33.3,47,2537,3500
17:5:4,33.9,37.6,37.3,33.3,47,2537,3505
17:6:4,33.9,37.6,37.4,33.2,47,2537,3491
17:7:4,33.8,37.7,37.4,33.3,47,2399,3453
17:8:3,33.7,37.5,37.0,32.9,47,2492,3486
17:9:3,33.7,37.7,37.0,32.8,47,2468,3486
17:10:3,33.9,37.8,37.1,32.6,47,2418,3489
17:11:3,34.0,37.7,37.0,32.5,47,2399,3500
17:12:3,33.9,37.8,37.2,32.4,46,2399,3494
17:13:3,33.6,36.4,36.7,32.4,46,2357,3491
17:14:3,33.2,34.9,36.0,32.6,46,2287,3489
17:15:3,32.9,33.9,35.4,32.6,46,2180,3500
17:16:3,32.3,33.0,34.8,32.3,46,2092,3475
17:17:3,32.0,32.4,34.3,32.1,46,2015,3500
17:18:3,31.5,31.7,34.0,31.8,47,1924,3489
17:19:3,31.1,31.2,33.5,31.5,47,1863,3489
17:20:3,30.6,30.6,32.8,31.1,48,1786,3491
17:21:4,30.3,30.1,32.3,31.0,48,1697,3494
17:22:4,29.9,29.9,32.1,30.5,48,1643,3478
17:23:4,29.7,29.6,32.0,30.3,49,1593,3491
17:24:5,29.3,29.1,31.6,30.0,49,1542,3453
17:25:5,29.1,29.1,31.2,29.7,50,1511,3483
17:26:6,28.8,28.8,30.9,29.5,50,1465,3480
17:27:6,28.6,28.6,30.6,29.1,50,1415,3478
17:28:7,28.5,28.3,30.4,28.9,51,1374,3472
17:29:7,28.1,28.1,30.1,28.8,51,1334,3469
17:30:8,27.9,27.8,29.9,28.6,51,1302,3480
17:31:9,27.8,27.6,29.7,28.4,52,1267,3467
17:32:9,27.5,27.6,29.4,28.1,52,1230,3464
17:33:10,27.4,27.3,29.3,27.9,52,1202,3464
17:34:11,27.2,27.3,28.9,27.7,52,1174,3480
17:35:11,27.0,27.1,29.0,27.6,53,1141,3472
17:36:12,27.0,26.8,28.8,27.3,53,1116,3464
17:37:13,26.8,26.6,28.5,27.3,53,1088,3464
17:38:14,26.6,26.5,28.4,27.1,54,1065,3467
17:39:15,26.5,26.5,28.3,26.9,54,1048,3500
17:40:15,26.4,26.3,28.1,26.9,55,1018,3458
17:41:16,26.2,26.1,28.1,26.6,55,995,3469
17:42:17,26.0,26.0,27.8,26.6,55,974,3478
17:43:18,26.8,27.5,27.8,26.6,55,974,3467
17:44:19,29.5,30.3,27.5,26.8,56,1038,3456
17:45:20,31.1,31.6,27.6,27.0,58,1107,3469
17:46:20,32.1,32.6,27.9,27.3,60,1193,3478
17:47:21,32.9,33.4,28.3,27.8,60,1267,3472
17:48:21,33.4,33.9,28.7,28.3,60,1342,3472
17:49:22,34.0,34.2,29.1,28.6,60,1404,3472
17:50:22,34.2,34.5,29.5,29.1,60,1494,3483
17:51:22,34.8,34.8,29.9,29.5,60,1562,3475
17:52:22,34.9,35.0,30.2,29.9,60,1617,3472
17:53:22,35.1,35.2,30.5,30.3,59,1683,3480
17:54:23,35.4,35.5,30.8,30.6,59,1746,3505
17:55:23,35.7,35.7,31.1,30.8,58,1802,3500
17:56:23,35.8,35.9,31.4,31.1,58,1863,3478
17:57:23,35.9,36.0,31.7,31.3,57,1910,3475
17:58:23,36.0,36.2,31.8,31.6,57,1959,3486
17:59:23,36.2,36.4,32.2,31.9,56,2015,3497
18:0:22,36.3,36.4,32.3,31.9,56,2074,3483
18:1:22,36.4,36.5,32.4,32.2,56,2124,3500
18:2:22,36.5,36.7,32.6,32.4,55,2164,3486
18:3:22,36.7,36.7,32.7,32.6,55,2208,3472
18:4:22,36.7,36.7,32.9,32.7,55,2247,3500
18:5:22,36.7,36.8,32.9,32.8,54,2287,3510
18:6:22,36.9,36.9,33.2,32.9,54,2304,3486
18:7:21,36.9,37.1,33.2,33.0,54,2347,3497
18:8:21,37.0,37.0,33.3,33.1,53,2357,3494
18:9:21,37.0,37.0,33.4,33.1,53,2380,3494
18:10:21,37.0,37.0,33.5,33.3,53,2418,3486
18:11:20,37.1,37.2,33.5,33.4,53,2449,3491
18:12:20,37.2,37.2,33.5,33.4,53,2468,3494
18:13:20,37.1,37.2,33.7,33.5,52,2492,3494
18:14:20,37.3,37.3,33.7,33.5,52,2537,3491
18:15:19,37.4,37.4,33.8,33.6,52,2537,3491
18:16:19,37.3,37.3,33.8,33.6,52,2570,3502
18:17:19,37.1,36.6,33.7,34.6,51,2516,3486
18:18:19,36.7,35.5,34.0,36.8,50,2570,3489
18:19:18,36.4,34.6,34.1,37.5,50,2570,3489
18:20:18,36.4,34.1,34.2,37.8,50,2570,3497
18:21:18,36.3,33.8,34.4,38.1,50,2570,3497
18:22:17,36.2,33.6,34.6,38.0,51,2570,3497
18:23:17,36.1,33.4,34.4,38.1,50,2570,3497
18:24:17,36.2,33.2,34.6,38.1,50,2570,3475
18:25:16,36.2,33.2,34.4,38.1,51,2570,3486
18:26:16,36.1,32.9,34.5,38.1,50,2537,3480
18:27:16,36.1,33.0,34.4,38.0,50,2537,3497
18:28:16,36.0,32.9,34.3,38.0,50,2537,3486
18:29:15,35.8,32.8,34.2,38.0,50,2242,3505
18:30:15,35.9,32.8,34.3,38.0,50,2224,3486
18:31:15,35.8,32.7,34.2,37.9,50,2224,3500
18:32:15,35.9,32.7,34.3,37.9,50,2224,3489
18:33:14,35.9,32.7,34.2,38.0,50,2224,3483
18:34:14,35.9,32.7,34.1,37.9,50,2203,3491
18:35:14,35.8,32.6,34.1,37.9,50,2203,3502
18:36:14,35.8,32.6,34.0,37.8,50,2184,3500
18:37:13,35.8,32.5,33.9,37.9,50,2203,3475
18:38:13,35.7,32.3,34.0,37.7,50,2184,3497
18:39:13,35.8,32.5,33.9,37.8,50,2184,3491
18:40:13,35.8,32.5,34.0,37.8,50,2184,3500
18:41:12,35.8,32.4,33.9,37.8,50,2168,3483
18:42:12,35.7,32.5,33.8,37.7,50,2168,3475
18:43:12,35.7,32.4,33.8,37.8,50,2144,3486
18:44:12,35.6,32.3,33.7,37.7,50,2168,3480
18:45:12,35.7,32.4,33.8,37.6,50,2168,3491
18:46:11,35.7,32.4,33.7,37.7,50,2144,3486
18:47:11,35.6,32.4,33.7,37.7,50,2144,3486
18:48:11,35.6,32.3,33.7,37.7,50,2144,3489
18:49:11,35.7,32.4,33.7,37.6,50,2128,3491
18:50:10,35.6,32.4,33.8,37.6,50,2128,3489
18:51:10,35.4,32.3,33.7,37.7,49,2128,3483
18:52:10,35.6,32.3,33.7,37.5,50,2128,3483
18:53:10,35.6,32.2,33.6,37.6,50,2128,3500
18:54:10,35.5,32.2,33.5,37.5,49,2112,3502
18:55:9,35.5,32.4,33.7,37.7,50,2112,3489
18:56:9,35.6,32.3,33.4,37.8,49,2112,3486
18:57:9,35.6,32.4,33.5,38.0,50,2128,3486
18:58:9,35.6,32.3,33.7,37.9,50,2168,3486
18:59:8,35.5,32.4,33.9,38.1,50,2168,3489
19:0:8,35.6,32.4,33.8,38.1,51,2184,3486
19:1:8,35.7,32.4,34.0,38.1,50,2203,3480
19:2:8,35.6,32.5,34.0,38.1,50,2203,3478
19:3:7,35.8,32.5,34.2,38.1,51,2224,3472
19:4:7,35.7,32.5,34.0,38.1,50,2224,3500
19:5:7,35.7,32.5,34.1,38.1,50,2242,3480
19:6:7,35.7,32.6,34.2,38.1,50,2242,3489
19:7:6,35.8,32.4,34.1,38.0,50,2242,3502
19:8:6,35.9,32.5,34.0,38.1,50,2242,3483
19:9:6,35.7,32.6,34.2,38.2,50,2265,3491
19:10:6,35.9,32.6,34.2,38.1,50,2265,3472
19:11:5,35.8,32.5,34.3,38.0,50,2287,3494
19:12:5,35.7,32.6,34.3,38.1,50,2287,3489
19:13:5,35.8,32.6,34.2,38.2,50,2287,3500
19:14:4,35.8,32.5,34.3,38.1,50,2287,3497
19:15:4,35.7,32.5,34.4,38.1,50,2287,3491
19:16:4,35.9,32.4,34.3,38.0,50,2287,3500
19:17:4,35.8,32.5,34.3,38.1,50,2304,3505
19:18:3,35.9,32.6,34.3,38.1,50,2287,3500
19:19:3,35.9,32.5,34.2,38.0,50,2304,3500
19:20:3,35.8,32.6,34.3,38.1,50,2304,3494
19:21:3,35.8,32.6,34.3,38.0,50,2304,3489
19:22:2,35.9,32.6,34.2,38.1,50,2304,3475
19:23:2,35.9,32.5,34.2,38.1,50,2304,3513
19:24:2,35.9,32.5,34.3,38.1,50,2304,3486
19:25:2,35.8,32.5,34.4,38.1,50,2304,3486
19:26:1,35.8,32.6,34.3,38.1,50,2320,3475
19:27:1,35.9,32.5,34.2,38.1,50,2320,3500
19:28:1,35.8,32.6,34.3,37.9,50,2287,3500
19:29:1,34.7,32.7,36.1,37.0,50,2242,3497
19:30:0,33.9,33.2,37.0,36.5,49,2184,3483
19:31:0,33.4,33.3,37.4,36.2,49,2168,3500
19:32:0,33.0,33.5,37.5,36.1,48,2144,3486
19:33:0,32.8,33.7,37.6,35.9,48,2112,3505
19:34:0,32.6,33.8,37.5,35.7,48,2094,3494
19:35:0,32.5,34.0,37.5,35.6,47,2094,3489
19:36:0,32.4,33.9,37.6,35.6,47,2068,3491
19:36:59,32.2,33.8,37.5,35.6,47,2050,3500
19:37:59,32.3,33.8,37.5,35.6,47,2027,3500
19:38:59,32.3,33.8,37.5,35.6,47,2009,3480
19:39:59,32.1,33.9,37.6,35.5,47,2009,3497
19:40:59,32.1,33.9,37.5,35.5,47,1995,3486
19:41:59,32.0,33.8,37.4,35.4,47,1980,3494
19:42:59,32.0,33.8,37.5,35.4,47,1980,3483
19:43:59,32.0,33.8,37.5,35.5,47,1966,3486
19:44:59,32.0,33.7,37.5,35.5,47,1966,3491
19:45:59,32.0,33.7,37.4,35.4,47,1939,3489
19:46:59,32.0,33.7,37.4,35.4,47,1939,3500
19:47:59,32.0,33.7,37.4,35.4,47,1925,3502
19:48:59,32.0,33.7,37.3,35.5,47,1912,3475
19:49:58,32.0,33.7,37.4,35.4,47,1912,3486
19:50:58,31.9,33.7,37.4,35.4,47,1912,3500
19:51:58,31.9,33.7,37.5,35.4,47,1912,3500
19:52:58,31.9,33.6,37.3,35.3,47,1894,3475
19:53:58,31.9,33.7,37.4,35.4,47,1880,3475
19:54:58,31.9,33.8,37.4,35.5,47,1880,3483
19:55:58,31.9,33.6,37.3,35.3,47,1864,3497
19:56:58,31.8,33.7,37.4,35.3,47,1864,3502
19:57:58,31.8,33.8,37.4,35.4,47,1864,3500
19:58:58,31.9,33.6,37.3,35.3,47,1851,3480
19:59:58,31.9,33.7,37.4,35.4,47,1851,3491
20:0:58,32.0,33.7,37.3,35.3,47,1851,3500
20:1:58,31.8,33.7,37.3,35.3,47,1835,3500
20:2:58,31.9,33.7,37.4,35.4,47,1835,3494
20:3:58,31.9,33.7,37.3,35.3,47,1821,3478
20:4:57,31.7,33.6,37.3,35.4,47,1835,3500
20:5:57,31.8,33.7,37.3,35.2,47,1821,3480
20:6:57,31.8,33.5,37.3,35.4,46,1808,3497
20:7:57,31.9,33.6,37.3,35.3,47,1808,3502
20:8:57,31.8,33.6,37.3,35.5,47,1808,3486
20:9:57,31.8,33.6,37.3,35.3,47,1787,3480
20:10:57,31.8,33.7,37.2,35.3,47,1787,3505
20:11:57,31.8,33.6,37.4,35.3,47,1787,3505
20:12:57,31.8,33.6,37.3,35.2,46,1787,3486
20:13:57,31.8,33.6,37.3,35.2,46,1774,3497
20:14:57,31.8,33.6,37.3,35.3,46,1774,3497
20:15:57,31.8,33.5,37.3,35.3,47,1774,3486
20:16:57,31.8,33.6,37.4,35.3,46,1761,3502
20:17:57,31.8,33.6,37.3,35.3,46,1774,3500
20:18:57,31.8,33.6,37.3,35.5,47,1761,3497
20:19:57,31.8,33.6,37.3,35.3,46,1761,3500
20:20:57,31.7,33.5,37.2,35.1,46,1761,3489
20:21:56,31.7,33.3,37.0,35.1,46,1735,3505
20:22:56,31.6,33.2,37.3,35.2,46,1706,3500
20:23:56,31.7,33.3,37.2,35.4,46,1697,3497
20:24:56,31.5,33.1,37.2,35.3,46,1697,3500
20:25:56,31.5,33.2,37.2,35.3,46,1680,3505
20:26:56,31.6,33.0,37.0,35.3,46,1669,3491
20:27:56,31.5,33.0,37.0,35.3,47,1669,3494
20:28:56,31.6,32.9,36.9,35.2,47,1657,3505
20:29:56,31.5,32.9,37.0,35.3,47,1643,3475
20:30:56,31.5,32.9,36.8,35.2,47,1629,3486
20:31:57,31.4,32.9,37.0,35.2,47,1629,3521
20:32:57,31.5,32.8,37.1,35.3,47,1629,3505
20:33:57,31.5,32.9,37.0,35.3,47,1617,3489
20:34:57,31.4,32.8,37.0,35.2,47,1609,3508
20:35:57,31.4,32.8,36.8,35.2,47,1609,3502
20:36:57,31.3,32.8,37.0,35.2,47,1596,3497
20:37:57,31.4,32.8,36.9,35.1,47,1596,3486
20:38:57,31.2,32.6,36.7,35.0,47,1583,3475
20:39:57,31.3,32.5,36.4,35.1,47,1569,3505
20:40:57,31.4,32.6,36.5,35.3,47,1540,3510
20:41:57,31.3,32.5,36.5,35.3,47,1540,3500
20:42:57,31.3,32.4,36.4,35.4,47,1529,3486
20:43:57,31.2,32.4,36.5,35.5,47,1529,3489
20:44:57,31.2,32.4,36.4,35.5,47,1529,3497
20:45:57,31.3,32.4,36.3,35.6,47,1518,3491
20:46:57,31.3,32.3,36.4,35.6,47,1511,3489
20:47:57,31.4,32.3,36.5,35.6,47,1511,3489
20:48:57,31.3,32.4,36.6,35.6,47,1511,3505
20:49:57,31.3,32.4,36.6,35.6,47,1511,3489
20:50:57,31.3,32.4,36.5,35.6,47,1511,3491
20:51:57,31.5,32.4,36.5,35.6,48,1511,3494
20:52:57,31.4,32.3,36.5,35.7,47,1511,3521
20:53:57,31.4,32.5,36.6,35.7,48,1511,3505
20:54:57,31.4,32.5,36.4,35.7,47,1511,3486
20:55:57,31.5,32.5,36.6,35.8,48,1511,3491
20:56:57,31.3,32.5,36.6,35.7,48,1511,3486
20:57:57,31.4,32.6,36.5,35.5,47,1511,3491
20:58:57,31.5,32.5,36.6,35.6,48,1511,3497
20:59:57,31.5,32.4,36.7,35.8,47,1511,3480
21:0:57,31.5,32.5,36.6,35.7,47,1511,3486
21:1:57,31.5,32.5,36.7,35.8,47,1511,3491
21:2:57,31.4,32.6,36.7,35.8,47,1496,3483
21:3:57,31.6,32.5,36.6,35.8,47,1511,3494
21:4:57,31.5,32.5,36.6,35.8,47,1496,3500
21:5:57,31.5,32.5,36.6,35.8,47,1496,3486
21:6:57,31.5,32.5,36.5,35.7,47,1496,3480
21:7:57,31.5,32.6,36.6,35.7,47,1496,3494
21:8:57,31.6,32.5,36.6,35.8,47,1496,3510
21:9:57,31.5,32.5,36.6,35.8,47,1496,3508
21:10:57,31.6,32.5,36.6,35.7,47,1496,3486
21:11:57,31.6,32.6,36.8,35.8,47,1496,3491
21:12:57,31.7,32.6,36.7,35.9,47,1496,3505
21:13:57,31.6,32.6,36.6,35.8,47,1485,3486
21:14:57,31.6,32.5,36.5,35.8,47,1496,3480
21:15:57,31.9,32.5,36.0,36.0,47,1496,3486
21:16:57,32.3,32.9,36.7,36.7,47,1540,3494
21:17:57,32.5,33.0,37.0,36.7,49,1583,3494
21:18:57,32.5,33.1,37.3,37.0,49,1617,3505
21:19:57,32.7,33.5,37.5,37.0,49,1657,3494
21:20:57,32.8,33.5,37.5,37.2,50,1680,3497
21:21:57,32.9,33.6,37.5,37.2,49,1706,3502
21:22:57,32.9,33.7,37.6,37.3,50,1735,3489
21:23:56,33.1,33.8,37.6,37.4,49,1761,3497
21:24:56,33.1,33.8,37.8,37.4,50,1774,3489
21:25:56,33.2,33.8,37.7,37.4,50,1787,3513
21:26:56,33.1,33.9,37.8,37.3,50,1808,3505
21:27:56,33.3,34.0,37.8,37.4,50,1835,3486
21:28:56,33.3,34.0,37.8,37.5,50,1851,3494
21:29:55,33.3,34.0,37.7,37.4,50,1851,3510
21:30:55,33.3,34.1,37.8,37.4,50,1864,3502
21:31:55,33.4,34.1,37.9,37.5,50,1880,3510
21:32:55,33.4,34.1,37.8,37.4,50,1894,3502
21:33:55,33.5,34.1,37.8,37.4,50,1912,3500
21:34:55,33.4,34.2,37.8,37.4,50,1925,3500
21:35:54,33.4,34.2,37.8,37.5,50,1939,3491
21:36:54,33.5,34.2,37.7,37.4,50,1939,3486
21:37:54,33.4,34.1,37.8,37.3,50,1966,3486
21:38:54,33.5,34.1,37.7,37.4,50,1966,3489
21:39:54,33.4,34.2,37.7,37.3,50,1980,3475
21:40:53,33.6,34.1,37.8,37.5,49,1980,3510
21:41:53,33.5,34.2,37.9,37.3,50,1995,3502
21:42:53,33.4,34.2,37.8,37.5,50,1995,3475
21:43:53,33.5,34.2,37.8,37.5,50,2009,3502
21:44:53,33.4,34.2,37.8,37.3,50,2027,3502
21:45:52,33.4,34.2,37.8,37.3,50,2027,3521
21:46:52,33.5,34.1,37.8,37.5,50,2027,3497
21:47:52,33.6,34.1,37.7,37.4,50,2050,3505
21:48:52,33.5,34.1,37.8,37.4,50,2050,3505
21:49:52,33.5,34.2,37.9,37.5,50,2050,3500
21:50:51,33.5,34.2,37.9,37.5,50,2068,3494
21:51:51,33.4,34.1,37.8,37.5,50,2086,3491
21:52:51,33.4,34.1,37.9,37.4,50,2094,3505
21:53:51,33.5,34.1,37.9,37.4,50,2086,3510
21:54:51,33.4,34.3,37.9,37.3,50,2094,3497
21:55:50,33.5,34.2,37.8,37.5,50,2112,3508
21:56:50,33.5,34.1,37.8,37.5,50,2094,3510
21:57:50,33.5,34.1,37.7,37.4,50,2112,3510
21:58:50,33.4,34.2,37.7,37.4,50,2112,3500
21:59:50,33.4,34.2,37.8,37.4,50,2112,3510
22:0:49,33.4,34.1,37.7,37.4,50,2112,3500
22:1:49,33.7,33.8,37.0,37.2,50,2128,3483
22:2:49,34.0,33.4,36.4,37.6,49,2168,3505
22:3:49,34.3,33.2,35.9,37.7,50,2203,3489
22:4:49,34.5,33.2,35.6,37.7,51,2242,3505
22:5:48,34.6,33.1,35.5,37.8,51,2224,3475
22:6:48,34.7,33.0,35.3,37.8,51,2242,3489
22:7:48,34.9,33.0,35.3,37.8,51,2265,3500
22:8:48,34.9,33.0,35.2,37.9,51,2265,3500
22:9:47,35.0,32.9,35.2,37.8,51,2265,3500
22:10:47,34.9,32.9,35.1,37.8,51,2287,3502
22:11:47,35.0,32.9,35.1,37.9,51,2265,3497
22:12:47,35.0,32.9,35.1,37.9,51,2287,3491
22:13:46,35.0,32.8,35.0,37.8,51,2287,3475
22:14:46,35.0,32.8,35.0,37.8,51,2304,3502
22:15:46,35.2,32.8,35.0,37.9,51,2287,3502
22:16:46,35.0,32.7,34.9,37.8,50,2304,3486
22:17:45,35.1,32.9,34.8,37.8,51,2304,3489
22:18:45,35.0,32.7,34.9,37.6,51,2304,3483
22:19:45,35.0,32.8,34.8,37.8,51,2304,3502
22:20:45,35.1,32.7,34.9,37.8,51,2304,3494
22:21:44,35.1,32.7,34.9,37.8,50,2304,3500
22:22:44,35.1,32.7,34.8,37.8,50,2304,3486
22:23:44,34.9,32.6,34.8,37.8,51,2304,3510
22:24:44,35.1,32.7,34.8,37.7,50,2304,3491
22:25:43,35.1,32.7,34.8,37.8,50,2304,3486
22:26:43,35.1,32.6,34.8,37.7,50,2320,3502
22:27:43,35.0,32.7,34.7,37.8,51,2320,3480
22:28:43,35.0,32.6,34.7,37.8,51,2304,3502
22:29:43,35.1,32.6,34.7,37.8,50,2304,3494
22:30:42,35.0,32.6,34.8,37.7,50,2304,3491
22:31:42,34.9,32.6,34.8,37.7,50,2304,3505
22:32:42,34.9,32.6,34.7,37.8,50,2304,3500
22:33:42,35.0,32.6,34.7,37.8,50,2304,3486
22:34:41,35.1,33.0,34.4,37.0,50,2287,3497
22:35:41,36.2,33.2,34.0,36.9,50,2320,3502
22:36:41,36.9,33.3,33.7,36.8,50,2304,3483
22:37:41,37.0,33.4,33.4,36.6,50,2320,3500
22:38:40,37.3,33.4,33.2,36.7,50,2320,3491
22:39:40,37.3,33.5,33.2,36.5,50,2320,3489
22:40:40,37.2,33.6,32.9,36.5,50,2304,3494
22:41:40,37.3,33.6,33.0,36.4,49,2304,3486
22:42:39,37.2,33.6,32.9,36.5,50,2265,3480
22:43:39,37.3,33.6,32.9,36.6,49,2304,3483
22:44:39,37.4,33.6,32.9,36.5,49,2304,3483
22:45:39,37.2,33.6,32.9,36.6,49,2304,3486
22:46:38,37.3,33.5,32.9,36.5,49,2304,3483
22:47:38,37.3,33.6,32.9,36.5,49,2304,3500
22:48:38,37.2,33.6,32.8,36.5,49,2304,3497
22:49:38,37.2,33.6,32.7,36.4,49,2304,3483
22:50:37,37.1,33.5,32.8,36.3,49,2304,3494
22:51:37,37.1,33.5,32.7,36.5,49,2304,3491
22:52:37,37.2,33.5,32.7,36.4,49,2304,3500
22:53:37,37.2,33.5,32.8,36.5,49,2304,3505
22:54:36,37.2,33.5,32.8,36.4,49,2304,3483
22:55:36,37.0,33.5,32.7,36.4,49,2304,3486
22:56:36,37.3,33.5,32.7,36.4,49,2304,3483
22:57:36,37.0,33.5,32.7,36.3,49,2287,3486
22:58:35,37.1,33.6,32.7,36.4,49,2287,3483
22:59:35,37.1,33.5,32.7,36.3,49,2287,3475
23:0:35,37.0,33.5,32.7,36.3,49,2287,3480
23:1:35,37.1,33.5,32.6,36.4,49,2287,3480
23:2:34,37.1,33.4,32.6,36.2,49,2287,3491
23:3:34,37.1,33.4,32.7,36.3,49,2287,3500
23:4:34,37.3,33.4,32.7,36.3,49,2287,3486
23:5:34,37.2,33.5,32.8,36.5,49,2287,3491
23:6:33,37.0,33.6,32.7,36.4,49,2287,3475
23:7:33,37.0,33.4,32.7,36.3,49,2287,3480
23:8:33,37.1,33.6,32.7,36.4,49,2304,3475
23:9:33,37.2,33.4,32.7,36.5,49,2287,3480
23:10:32,37.1,33.5,32.7,36.3,49,2287,3489
23:11:32,37.2,33.4,32.7,36.4,49,2287,3489
23:12:32,37.1,33.4,32.7,36.3,49,2287,3475
23:13:32,37.2,33.4,32.7,36.3,49,2287,3480
23:14:31,37.0,33.4,32.7,36.5,49,2287,3489
23:15:31,37.1,33.6,32.7,36.4,49,2287,3491
23:16:31,37.0,33.5,32.7,36.3,49,2287,3486
23:17:31,37.0,33.5,32.7,36.4,49,2287,3489
23:18:30,37.1,33.5,32.8,36.4,49,2304,3475
23:19:30,37.0,33.5,32.7,36.4,49,2287,3483
23:20:30,37.1,33.5,32.7,36.4,49,2304,3475
23:21:30,37.0,33.4,32.7,36.5,49,2287,3480
23:22:29,37.0,33.5,32.7,36.3,49,2287,3478
23:23:29,37.3,33.4,32.7,36.5,49,2287,3491
23:24:29,37.2,33.4,32.6,36.5,49,2287,3475
23:25:29,37.0,33.5,32.7,36.4,49,2304,3472
23:26:28,37.0,33.5,32.8,36.4,49,2304,3483
23:27:28,37.2,33.4,32.7,36.4,49,2287,3464
23:28:28,37.1,33.5,32.8,36.4,49,2287,3483
23:29:28,37.2,33.4,32.7,36.4,49,2304,3472
23:30:27,37.2,33.6,32.7,36.4,49,2287,3478
23:31:27,37.1,33.5,32.7,36.4,49,2304,3483
23:32:27,37.2,33.5,32.7,36.4,49,2304,3469
23:33:27,37.1,33.5,32.7,36.4,50,2287,3489
23:34:26,37.0,33.4,32.7,36.4,49,2287,3480
23:35:26,37.0,33.4,32.7,36.4,49,2304,3489
23:36:26,37.0,33.5,32.6,36.4,49,2304,3494
23:37:26,37.0,33.4,32.7,36.3,49,2304,3478
23:38:25,37.1,33.5,32.7,36.4,49,2304,3505
23:39:25,37.1,33.5,32.6,36.4,49,2304,3491
23:40:25,37.1,33.5,32.7,36.4,49,2304,3491
23:41:25,37.1,33.5,32.7,36.5,49,2304,3494
23:42:24,37.1,33.4,32.7,36.4,50,2304,3475
23:43:24,37.0,33.5,32.7,36.5,49,2320,3483
23:44:24,37.1,33.5,32.7,36.4,49,2287,3464
23:45:24,37.2,33.5,32.7,36.4,49,2304,3491
23:46:23,37.0,33.4,32.7,36.4,49,2304,3480
23:47:23,37.1,33.4,32.8,36.5,49,2320,3475
23:48:23,37.1,33.5,32.7,36.4,49,2320,3486
23:49:22,37.2,33.4,32.6,36.4,50,2304,3475
23:50:22,37.2,33.5,32.8,36.5,49,2304,3483
23:51:22,37.0,33.5,32.6,36.4,49,2304,3505
23:52:22,37.2,33.5,32.6,36.4,49,2304,3475
23:53:21,37.2,33.5,32.7,36.3,49,2304,3500
23:54:21,37.3,33.6,32.8,36.4,49,2320,3486
23:55:21,37.1,33.5,32.7,36.3,49,2304,3475
23:56:21,37.1,33.6,32.8,36.4,49,2304,3478
23:57:20,37.2,33.5,32.7,36.5,49,2304,3486
23:58:20,37.2,33.4,32.7,36.4,49,2304,3478
23:59:20,37.2,33.4,32.6,36.5,49,2320,3483
0:0:20,37.2,33.5,32.8,36.4,49,2304,3486
