0:1:19,37.0,33.4,32.7,36.5,49,2320,3483
0:2:19,37.0,33.3,32.7,36.5,50,2320,3489
0:3:19,37.0,33.5,32.7,36.4,49,2304,3491
0:4:19,37.1,33.4,32.7,36.5,49,2304,3489
0:5:18,37.0,33.5,32.7,36.5,49,2304,3483
0:6:18,37.1,33.6,32.7,36.4,49,2304,3494
0:7:18,37.2,33.5,32.8,36.3,49,2320,3486
0:8:18,37.0,33.5,32.8,36.5,49,2304,3480
0:9:17,37.2,33.5,32.9,36.5,49,2320,3480
0:10:17,37.0,33.5,32.7,36.4,49,2320,3483
0:11:17,37.2,33.5,32.7,36.3,49,2304,3478
0:12:17,37.1,33.5,32.7,36.5,49,2320,3491
0:13:16,37.0,33.4,32.7,36.4,49,2320,3483
0:14:16,37.0,33.6,32.8,36.4,49,1209,3453
0:14:16,37.2,33.5,32.8,36.4,49,1209,3464
0:15:16,36.8,33.8,32.6,35.8,49,2287,3483
0:16:16,37.1,34.1,32.3,35.5,49,2287,3478
0:17:15,37.2,34.3,32.1,35.2,49,2304,3500
0:18:15,37.3,34.5,31.9,35.0,49,2304,3478
0:19:15,37.3,34.5,31.9,34.9,49,2320,3478
0:20:15,37.3,34.8,31.9,34.9,49,2320,3489
0:21:14,37.4,34.7,31.8,34.8,49,2320,3475
0:22:14,37.4,34.8,31.8,34.8,49,2320,3489
0:23:14,37.3,34.8,31.8,34.8,49,2320,3494
0:24:14,37.3,34.8,31.8,34.8,49,2320,3483
0:25:14,37.4,34.9,31.8,34.9,49,2320,3494
0:26:13,37.4,35.0,31.8,34.8,49,2344,3502
0:27:13,37.4,34.9,31.9,34.8,49,2320,3486
0:28:13,37.3,34.8,31.8,34.7,50,2320,3486
0:29:13,37.5,34.9,31.9,34.8,49,2320,3467
0:30:12,37.4,34.8,31.9,34.8,50,2344,3486
0:31:12,37.5,34.9,31.8,34.8,50,2344,3486
0:32:12,37.4,35.0,31.9,34.7,50,2320,3494
0:33:12,37.4,34.9,31.9,34.8,49,2344,3475
0:34:11,37.5,34.9,31.9,34.8,50,2344,3475
0:35:11,37.4,34.9,31.7,34.8,50,2344,3486
0:36:11,37.4,35.1,31.9,34.8,50,2344,3478
0:37:11,37.4,34.9,31.9,34.7,50,2344,3486
0:38:11,37.4,34.9,31.7,34.9,49,2344,3475
0:39:10,37.4,34.9,31.8,34.7,49,2344,3469
0:40:10,37.4,35.0,31.8,34.7,50,2344,3483
0:41:10,37.3,34.8,31.7,34.9,50,2344,3483
0:42:10,37.3,35.0,31.8,34.8,50,2344,3500
0:43:9,37.3,34.8,31.8,34.8,50,2344,3469
0:44:9,37.4,35.0,31.8,34.9,50,2344,3486
0:45:9,37.4,34.9,31.7,34.8,49,2344,3483
0:46:9,37.4,34.9,31.8,34.8,49,2344,3486
0:47:8,37.4,34.9,31.9,34.8,49,2344,3500
0:48:8,37.4,35.0,31.8,34.8,49,2370,3491
0:49:8,37.3,35.0,31.8,34.8,50,2344,3475
0:50:8,37.3,34.9,31.8,34.8,50,2370,3475
0:51:8,37.3,34.9,31.9,34.8,49,2344,3469
0:52:7,37.4,34.9,31.8,34.7,50,2344,3486
0:53:7,37.3,34.9,31.9,34.8,50,2344,3475
0:54:7,37.4,34.8,31.8,34.7,50,2344,3478
0:55:7,37.3,34.9,31.8,34.6,50,2344,3480
0:56:6,37.4,34.8,31.8,34.8,49,2344,3497
0:57:6,37.3,34.9,31.9,34.8,50,2344,3491
0:58:6,37.4,34.8,31.8,34.6,50,2344,3483
0:59:6,37.4,34.9,31.9,34.8,50,2370,3475
1:0:5,37.3,35.0,31.8,34.7,50,2344,3475
1:1:5,37.3,34.8,31.8,34.7,50,2344,3464
1:2:5,37.4,35.0,31.8,34.7,50,2344,3483
1:3:5,37.4,35.0,31.8,34.6,50,2344,3494
1:4:5,37.3,34.9,31.6,34.6,50,2344,3483
1:5:4,37.4,34.9,31.8,34.7,50,2344,3480
1:6:4,37.3,34.8,31.7,34.8,50,2344,3486
1:7:4,37.4,34.9,31.6,34.7,50,2370,3497
1:8:4,37.3,34.9,31.8,34.6,50,2370,3483
1:9:3,37.3,34.9,31.7,34.7,49,2370,3483
1:10:3,37.3,35.0,31.8,34.6,50,2344,3486
1:11:3,37.4,34.9,31.7,34.6,50,2370,3483
1:12:3,37.3,34.9,31.8,34.7,50,2344,3489
1:13:3,37.4,34.8,31.8,34.8,50,2344,3500
1:14:2,37.5,34.8,31.7,34.7,50,2344,3475
1:15:2,37.2,34.9,31.8,34.7,50,2344,3483
1:16:2,37.2,34.8,31.7,34.6,50,2344,3475
1:17:2,37.3,34.9,31.7,34.7,50,2344,3483
1:18:1,37.3,34.8,31.7,34.7,50,2344,3480
1:19:1,37.3,34.8,31.8,34.7,50,2344,3480
1:20:1,37.2,34.9,31.8,34.7,50,2370,3494
1:21:1,37.3,35.0,31.8,34.7,50,2344,3486
1:22:0,37.3,35.0,31.8,34.6,50,2344,3494
1:23:0,37.2,34.8,31.7,34.6,50,2370,3500
1:24:0,37.3,34.8,31.7,34.6,50,2344,3489
1:25:0,37.3,34.9,31.6,34.7,50,2344,3475
1:26:0,37.3,34.9,31.7,34.8,50,2344,3478
1:26:59,37.3,34.9,31.7,34.7,50,2344,3475
1:27:59,37.3,34.9,31.7,34.7,50,2344,3472
1:28:59,37.3,34.8,31.7,34.7,49,2344,3469
1:29:59,37.2,34.9,31.7,34.7,50,2344,3500
1:30:58,37.3,34.8,31.6,34.8,50,2344,3464
1:31:58,37.2,34.7,31.8,34.6,50,2344,3483
1:32:58,37.3,34.8,31.7,34.7,50,2344,3472
1:33:58,37.2,34.9,31.7,34.6,49,2344,3478
1:34:58,37.3,34.8,31.7,34.7,50,2344,3500
1:35:57,37.0,34.9,31.7,34.6,50,2344,3469
1:36:57,37.2,34.9,31.7,34.7,50,2344,3478
1:37:57,37.2,34.8,31.7,34.6,50,2370,3483
1:38:57,37.3,34.9,31.7,34.7,50,2344,3486
1:39:56,37.3,34.9,31.6,34.6,50,2370,3483
1:40:56,37.2,34.9,31.7,34.6,50,2370,3480
1:41:56,37.2,34.7,31.7,34.6,50,2370,3483
1:42:56,37.2,34.8,31.7,34.7,50,2370,3475
1:43:55,37.3,34.8,31.7,34.6,50,2370,3489
1:44:55,37.3,34.9,31.7,34.9,50,2370,3483
1:45:55,37.2,34.8,31.7,34.6,50,2370,3464
1:46:55,37.3,34.9,31.7,34.6,50,2370,3480
1:47:55,37.3,34.8,31.6,34.7,50,2370,3486
1:48:54,37.3,34.9,31.7,34.7,50,2370,3486
1:49:54,37.3,34.9,31.7,34.7,50,2370,3486
1:50:54,37.0,34.9,31.7,34.6,50,2344,3480
1:51:54,36.7,35.0,32.2,34.3,50,2320,3472
1:52:53,36.8,35.9,32.5,33.9,49,2344,3478
1:53:53,36.8,36.2,32.5,33.5,49,2370,3486
1:54:53,36.8,36.3,32.5,33.6,49,2370,3483
1:55:53,36.8,36.5,32.5,33.4,49,2370,3486
1:56:53,36.8,36.5,32.7,33.3,49,2370,3494
1:57:52,36.9,36.6,32.7,33.2,49,2388,3475
1:58:52,36.9,36.7,32.7,33.3,49,2388,3491
1:59:52,36.9,36.8,32.7,33.2,49,2388,3475
2:0:52,36.8,36.6,32.7,33.2,49,2406,3486
2:1:52,36.8,36.7,32.8,33.1,49,2406,3469
2:2:51,36.8,36.7,32.7,33.2,49,2406,3489
2:3:51,36.8,36.6,32.9,33.1,49,2406,3475
2:4:51,36.8,36.7,32.7,33.2,49,2406,3486
2:5:51,36.8,36.7,32.7,33.2,49,2406,3489
2:6:51,36.9,36.6,32.7,33.1,49,2406,3486
2:7:50,36.8,36.7,32.8,33.1,49,2406,3480
2:8:50,36.9,36.7,32.8,33.1,49,2432,3497
2:9:50,36.8,36.7,32.7,33.1,49,2432,3489
2:10:50,36.7,36.7,32.7,33.3,49,2432,3489
2:11:50,36.8,36.7,32.8,33.3,49,2432,3469
2:12:49,36.7,36.6,32.7,33.2,49,2432,3489
2:13:49,36.8,36.6,32.8,33.2,49,2432,3483
2:14:49,36.7,36.7,32.8,33.2,49,2432,3469
2:15:49,36.8,36.6,32.8,33.1,49,2432,3491
2:16:49,36.8,36.7,32.7,33.2,49,2432,3478
2:17:48,36.7,36.6,32.8,33.1,49,2454,3491
2:18:48,36.8,36.6,32.7,33.1,49,2454,3480
2:19:48,36.7,36.7,32.7,33.2,49,2454,3500
2:20:48,36.8,36.6,32.7,33.2,49,2454,3500
2:21:47,36.7,36.7,32.8,33.1,49,2432,3480
2:22:47,36.7,36.7,32.8,33.1,49,2454,3480
2:23:47,36.6,36.7,32.8,33.2,49,2454,3478
2:24:47,36.7,36.7,32.8,33.2,49,2454,3483
2:25:47,36.7,36.7,32.8,33.1,49,2454,3472
2:26:46,36.8,36.8,32.8,33.2,49,2454,3475
2:27:46,36.8,36.7,32.8,33.2,49,2454,3475
2:28:46,36.9,36.7,32.8,33.2,49,2454,3478
2:29:46,36.7,36.7,32.7,33.2,49,2454,3486
2:30:45,36.8,36.8,32.7,33.1,49,2471,3494
2:31:45,36.8,36.7,32.7,33.2,49,2454,3461
2:32:45,36.8,36.8,32.7,33.2,49,2471,3489
2:33:45,36.8,36.8,32.6,33.1,49,2471,3475
2:34:45,36.8,36.7,32.7,33.2,49,2471,3483
2:35:44,36.9,36.7,32.9,33.1,49,2471,3480
2:36:44,36.4,36.3,32.8,33.1,49,2432,3486
2:37:44,36.2,36.7,32.9,33.0,48,2432,3483
2:38:44,36.3,36.7,32.8,33.0,48,2432,3458
2:39:44,36.4,36.8,32.7,32.9,49,2454,3486
2:40:43,36.5,36.9,32.7,33.0,49,2454,3480
2:41:43,36.5,37.0,32.8,33.0,49,2454,3475
2:42:43,36.5,37.0,32.9,32.9,49,2454,3469
2:43:43,36.5,37.0,32.9,33.0,49,2471,3500
2:44:43,36.4,36.7,32.8,33.0,49,2406,3480
2:45:42,36.5,36.5,32.8,33.1,48,2432,3475
2:46:42,36.6,36.4,32.6,33.1,48,2432,3483
2:47:42,36.8,36.5,32.5,33.2,48,2432,3486
2:48:42,36.8,36.4,32.5,33.2,48,2432,3475
2:49:42,36.7,36.4,32.2,33.2,49,2432,3475
2:50:41,36.8,36.4,32.4,33.2,49,2432,3480
2:51:41,36.9,36.5,32.3,33.3,49,2432,3486
2:52:41,36.8,36.5,32.3,33.3,49,2454,3500
2:53:41,36.9,36.5,32.3,33.3,49,2432,3483
2:54:40,36.8,36.4,32.3,33.2,49,2432,3508
2:55:40,36.8,36.4,32.4,33.3,49,2432,3500
2:56:40,36.8,36.5,32.3,33.3,49,2432,3491
2:57:40,36.9,36.5,32.3,33.4,49,2432,3486
2:58:40,36.9,36.3,32.3,33.4,49,2454,3478
2:59:39,36.9,36.3,32.3,33.3,49,2432,3480
3:0:39,36.8,36.4,32.3,33.3,49,2454,3489
3:1:39,36.8,36.6,32.4,33.4,49,2454,3475
3:2:39,36.9,36.3,32.4,33.3,49,2454,3486
3:3:39,36.8,36.5,32.3,33.4,49,2454,3494
3:4:38,36.8,36.4,32.4,33.3,49,2454,3478
3:5:38,36.9,36.3,32.2,33.4,49,2471,3500
3:6:38,36.7,36.3,32.4,33.3,49,2454,3494
3:7:38,36.9,36.4,32.2,33.4,49,2454,3478
3:8:38,36.8,36.3,32.2,33.3,49,2454,3475
3:9:37,36.6,36.3,32.4,33.4,49,2454,3491
3:10:37,36.7,36.4,32.3,33.3,49,2454,3483
3:11:37,36.8,36.4,32.4,33.3,49,2454,3486
3:12:37,36.7,36.5,32.3,33.4,49,2454,3467
3:13:37,36.8,36.3,32.2,33.3,49,2454,3491
3:14:36,36.7,36.3,32.4,33.4,49,2454,3475
3:15:36,36.8,36.4,32.3,33.3,49,2454,3489
3:16:36,36.9,36.4,32.3,33.4,49,2454,3483
3:17:36,36.8,36.3,32.3,33.3,49,2454,3486
3:18:35,36.8,36.2,32.4,33.3,50,2454,3500
3:19:35,36.8,36.4,32.4,33.5,49,2454,3475
3:20:35,36.8,36.4,32.4,33.3,49,2471,3486
3:21:35,36.6,36.3,32.3,33.2,49,2471,3480
3:22:35,37.0,36.4,32.2,33.3,49,2454,3489
3:23:34,36.8,36.4,32.3,33.4,49,2471,3486
3:24:34,36.8,36.4,32.4,33.3,49,2471,3475
3:25:34,36.8,36.4,32.4,33.3,49,2471,3489
3:26:34,36.8,36.3,32.3,33.2,49,2471,3458
3:27:34,36.8,36.3,32.4,33.3,49,2471,3489
3:28:33,36.8,36.2,32.3,33.3,49,2471,3480
3:29:33,36.8,36.2,32.3,33.3,49,2471,3483
3:30:33,36.8,36.3,32.4,33.5,49,2471,3480
3:31:33,36.8,36.4,32.3,33.3,49,2471,3491
3:32:33,36.8,36.3,32.3,33.4,49,2471,3475
3:33:32,36.8,36.4,32.3,33.5,49,2471,3475
3:34:32,36.8,36.3,32.3,33.4,49,2471,3494
3:35:32,36.9,36.3,32.3,33.5,50,2471,3505
3:36:32,36.8,36.4,32.2,33.3,49,2471,3483
3:37:32,36.8,36.3,32.2,33.5,49,2471,3486
3:38:31,36.7,36.4,32.3,33.4,49,2471,3475
3:39:31,36.8,36.5,32.4,33.4,49,2471,3475
3:40:31,36.9,36.3,32.3,33.4,49,2471,3491
3:41:31,36.9,36.5,32.4,33.4,49,2502,3469
3:42:31,36.9,36.4,32.4,33.4,49,2502,3486
3:43:30,36.8,36.4,32.3,33.4,49,2502,3467
3:44:30,36.9,36.4,32.4,33.4,49,2502,3483
3:45:30,36.8,36.4,32.4,33.4,49,2502,3502
3:46:30,36.9,36.4,32.3,33.4,49,2502,3489
3:47:29,36.9,36.5,32.3,33.3,49,2502,3448
3:48:29,36.8,36.5,32.3,33.4,49,2520,3478
3:49:29,36.9,36.5,32.3,33.3,49,2502,3483
3:50:29,37.0,36.1,32.4,33.5,49,2502,3502
3:51:29,37.4,36.1,32.3,33.6,49,2502,3478
3:52:28,37.3,36.0,32.1,33.6,49,2502,3505
3:53:28,37.3,36.0,32.1,33.6,49,2502,3489
3:54:28,37.2,36.0,32.1,33.8,49,2502,3467
3:55:28,37.4,35.9,32.2,33.8,49,2520,3478
3:56:27,37.4,35.9,32.1,33.9,49,2520,3472
3:57:27,37.5,36.0,32.0,33.9,49,2520,3467
3:58:27,37.4,36.0,32.2,34.0,49,2520,3475
3:59:27,37.4,36.0,32.1,34.0,49,2520,3494
4:0:26,37.4,36.0,32.1,34.0,48,2502,3500
4:1:26,37.4,36.0,32.1,34.1,49,2520,3500
4:2:26,37.4,35.9,32.1,34.1,49,2520,3472
4:3:26,37.5,36.0,32.1,34.1,49,2502,3478
4:4:25,37.3,36.0,32.2,34.0,48,2520,3475
4:5:25,37.5,36.0,32.1,34.1,49,2520,3480
4:6:25,37.5,36.0,32.3,34.1,49,2520,3483
4:7:25,37.4,36.1,32.2,34.1,49,2520,3480
4:8:24,37.5,36.1,32.2,34.2,48,2544,3489
4:9:24,37.6,36.0,32.2,34.1,49,2544,3500
4:10:24,37.4,36.1,32.3,34.3,49,2544,3480
4:11:24,37.4,36.1,32.3,34.2,49,2544,3475
4:12:23,37.5,36.1,32.2,34.2,48,2544,3486
4:13:23,37.5,36.0,32.2,34.2,48,2544,3486
4:14:23,37.6,36.1,32.2,34.2,49,2544,3483
4:15:23,37.6,36.2,32.3,34.2,48,2544,3469
4:16:22,37.5,36.2,32.3,34.1,48,2544,3480
4:17:22,37.6,36.2,32.2,34.2,48,2544,3472
4:18:22,37.4,36.2,32.3,34.3,48,2563,3486
4:19:22,37.5,36.1,32.2,34.2,48,2563,3472
4:20:21,37.5,36.2,32.2,34.3,48,2563,3486
4:21:21,37.5,36.0,32.4,34.3,49,2563,3475
4:22:21,37.5,36.3,32.3,34.2,48,2563,3483
4:23:21,37.5,36.1,32.1,34.2,48,2563,3497
4:24:20,37.5,36.2,32.1,34.3,49,2563,3469
4:25:20,36.8,36.7,32.5,33.5,48,2471,3502
4:26:20,35.9,37.5,33.4,32.9,47,2388,3483
4:27:20,35.3,37.7,34.3,32.6,46,2344,3486
4:28:20,35.0,37.7,34.9,32.3,46,2304,3480
4:29:19,34.8,37.7,35.3,32.2,45,2265,3491
4:30:19,34.7,37.8,35.4,32.0,45,2224,3494
4:31:19,34.5,37.8,35.6,32.0,44,2203,3497
4:32:19,34.5,37.8,35.6,31.9,44,2168,3497
4:33:19,34.3,37.9,35.9,32.1,44,2144,3510
4:34:19,34.4,37.9,35.8,31.9,44,2128,3494
4:35:19,34.3,37.9,35.8,31.9,44,2112,3500
4:36:19,34.4,37.8,36.0,31.9,44,2094,3500
4:37:19,34.3,37.9,36.0,31.9,44,2086,3497
4:38:19,34.2,37.9,35.8,31.9,44,2086,3486
4:39:18,34.3,37.8,35.8,31.8,44,2050,3500
4:40:18,34.2,37.8,35.8,31.9,44,2050,3510
4:41:18,34.3,37.9,35.9,31.9,44,2027,3472
4:42:18,34.3,37.9,35.9,32.0,44,2009,3475
4:43:18,34.3,37.8,35.8,31.9,44,2009,3486
4:44:18,34.2,37.9,35.9,31.9,44,1995,3494
4:45:18,34.2,37.9,35.9,31.9,44,1980,3513
4:46:18,34.1,37.9,35.9,32.0,44,1966,3494
4:47:18,34.2,37.8,36.0,32.0,44,1966,3500
4:48:18,34.2,37.8,36.0,31.9,44,1966,3500
4:49:18,34.2,37.9,35.9,32.0,43,1925,3494
4:50:18,34.2,37.8,35.9,31.9,44,1925,3502
4:51:17,34.2,37.9,35.9,31.9,44,1925,3502
4:52:17,34.2,37.7,36.0,31.9,44,1912,3502
4:53:17,34.3,37.9,35.9,31.8,44,1894,3510
4:54:17,34.3,37.7,35.9,31.9,44,1894,3483
4:55:17,34.2,37.8,35.9,31.9,44,1880,3475
4:56:17,34.3,37.7,35.9,32.0,43,1880,3489
4:57:17,34.3,37.9,36.0,31.9,44,1864,3491
4:58:17,34.3,37.9,36.1,31.9,44,1851,3489
4:59:17,34.3,37.8,35.9,31.9,44,1851,3491
5:0:17,34.2,37.9,35.9,31.9,44,1835,3500
5:1:17,34.2,37.8,36.0,31.8,44,1835,3486
5:2:16,34.2,37.8,36.0,32.0,44,1835,3500
5:3:16,34.2,37.8,35.9,32.0,44,1821,3500
5:4:16,34.2,37.7,36.0,31.9,43,1821,3500
5:5:16,34.3,37.7,35.8,31.9,44,1808,3489
5:6:16,34.3,37.8,35.9,31.9,44,1808,3489
5:7:16,34.2,37.8,35.9,31.9,43,1808,3502
5:8:16,34.2,37.7,35.9,32.0,44,1787,3500
5:9:16,34.3,37.9,35.9,32.0,43,1787,3491
5:10:16,34.3,37.8,36.0,31.9,44,1774,3494
5:11:16,34.2,37.8,35.8,31.9,44,1774,3494
5:12:16,34.2,37.8,35.9,31.9,44,1774,3491
5:13:15,34.2,37.7,35.9,31.8,43,1761,3500
5:14:15,34.2,37.8,36.0,32.0,43,1761,3500
5:15:15,34.3,37.9,35.9,32.0,43,1749,3510
5:16:15,34.3,37.8,35.8,31.9,44,1749,3502
5:17:15,34.2,37.8,35.9,31.9,43,1749,3494
5:18:15,34.2,37.4,35.4,31.9,43,1719,3494
5:19:15,33.9,36.9,35.2,31.8,43,1680,3502
5:20:15,33.6,36.8,35.6,31.8,43,1657,3500
5:21:15,33.4,36.8,36.0,31.8,43,1657,3489
5:22:15,33.4,36.8,36.2,31.7,43,1643,3475
5:23:15,33.4,36.6,36.2,31.6,43,1629,3494
5:24:15,33.2,36.8,36.3,31.8,43,1617,3500
5:25:15,33.0,36.7,36.4,31.7,43,1617,3505
5:26:15,33.2,36.7,36.4,31.7,43,1617,3497
5:27:15,33.1,36.8,36.4,31.8,43,1609,3502
5:28:15,33.1,36.6,36.5,31.7,43,1609,3486
5:29:15,32.9,36.7,36.5,31.7,43,1609,3500
5:30:15,33.2,36.6,36.5,31.7,43,1609,3480
5:31:15,33.1,36.6,36.4,31.7,43,1596,3491
5:32:15,33.1,36.7,36.4,31.8,43,1583,3510
5:33:15,33.0,36.7,36.4,31.7,44,1583,3475
5:34:15,33.0,36.6,36.3,31.7,44,1583,3491
5:35:15,33.1,36.6,36.4,31.8,44,1569,3502
5:36:15,33.1,36.7,36.4,31.8,43,1569,3497
5:37:15,33.0,36.6,36.5,31.8,43,1569,3494
5:38:15,33.0,36.6,36.1,31.7,44,1558,3505
5:39:15,32.8,36.2,35.6,31.6,43,1518,3491
5:40:15,32.8,36.0,35.8,31.8,43,1518,3508
5:41:15,32.7,35.8,36.4,31.7,43,1529,3486
5:42:15,32.5,36.0,36.4,31.9,44,1529,3500
5:43:15,32.5,35.8,36.6,31.9,44,1518,3502
5:44:15,32.4,35.8,36.6,31.9,44,1518,3500
5:45:15,32.4,35.8,36.7,32.0,43,1518,3494
5:46:15,32.3,35.8,36.7,31.9,44,1511,3486
5:47:15,32.4,35.7,36.7,32.1,43,1518,3483
5:48:15,32.3,35.7,36.9,32.2,43,1511,3494
5:49:15,32.3,35.8,36.8,32.0,43,1511,3483
5:50:15,32.3,35.7,36.9,31.9,43,1496,3500
5:51:15,32.3,35.7,36.9,31.9,43,1511,3510
5:52:15,32.4,35.7,36.9,32.0,43,1496,3500
5:53:15,32.3,35.8,37.0,32.0,43,1496,3500
5:54:15,32.2,35.7,36.8,32.1,43,1485,3494
5:55:15,32.3,35.7,37.0,32.1,43,1485,3491
5:56:15,32.2,35.8,36.9,32.0,43,1485,3500
5:57:15,32.2,35.7,37.1,32.1,43,1485,3486
5:58:15,32.2,35.7,37.0,31.9,43,1474,3489
5:59:15,32.2,35.7,37.0,32.1,43,1485,3502
6:0:15,32.2,35.6,36.9,31.9,43,1474,3486
6:1:15,32.2,35.7,36.6,31.9,43,1474,3505
6:2:15,32.2,35.7,36.4,31.9,43,1474,3480
6:3:15,32.3,35.6,36.3,31.9,43,1464,3502
6:4:15,32.1,35.7,36.3,32.0,43,1464,3500
6:5:15,32.2,35.6,36.4,31.9,43,1464,3494
6:6:15,32.2,35.7,36.5,31.9,43,1453,3489
6:7:15,32.1,35.6,36.4,31.9,43,1464,3500
6:8:15,32.1,35.7,36.2,31.9,43,1453,3508
6:9:15,32.1,35.7,36.5,32.0,43,1453,3500
6:10:15,32.1,35.7,36.4,31.9,43,1438,3500
6:11:15,32.1,35.6,36.4,31.9,43,1427,3500
6:12:15,32.1,35.4,36.6,31.9,43,1427,3500
6:13:16,32.0,35.4,36.7,31.9,43,1427,3497
6:14:16,31.9,35.6,36.6,31.9,43,1422,3486
6:15:16,32.1,35.5,36.3,31.7,43,1324,3431
6:16:16,31.9,35.0,36.5,31.9,43,1397,3480
6:17:16,31.8,34.5,37.2,32.6,43,1406,3489
6:18:16,31.8,34.2,37.4,33.1,43,1406,3491
6:19:16,31.7,34.0,37.3,33.3,44,1422,3461
6:20:16,31.8,33.7,37.4,33.8,44,1422,3497
6:21:16,31.6,33.6,37.6,33.9,44,1427,3489
6:22:16,31.6,33.7,37.6,34.1,44,1427,3472
6:23:16,31.7,33.6,37.4,34.2,44,1427,3510
6:24:16,31.7,33.7,37.5,34.4,44,1427,3483
6:25:16,31.7,33.8,37.6,34.5,44,1438,3486
6:26:16,31.8,33.8,37.5,34.4,44,1438,3480
6:27:16,31.8,33.7,37.4,34.4,45,1438,3500
6:28:16,31.8,33.8,37.4,34.5,45,1438,3494
6:29:16,31.9,33.7,37.5,34.6,44,1453,3486
6:30:16,31.8,33.8,37.5,34.5,45,1438,3489
6:31:16,31.8,33.7,37.5,34.6,45,1453,3486
6:32:16,31.8,33.7,37.5,34.6,45,1453,3475
6:33:16,31.9,33.8,37.5,34.6,45,1453,3494
6:34:16,31.8,33.9,37.5,34.6,45,1453,3500
6:35:16,31.9,33.8,37.6,34.7,45,1464,3491
6:36:16,32.0,33.8,37.5,34.7,45,1464,3475
6:37:16,31.9,33.8,37.5,34.7,45,1464,3486
6:38:16,31.9,33.9,37.5,34.7,45,1453,3494
6:39:16,32.0,33.9,37.5,34.6,45,1464,3469
6:40:16,32.0,33.9,37.5,34.7,45,1464,3475
6:41:16,31.9,33.9,37.5,34.8,45,1474,3497
6:42:16,32.0,33.9,37.5,34.6,45,1474,3483
6:43:16,31.9,33.9,37.5,34.7,45,1474,3494
6:44:16,32.0,34.0,37.7,34.9,45,1474,3502
6:45:15,32.1,34.0,37.5,34.8,45,1474,3489
6:46:15,32.1,34.0,37.5,34.9,45,1474,3483
6:47:15,32.1,34.0,37.5,34.8,45,1474,3480
6:48:15,32.0,34.0,37.6,34.8,45,1474,3480
6:49:15,32.1,34.1,37.4,34.9,45,1474,3483
6:50:15,32.1,33.9,37.6,34.7,45,1453,3491
6:51:15,32.2,33.9,37.5,34.9,45,1474,3500
6:52:15,32.1,33.8,37.6,34.8,45,1474,3478
6:53:15,32.1,34.0,37.5,34.8,45,1485,3480
6:54:15,32.2,34.0,37.4,34.7,45,1485,3480
6:55:15,32.0,33.9,37.5,34.8,45,1485,3491
6:56:15,32.1,34.0,37.6,34.8,45,1474,3502
6:57:15,32.2,34.0,37.7,34.8,45,1485,3483
6:58:15,32.2,34.0,37.6,34.9,45,1485,3472
6:59:15,32.1,34.0,37.6,34.8,45,1485,3483
7:0:15,32.1,33.9,37.5,34.7,45,1474,3508
7:1:15,32.1,34.0,37.5,34.7,45,1474,3494
7:2:15,31.9,33.9,37.6,34.8,45,1474,3478
7:3:15,32.0,34.0,37.5,34.7,45,1474,3483
7:4:14,32.1,33.9,37.5,34.7,45,1474,3489
7:5:14,31.9,34.0,37.4,34.7,45,1474,3500
7:6:14,32.1,33.9,37.5,34.6,45,1474,3500
7:7:14,32.1,33.9,37.6,34.7,45,1485,3497
7:8:14,32.1,33.9,37.5,34.7,45,1464,3491
7:9:14,32.0,33.9,37.5,34.7,45,1474,3480
7:10:14,32.1,34.0,37.5,34.7,45,1474,3489
7:11:14,32.0,33.9,37.5,34.6,45,1474,3494
7:12:14,32.1,34.0,37.6,34.6,45,1464,3480
7:13:14,32.1,33.9,37.5,34.6,45,1464,3483
7:14:14,32.0,33.8,37.6,34.6,45,1464,3480
7:15:14,32.0,33.9,37.5,34.6,45,1453,3480
7:16:14,31.9,33.9,37.4,34.7,45,1464,3500
7:17:14,31.9,33.9,37.5,34.7,45,1474,3486
7:18:14,32.0,34.0,37.5,34.5,45,1464,3500
7:19:14,32.0,34.0,37.6,34.6,45,1453,3467
7:20:14,32.0,33.9,37.5,34.6,45,1464,3486
7:21:14,32.0,33.9,37.5,34.6,45,1464,3494
7:22:14,32.0,33.9,37.6,34.6,45,1474,3500
7:23:14,32.0,33.9,37.7,34.7,45,1464,3480
7:24:14,31.9,33.9,37.4,34.3,45,1453,3494
7:25:14,31.7,34.3,37.2,34.3,45,1474,3494
7:26:14,31.7,34.4,37.1,34.2,45,1474,3500
7:27:14,31.7,34.7,37.1,34.1,46,1496,3497
7:28:14,31.9,34.7,37.0,34.0,46,1511,3489
7:29:14,31.9,34.7,36.7,33.9,46,1511,3478
7:30:13,31.9,34.7,36.7,33.9,46,1518,3497
7:31:13,31.9,34.6,36.9,33.8,46,1529,3505
7:32:13,31.9,34.8,36.9,33.8,46,1529,3505
7:33:13,31.8,34.6,36.9,33.9,46,1529,3475
7:34:13,31.9,34.7,37.0,33.8,46,1529,3497
7:35:13,31.9,34.8,36.9,33.9,46,1540,3486
7:36:13,31.9,34.6,37.0,33.8,46,1558,3497
7:37:13,31.9,34.7,36.9,33.9,46,1558,3480
7:38:13,31.9,34.7,36.9,33.9,46,1558,3489
7:39:13,31.9,34.5,36.8,34.0,46,1558,3469
7:40:13,31.9,34.8,37.0,34.2,46,1569,3472
7:41:13,31.9,34.7,36.8,34.1,46,1569,3478
7:42:13,32.0,34.6,36.9,34.2,46,1583,3483
7:43:13,31.9,34.7,36.8,34.2,46,1583,3475
7:44:13,31.9,34.6,36.9,34.2,46,1583,3491
7:45:13,31.9,34.7,36.9,34.2,46,1583,3489
7:46:12,31.9,34.7,36.9,34.3,46,1596,3491
7:47:12,32.0,34.6,36.7,34.0,46,1609,3483
7:48:12,31.9,34.6,36.7,34.0,46,1596,3489
7:49:12,31.8,34.6,36.9,34.0,46,1596,3475
7:50:12,31.8,34.5,36.8,33.5,46,1397,3445
7:51:12,31.9,34.3,36.6,33.6,45,1540,3478
7:52:12,31.7,34.0,36.6,34.3,45,1540,3489
7:53:12,31.6,33.8,36.6,35.0,45,1540,3469
7:54:12,31.6,33.6,36.5,35.4,46,1540,3472
7:55:12,31.6,33.6,36.3,35.8,46,1540,3486
7:56:12,31.6,33.6,36.3,35.8,46,1558,3500
7:57:12,31.7,33.5,36.6,35.6,46,1558,3480
7:58:12,31.7,33.5,36.5,35.4,46,1558,3489
7:59:12,31.6,33.6,36.4,35.3,46,1558,3478
8:0:12,31.6,33.5,36.5,35.3,46,1558,3502
8:1:12,31.7,33.6,36.6,35.4,47,1558,3500
8:2:12,31.6,33.6,36.6,35.6,46,1569,3475
8:3:12,31.7,33.5,36.5,35.7,46,1569,3475
8:4:12,31.8,33.5,36.5,35.7,47,1583,3491
8:5:12,31.7,33.5,36.5,35.5,46,1569,3497
8:6:12,31.8,33.5,36.3,35.2,46,1569,3483
8:7:12,31.6,33.5,36.4,34.7,46,1569,3494
8:8:11,31.6,33.5,36.3,34.8,47,1569,3494
8:9:11,31.6,33.4,36.4,34.8,47,1569,3472
8:10:11,31.8,33.5,36.4,34.8,47,1583,3480
8:11:11,31.6,33.4,36.5,34.7,47,1583,3475
8:12:11,31.7,33.3,36.4,34.6,47,1583,3486
8:13:11,31.7,33.4,36.7,34.5,47,1583,3467
8:14:11,31.7,33.5,36.6,34.6,47,1596,3464
8:15:11,31.8,33.5,36.6,34.9,47,1609,3483
8:16:11,31.8,33.5,36.7,34.9,47,1609,3483
8:17:11,31.8,33.4,36.4,35.1,47,1617,3494
8:18:11,31.8,33.4,36.5,35.2,47,1617,3478
8:19:11,31.8,33.4,36.4,35.0,47,1617,3480
8:20:11,31.9,33.5,36.4,34.9,47,1617,3464
8:21:11,31.7,33.4,36.5,34.8,47,1629,3489
8:22:11,32.0,33.0,36.1,35.2,47,1629,3475
8:23:11,32.3,32.7,35.9,35.4,47,1643,3461
8:24:11,32.3,32.4,35.9,35.7,47,1669,3472
8:25:11,32.2,32.4,35.7,35.5,48,1657,3458
8:26:10,32.4,32.2,35.8,35.8,48,1643,3472
8:27:10,32.8,32.5,36.3,36.3,48,1669,3475
8:28:10,33.0,32.6,36.3,36.8,48,1680,3467
8:29:10,33.2,32.7,36.5,36.9,49,1719,3483
8:30:10,33.5,32.9,36.3,37.1,49,1749,3461
8:31:10,33.6,33.1,36.4,37.2,49,1761,3483
8:32:10,33.8,33.2,36.4,37.5,49,1787,3480
8:33:10,34.1,33.2,36.3,37.4,49,1835,3472
8:34:9,34.1,33.2,36.5,37.5,49,1851,3494
8:35:9,34.2,33.5,36.6,37.6,49,1864,3472
8:36:9,34.4,33.4,36.6,37.6,49,1894,3494
8:37:9,34.6,33.6,36.8,37.6,49,1912,3500
8:38:8,34.6,33.2,36.7,37.9,49,1894,3489
8:39:8,34.9,32.9,36.0,38.3,48,1912,3480
8:40:8,35.0,32.8,35.5,38.5,48,1912,3469
8:41:8,35.4,32.7,35.1,38.6,48,1912,3464
8:42:7,35.6,32.7,34.9,38.6,48,1925,3475
8:43:7,35.9,32.7,34.8,38.7,48,1925,3475
8:44:7,35.8,32.6,34.6,38.5,48,1925,3475
8:45:6,36.0,32.6,34.6,38.5,48,1925,3516
8:46:6,36.0,32.5,34.4,38.5,48,1925,3491
8:47:6,35.7,32.4,34.4,38.5,48,1912,3469
8:48:6,35.7,32.4,34.4,38.4,48,1912,3469
8:49:5,35.4,32.4,34.2,38.1,48,1880,3467
8:50:5,36.2,32.5,33.9,38.2,48,1894,3475
8:51:5,36.6,32.6,33.7,38.1,48,1912,3483
8:52:4,36.8,32.6,33.6,38.1,49,1925,3480
8:53:4,36.3,32.3,33.8,38.1,49,1894,3486
8:54:4,35.8,32.2,34.1,38.2,49,1880,3500
8:55:4,35.6,31.9,34.3,38.3,48,1864,3461
8:56:4,35.0,32.0,34.2,37.9,48,1835,3483
8:57:3,34.6,32.0,34.4,37.9,48,1821,3480
8:58:3,34.3,31.8,34.5,37.9,49,1808,3486
8:59:3,34.0,31.7,34.6,37.9,48,1808,3480
9:0:3,33.9,31.7,34.7,38.0,48,1808,3500
9:1:3,33.8,31.7,34.7,37.7,49,1787,3489
9:2:2,33.5,32.2,35.4,37.3,49,1808,3486
9:3:2,33.6,32.4,36.0,36.9,49,1821,3489
9:4:2,33.6,32.6,36.5,36.8,49,1835,3475
9:5:2,33.5,32.9,36.5,36.6,49,1851,3472
9:6:2,33.4,32.9,36.7,36.4,49,1864,3475
9:7:2,33.2,33.1,37.3,36.1,49,1835,3478
9:8:2,32.8,33.0,37.4,36.0,48,1808,3467
9:9:1,33.1,32.9,36.8,36.9,47,1835,3464
9:10:1,33.5,32.7,36.5,37.4,48,1880,3469
9:11:1,33.6,32.6,36.4,37.6,49,1925,3467
9:12:1,33.9,32.5,36.5,37.8,50,1939,3472
9:13:1,34.1,32.7,36.5,37.9,50,1980,3478
9:14:0,34.1,32.6,36.7,38.1,51,2009,3475
9:15:0,34.3,32.4,36.6,38.0,51,2050,3480
9:16:0,34.4,32.5,36.7,38.0,51,2068,3469
9:17:0,34.4,32.7,36.7,38.0,51,2094,3469
9:17:59,34.5,32.7,36.5,37.9,51,2112,3489
9:18:59,34.7,32.7,36.6,38.1,52,2128,3475
9:19:59,34.6,32.8,36.6,38.1,52,2144,3469
9:20:58,34.8,32.7,36.5,38.2,52,2168,3478
9:21:58,34.8,32.8,36.7,38.2,52,2184,3478
9:22:58,34.7,32.8,36.6,38.2,52,2224,3480
9:23:58,34.7,32.9,36.6,38.2,52,2224,3478
9:24:57,34.8,32.8,36.7,38.1,52,2242,3475
9:25:57,34.8,32.8,36.8,38.1,52,2265,3475
9:26:57,34.8,32.9,36.7,38.1,52,2265,3478
9:27:56,34.8,32.9,36.8,38.2,52,2287,3483
9:28:56,34.8,32.9,36.7,38.1,52,2304,3480
9:29:56,34.9,32.9,36.9,38.2,52,2304,3486
9:30:55,34.7,32.8,36.9,38.1,52,2320,3486
9:31:55,34.8,32.9,36.8,38.2,52,2344,3489
9:32:55,34.8,32.9,36.8,38.3,52,2344,3478
9:33:55,34.8,32.9,36.7,38.1,52,2370,3486
9:34:54,34.8,33.0,36.7,38.1,52,2370,3489
9:35:54,34.8,32.9,36.8,38.1,52,2370,3475
9:36:54,34.7,33.0,36.7,38.2,52,2388,3472
9:37:53,34.8,32.9,36.8,38.2,52,2406,3483
9:38:53,34.9,32.9,36.8,38.3,52,2406,3475
9:39:53,34.8,33.0,36.8,38.2,52,2406,3486
9:40:52,34.8,33.0,36.8,38.3,52,2432,3478
9:41:52,34.6,33.0,36.9,38.1,52,2454,3483
9:42:52,34.6,33.0,36.8,38.2,52,2432,3480
9:43:51,34.5,32.9,36.6,38.3,51,2454,3489
9:44:51,34.5,32.9,36.8,38.1,52,2454,3486
9:45:51,34.4,32.9,36.7,38.2,52,2454,3486
9:46:50,34.4,32.9,36.8,38.2,51,2432,3472
9:47:50,34.4,32.8,36.8,38.2,51,2454,3478
9:48:50,34.3,32.9,36.8,38.2,52,2454,3489
9:49:50,34.3,32.8,36.8,38.2,51,2454,3475
9:50:49,34.3,32.7,36.6,38.2,52,2454,3491
9:51:49,34.3,32.8,36.7,38.3,51,2454,3483
9:52:49,34.3,32.8,36.6,38.2,51,2471,3489
9:53:48,34.3,32.8,36.7,38.1,51,2454,3478
9:54:48,34.2,32.7,36.6,38.1,51,2454,3478
9:55:48,34.3,32.7,36.5,38.3,51,2454,3475
9:56:48,34.2,32.9,36.5,37.7,51,2242,3423
9:57:47,34.6,32.8,35.4,37.3,51,2370,3483
9:58:47,35.2,32.5,34.6,37.0,49,2344,3491
9:59:47,35.5,32.4,33.8,36.9,50,2304,3469
10:0:47,35.7,32.4,33.5,36.7,50,2287,3478
10:1:46,35.8,32.3,33.3,36.7,50,2242,3469
10:2:46,35.8,32.3,32.8,36.4,51,2224,3467
10:3:46,35.8,32.3,32.8,36.4,51,2203,3472
10:4:46,35.8,32.2,32.6,36.3,51,2184,3464
10:5:46,35.6,32.2,32.4,36.3,51,2168,3475
10:6:45,35.8,32.4,32.3,36.2,51,2144,3480
10:7:45,35.6,32.1,32.4,36.1,51,2128,3472
10:8:45,35.5,32.0,32.5,36.2,51,2112,3478
10:9:45,35.8,32.3,32.3,36.6,50,2086,3489
10:10:45,36.1,32.4,32.2,36.6,50,2068,3475
10:11:45,36.5,32.4,32.2,36.9,51,2050,3483
10:12:45,36.5,32.5,32.1,36.8,51,2050,3478
10:13:44,36.7,32.7,32.3,36.8,51,2050,3486
10:14:44,36.6,32.9,32.3,37.0,51,2050,3480
10:15:44,36.7,32.9,32.2,37.0,51,2027,3480
10:16:44,36.8,32.9,32.3,36.9,51,2027,3478
10:17:44,36.8,33.0,32.4,37.2,51,2050,3475
10:18:44,36.9,33.0,32.5,37.2,51,2050,3464
10:19:43,36.7,33.1,32.7,37.2,51,2050,3500
10:20:43,36.7,33.0,32.5,37.2,51,2027,3472
10:21:43,36.4,33.3,32.7,37.2,51,2027,3475
10:22:43,36.4,33.4,32.8,37.0,51,2027,3478
10:23:43,36.4,33.6,32.7,37.2,51,2050,3472
10:24:42,36.3,33.5,32.8,37.0,51,2027,3469
10:25:42,36.8,33.7,33.0,36.2,51,2009,3478
10:26:42,37.6,34.0,32.8,36.1,51,2068,3469
10:27:42,37.7,34.2,32.7,36.3,52,2094,3480
10:28:41,37.9,34.5,32.7,36.3,52,2128,3480
10:29:41,38.0,34.8,32.7,36.5,51,2128,3480
10:30:41,38.2,34.9,32.8,36.5,52,2144,3472
10:31:41,38.1,35.0,32.8,36.4,51,2168,3480
10:32:40,38.1,35.2,32.9,36.6,51,2184,3494
10:33:40,38.1,35.2,33.0,36.6,51,2184,3472
10:34:40,38.2,35.3,32.9,36.6,51,2203,3494
10:35:39,38.3,35.3,33.0,36.6,50,2203,3500
10:36:39,38.3,35.3,33.0,36.7,50,2224,3483
10:37:38,38.2,35.4,33.0,36.6,50,2224,3475
10:38:38,38.3,35.5,33.2,36.8,50,2224,3467
10:39:38,38.3,35.5,33.1,36.7,50,2224,3486
10:40:37,38.3,35.5,33.2,36.7,49,2224,3486
10:41:37,38.4,35.6,33.1,36.7,49,2242,3494
10:42:37,38.2,35.6,33.2,36.8,49,2242,3478
10:43:36,38.2,35.7,33.3,36.9,49,2242,3486
10:44:36,38.3,35.5,33.2,36.8,49,2242,3475
10:45:36,38.3,35.6,33.2,36.9,49,2242,3494
10:46:35,38.4,35.6,33.2,36.8,49,2242,3478
10:47:35,38.3,35.6,33.3,37.0,49,2242,3478
10:48:34,38.3,35.6,33.2,36.8,49,2242,3475
10:49:34,38.3,35.7,33.2,36.8,49,2242,3483
10:50:34,38.4,35.6,33.1,36.9,48,2242,3491
10:51:33,38.4,35.6,33.3,36.8,48,2242,3480
10:52:33,38.0,35.8,33.5,36.6,49,2224,3472
10:53:33,37.6,36.8,33.7,35.7,48,2224,3483
10:54:32,37.5,37.3,33.9,35.0,48,2224,3475
10:55:32,37.4,37.5,34.1,34.5,48,2203,3469
10:56:32,37.3,37.7,34.0,34.2,48,2203,3494
10:57:31,37.2,37.7,34.2,34.0,48,2203,3497
10:58:31,37.2,37.7,34.2,33.8,48,2184,3500
10:59:31,37.1,37.5,34.2,33.7,48,2184,3497
11:0:31,37.0,37.6,34.1,33.6,48,2168,3489
11:1:30,37.0,37.6,34.2,33.4,48,2168,3489
11:2:30,37.0,37.6,34.2,33.5,48,2168,3475
11:3:30,37.1,37.6,34.2,33.3,48,2144,3483
11:4:30,37.0,37.5,34.1,33.4,48,2168,3489
11:5:29,36.9,37.5,34.2,33.4,49,2168,3469
11:6:29,36.9,37.4,34.1,33.3,48,2144,3483
11:7:29,36.9,37.4,34.0,33.2,49,2144,3497
11:8:29,37.0,37.4,34.0,33.3,49,2144,3491
11:9:28,36.9,37.5,33.9,33.1,49,2128,3480
11:10:28,36.9,37.6,34.0,33.2,48,2128,3475
11:11:28,36.9,37.4,34.1,33.2,49,2128,3505
11:12:28,36.2,37.0,34.0,32.9,49,2068,3494
11:13:27,34.7,36.2,33.5,32.1,48,1980,3480
11:14:27,33.8,35.7,33.4,31.5,48,1864,3486
11:15:27,33.1,34.9,33.3,31.1,47,1774,3500
11:16:27,32.4,34.5,32.9,30.7,47,1697,3491
11:17:28,31.8,33.9,32.8,30.4,47,1629,3480
11:18:28,31.4,33.5,32.5,30.2,48,1569,3491
11:19:28,31.1,33.1,32.4,29.8,48,1511,3480
11:20:28,30.5,32.8,32.1,29.4,48,1453,3483
11:21:29,30.3,32.4,31.7,29.2,49,1406,3486
11:22:29,30.0,32.1,31.6,29.0,49,1355,3475
11:23:29,29.6,31.5,33.3,30.2,49,1355,3502
11:24:30,29.3,31.1,34.8,31.3,50,1381,3464
11:25:30,29.4,31.0,35.4,32.0,51,1406,3497
11:26:30,29.4,31.0,35.6,32.7,52,1427,3475
11:27:31,29.5,31.0,35.5,33.2,53,1438,3486
11:28:31,29.7,31.1,36.0,33.5,53,1464,3483
11:29:31,29.7,31.1,36.0,33.7,53,1474,3489
11:30:31,29.9,31.2,36.2,34.0,53,1496,3489
11:31:31,29.9,31.4,36.2,34.0,53,1496,3500
11:32:32,30.0,31.5,36.2,34.2,53,1518,3505
11:33:32,30.2,31.7,36.3,34.3,52,1540,3494
11:34:32,30.3,31.6,36.4,34.3,52,1540,3478
11:35:32,30.3,31.8,36.5,34.4,52,1540,3480
11:36:32,30.5,31.9,36.5,34.6,52,1558,3505
11:37:32,30.5,31.9,36.5,34.6,52,1558,3489
11:38:32,30.5,31.9,36.5,34.8,52,1583,3500
11:39:32,30.7,32.2,36.6,34.8,51,1558,3505
11:40:32,30.8,32.1,36.7,34.9,51,1569,3489
11:41:32,30.8,32.1,36.6,34.8,51,1583,3483
11:42:32,30.9,32.2,36.7,34.9,51,1583,3483
11:43:32,30.9,32.3,36.8,34.9,51,1583,3489
11:44:32,30.9,32.2,36.7,34.9,51,1583,3480
11:45:32,31.0,32.2,36.7,34.9,51,1583,3483
11:46:32,31.0,32.3,36.8,35.0,51,1596,3478
11:47:32,30.9,32.3,36.8,35.1,51,1596,3497
11:48:33,31.1,32.4,36.7,35.0,51,1596,3478
11:49:33,31.0,32.3,36.7,35.1,51,1596,3494
11:50:33,31.2,32.4,36.8,35.1,51,1609,3491
11:51:33,31.0,32.5,36.7,35.0,51,1609,3489
11:52:33,31.1,32.6,36.8,35.0,51,1609,3486
11:53:33,31.2,32.6,36.7,35.1,51,1609,3480
11:54:33,31.2,32.6,36.8,35.1,51,1609,3489
11:55:33,31.2,32.6,36.8,35.1,51,1617,3494
11:56:33,31.1,32.6,36.7,35.0,51,1617,3494
11:57:33,31.3,32.6,36.9,35.1,51,1617,3478
11:58:33,31.2,32.6,36.8,35.1,51,1609,3489
11:59:33,31.2,32.6,36.8,35.1,51,1609,3489
12:0:33,31.2,32.7,36.8,35.1,51,1617,3483
12:1:33,31.3,32.7,36.8,35.2,50,1617,3489
12:2:33,31.3,32.7,36.8,35.1,51,1629,3486
12:3:33,31.2,32.7,36.9,35.1,51,1617,3486
12:4:33,31.6,32.5,36.5,35.1,50,1643,3489
12:5:33,31.8,33.0,36.9,35.1,51,1669,3486
12:6:33,31.8,33.3,37.1,35.0,52,1706,3500
12:7:32,32.0,33.6,37.2,35.0,51,1735,3472
12:8:32,32.0,33.9,37.4,34.9,50,1749,3489
12:9:32,32.3,34.1,37.5,35.1,50,1774,3500
12:10:32,32.2,34.3,37.5,35.1,50,1787,3489
12:11:32,32.2,34.4,37.5,35.1,50,1808,3480
12:12:32,32.3,34.5,37.6,35.2,50,1808,3478
12:13:32,32.4,34.6,37.4,35.2,49,1835,3502
12:14:32,32.4,34.7,37.7,35.3,49,1835,3483
12:15:31,32.6,34.6,37.6,35.3,49,1851,3486
12:16:31,32.7,34.6,37.7,35.3,49,1864,3486
12:17:31,32.6,34.7,37.7,35.3,49,1864,3500
12:18:31,32.5,34.8,37.6,35.3,49,1880,3475
12:19:31,32.6,34.9,37.7,35.2,49,1880,3494
12:20:31,32.7,34.8,37.7,35.3,49,1894,3472
12:21:31,32.6,34.8,37.7,35.3,48,1880,3494
12:22:30,32.7,34.8,37.8,35.4,48,1894,3510
12:23:30,32.7,34.8,37.7,35.3,48,1894,3486
12:24:30,32.7,34.7,37.7,35.4,48,1894,3491
12:25:30,32.7,34.7,37.7,35.3,48,1912,3480
12:26:30,32.7,34.8,37.7,35.4,48,1912,3491
12:27:29,32.7,34.7,37.7,35.5,48,1912,3500
12:28:29,32.7,34.8,37.6,35.3,48,1912,3478
12:29:29,32.7,34.7,37.7,35.3,48,1925,3494
12:30:29,32.7,35.0,37.7,35.4,48,1925,3480
12:31:29,32.7,34.8,37.7,35.3,48,1925,3494
12:32:29,32.6,34.8,37.6,35.4,48,1925,3478
12:33:28,32.8,34.9,37.6,35.3,48,1925,3483
12:34:28,32.7,34.8,37.8,35.4,48,1925,3472
12:35:28,32.7,34.8,37.8,35.2,48,1939,3489
12:36:28,32.8,35.0,37.7,35.2,48,1939,3486
12:37:28,32.7,34.8,37.7,35.3,48,1966,3491
12:38:28,32.8,34.9,37.7,35.2,48,1939,3483
12:39:27,32.8,34.8,37.7,35.2,48,1966,3475
12:40:27,32.8,34.8,37.7,35.3,48,1966,3483
12:41:27,32.6,34.7,37.7,35.3,48,1939,3489
12:42:27,32.8,34.3,37.2,35.4,48,1925,3472
12:43:27,33.1,33.6,36.7,35.8,47,1925,3491
12:44:27,33.0,33.3,36.5,36.1,48,1939,3480
12:45:26,33.1,33.0,36.2,36.2,48,1925,3478
12:46:26,33.3,32.9,36.0,36.4,49,1925,3483
12:47:26,33.3,32.8,35.9,36.5,49,1925,3491
12:48:26,33.3,32.6,36.0,36.6,49,1912,3480
12:49:26,33.2,32.5,35.9,36.5,49,1894,3475
12:50:26,33.3,32.4,35.8,36.6,49,1894,3500
12:51:26,33.3,32.5,35.6,36.5,49,1894,3472
12:52:25,33.3,32.4,35.7,36.7,49,1880,3491
12:53:25,33.3,32.4,35.6,36.4,49,1880,3500
12:54:25,33.2,32.4,35.7,36.5,49,1880,3475
12:55:25,33.2,32.4,35.7,36.6,49,1864,3491
12:56:25,33.1,32.3,35.6,36.5,49,1864,3497
12:57:25,33.2,32.3,35.7,36.4,49,1864,3497
12:58:25,33.1,32.4,35.6,36.4,49,1851,3478
12:59:25,33.1,32.4,35.6,36.4,49,1851,3486
13:0:25,33.2,32.3,35.7,36.4,50,1851,3478
13:1:24,33.2,32.3,35.5,36.5,49,1851,3489
13:2:24,33.2,32.3,35.7,36.4,50,1851,3491
13:3:24,33.2,32.4,35.6,36.4,49,1835,3502
13:4:24,33.2,32.4,35.7,36.4,49,1835,3500
13:5:24,33.1,32.3,35.7,36.4,49,1851,3489
13:6:24,33.1,32.3,35.6,36.5,50,1851,3480
13:7:24,33.0,32.3,35.6,36.4,50,1835,3489
13:8:24,33.1,32.4,35.6,36.5,50,1821,3480
13:9:24,33.1,32.2,35.5,36.4,50,1835,3491
13:10:23,33.0,32.3,35.6,36.5,49,1821,3489
13:11:23,33.1,32.3,35.6,36.3,49,1821,3494
13:12:23,33.0,32.3,35.4,36.5,49,1821,3494
13:13:23,33.1,32.4,35.6,36.5,49,1821,3480
13:14:23,32.9,32.3,35.5,36.3,49,1821,3483
13:15:23,33.1,32.3,35.5,36.4,50,1821,3486
13:16:23,33.1,32.4,35.5,36.4,49,1821,3491
13:17:23,33.0,32.3,35.4,36.4,50,1808,3475
13:18:23,32.9,32.3,35.4,36.4,50,1808,3472
13:19:23,33.0,32.2,35.4,36.4,50,1808,3486
13:20:23,33.0,32.2,35.3,36.4,50,1787,3483
13:21:22,32.9,32.1,35.3,36.3,50,1787,3502
13:22:22,33.0,32.0,35.3,36.3,50,1787,3475
13:23:22,32.8,32.0,34.6,36.1,50,1749,3491
13:24:22,32.9,32.1,34.7,37.2,49,1749,3475
13:25:22,32.8,32.0,34.9,37.5,50,1749,3475
13:26:22,32.9,31.9,35.1,37.5,50,1761,3475
13:27:22,33.0,31.9,35.1,37.5,50,1761,3475
13:28:22,32.9,32.0,35.2,37.7,50,1761,3478
13:29:22,33.0,32.0,35.3,37.7,50,1761,3483
13:30:22,33.0,32.0,35.4,37.7,51,1761,3478
13:31:22,33.0,32.0,35.3,37.7,50,1761,3491
13:32:22,33.1,32.0,35.4,37.7,50,1761,3483
13:33:21,33.2,32.0,35.4,37.7,50,1761,3494
13:34:21,33.1,32.0,35.4,37.8,50,1761,3489
13:35:21,33.1,32.0,35.3,37.7,50,1761,3500
13:36:21,33.1,32.0,35.5,37.9,50,1761,3478
13:37:21,33.1,32.2,35.4,37.8,50,1761,3500
13:38:21,33.1,32.1,35.5,37.9,50,1749,3491
13:39:21,33.0,32.1,35.3,37.8,50,1749,3480
13:40:21,33.2,32.1,35.4,37.8,50,1749,3480
13:41:21,33.1,32.0,35.4,37.8,50,1749,3486
13:42:21,33.1,32.1,35.4,37.9,50,1749,3480
13:43:20,33.1,32.1,35.4,37.9,50,1749,3494
13:44:20,33.1,32.2,35.4,37.9,50,1735,3469
13:45:20,33.1,32.1,35.5,37.9,50,1735,3480
13:46:20,33.2,32.1,35.5,37.8,50,1735,3491
13:47:20,33.1,32.2,35.4,38.0,50,1735,3489
13:48:20,33.1,32.1,35.4,37.8,50,1735,3486
13:49:20,33.1,32.1,35.5,38.0,50,1735,3478
13:50:20,33.1,32.2,35.4,38.0,50,1719,3489
13:51:20,33.1,32.1,35.5,37.8,50,1719,3491
13:52:19,33.1,32.0,35.4,37.8,50,1719,3469
13:53:19,33.0,32.2,35.2,37.8,50,1719,3483
13:54:19,33.0,32.2,35.3,37.9,50,1719,3480
13:55:19,33.1,32.1,35.4,37.8,50,1719,3500
13:56:19,33.1,32.1,35.4,37.8,50,1706,3494
13:57:19,33.1,32.1,35.3,37.9,49,1706,3483
13:58:19,33.0,32.1,35.3,37.9,49,1697,3500
13:59:19,33.0,32.0,35.3,37.9,49,1697,3502
14:0:19,33.0,32.0,35.3,37.8,49,1706,3500
14:1:19,33.0,32.1,35.2,37.7,50,1697,3480
14:2:19,33.0,32.1,35.2,37.7,49,1680,3510
14:3:18,33.0,32.0,35.1,37.7,49,1669,3475
14:4:18,32.9,32.0,35.1,37.8,50,1669,3500
14:5:18,32.9,31.9,35.1,37.8,49,1669,3497
14:6:18,32.9,31.9,35.1,37.7,49,1657,3491
14:7:18,32.9,31.6,34.8,37.0,49,1629,3483
14:8:18,32.8,31.3,35.2,37.0,48,1617,3469
14:9:18,32.7,31.4,35.7,37.0,49,1596,3500
14:10:18,32.6,31.5,35.9,37.0,48,1596,3475
14:11:18,32.5,31.6,36.2,37.2,48,1596,3491
14:12:18,32.6,31.7,36.2,37.0,49,1596,3491
14:13:18,32.6,31.8,36.2,37.0,48,1596,3491
14:14:18,32.5,31.8,36.3,37.0,48,1596,3494
14:15:18,32.5,31.8,36.3,37.2,48,1596,3475
14:16:18,32.5,31.9,36.3,37.0,48,1596,3486
14:17:17,32.5,32.0,36.4,37.1,48,1596,3480
14:18:17,32.5,32.1,36.4,37.0,48,1596,3486
14:19:17,32.6,32.1,36.4,37.0,48,1596,3472
14:20:17,32.7,32.2,36.5,37.2,47,1596,3472
14:21:17,32.7,32.1,36.4,37.1,48,1596,3489
14:22:17,32.6,32.3,36.7,37.2,48,1596,3486
14:23:17,32.7,32.1,35.8,36.9,47,1558,3480
14:24:17,32.6,32.1,35.7,37.3,47,1558,3494
14:25:17,32.6,32.0,35.9,37.3,48,1558,3489
14:26:17,32.5,32.1,36.0,37.4,48,1558,3489
14:27:17,32.5,32.2,36.0,36.8,48,1540,3467
14:28:16,32.4,32.5,36.9,36.3,48,1529,3475
14:29:16,32.3,32.8,37.3,36.2,48,1540,3475
14:30:16,32.2,32.9,37.5,36.0,48,1540,3500
14:31:16,32.3,33.1,37.3,35.6,48,1540,3478
14:32:16,32.6,32.9,35.5,34.0,48,1496,3464
14:33:16,32.8,32.5,33.5,33.0,46,1427,3483
14:34:16,32.8,32.0,32.1,32.1,45,1355,3483
14:35:17,32.5,31.5,31.0,31.4,46,1285,3475
14:36:17,32.3,31.1,30.1,30.8,46,1238,3497
14:37:17,32.1,30.5,29.6,30.3,46,1177,3494
14:38:17,31.7,30.1,28.9,29.9,47,1132,3486
14:39:18,31.4,29.6,28.5,29.6,47,1093,3489
14:40:18,31.1,29.2,28.4,29.0,48,1060,3475
14:41:19,30.8,29.0,27.9,28.6,49,1013,3491
14:42:19,30.4,28.6,27.8,28.1,49,974,3486
14:43:20,30.3,28.4,27.3,28.0,49,949,3469
14:44:20,29.9,28.0,27.2,27.6,49,914,3469
14:45:21,29.6,27.7,26.9,27.5,50,890,3483
14:46:22,29.4,27.6,26.6,27.2,50,870,3475
14:47:22,29.1,27.3,26.3,26.9,50,837,3469
14:48:23,28.8,27.1,26.1,26.8,51,811,3464
14:49:24,28.6,26.8,25.8,26.5,51,792,3483
14:50:25,28.4,26.6,25.6,26.4,52,773,3469
14:51:26,28.3,26.4,25.7,26.2,52,761,3494
14:52:26,28.0,26.2,25.5,26.2,53,743,3464
14:53:27,27.8,26.1,25.5,25.9,53,720,3475
14:54:28,27.7,26.0,25.3,25.7,53,706,3475
14:55:29,27.5,25.8,25.2,25.6,53,696,3475
14:56:30,27.3,25.7,25.3,25.7,53,561,3379
14:57:31,28.0,25.8,30.1,28.0,54,803,3461
14:58:32,28.8,26.4,32.3,29.7,63,908,3453
14:59:32,29.5,27.0,33.6,30.7,69,1030,3475
15:0:33,30.1,27.5,34.3,31.5,72,1140,3478
15:1:33,30.5,28.1,34.8,31.9,73,1247,3480
15:2:34,30.9,28.7,35.1,32.3,74,1345,3461
15:3:34,31.2,29.2,35.4,32.6,74,1438,3472
15:4:34,31.5,29.7,35.7,32.8,74,1518,3475
15:5:34,31.7,30.0,35.8,33.1,74,1617,3489
15:6:34,31.8,30.4,36.0,33.1,73,1680,3475
15:7:34,31.9,30.6,36.1,33.1,72,1749,3489
15:8:34,32.1,31.0,36.5,33.4,71,1821,3483
15:9:34,32.2,31.1,36.4,33.4,71,1880,3467
15:10:34,32.4,31.3,36.6,33.6,70,1939,3478
15:11:34,32.4,31.6,36.7,33.9,69,1995,3472
15:12:34,32.3,31.6,36.7,34.3,68,2027,3461
15:13:34,32.6,31.8,36.8,34.5,67,2086,3467
15:14:34,32.6,32.0,36.9,34.6,67,2128,3475
15:15:34,32.7,32.1,36.8,34.7,66,2168,3469
15:16:34,32.6,32.3,36.9,34.8,65,2203,3478
15:17:34,32.7,32.3,36.9,35.1,64,2224,3467
15:18:34,32.7,32.4,37.0,34.9,64,2242,3478
15:19:34,32.8,32.4,37.0,35.1,63,2287,3486
15:20:34,32.9,32.6,37.0,35.3,62,2304,3472
15:21:34,32.8,32.6,37.2,35.4,62,2320,3478
15:22:33,33.0,32.7,37.0,35.4,61,2344,3480
15:23:33,32.9,32.8,37.0,35.4,61,2370,3475
15:24:33,32.9,32.8,37.1,35.4,61,2388,3478
15:25:33,32.9,32.9,37.2,35.5,60,2406,3480
15:26:33,32.9,32.9,37.1,35.5,60,2406,3475
15:27:33,32.9,33.0,37.2,35.6,59,2432,3472
15:28:33,33.0,33.1,37.2,35.6,59,2432,3483
15:29:32,33.0,33.0,37.3,35.7,59,2454,3472
15:30:32,32.9,33.1,37.3,35.7,58,2454,3478
15:31:32,32.9,33.0,37.2,35.8,58,2471,3500
15:32:32,33.1,33.1,37.3,35.8,58,2502,3467
15:33:32,32.5,32.9,36.5,35.6,58,2406,3500
15:34:32,32.1,33.2,36.8,35.2,56,2370,3480
15:35:32,31.9,33.6,37.0,34.9,56,2344,3472
15:36:32,32.0,33.9,37.2,34.8,56,2344,3505
15:37:32,31.8,34.1,37.3,34.8,56,2320,3489
15:38:31,31.7,34.3,37.5,34.6,56,2344,3489
15:39:31,31.7,34.4,37.4,34.8,55,2320,3486
15:40:31,31.8,34.4,37.3,34.8,55,2320,3469
15:41:31,31.7,34.5,37.4,34.7,55,2344,3489
15:42:31,31.8,34.7,37.4,34.8,55,2344,3480
15:43:31,31.8,34.7,37.4,34.8,55,2344,3475
15:44:31,31.9,34.7,37.5,34.9,55,2344,3475
15:45:31,32.0,34.7,37.4,34.9,55,2344,3483
15:46:31,31.9,34.8,37.6,35.0,55,2370,3475
15:47:31,31.9,34.7,37.5,35.0,55,2370,3489
15:48:31,31.9,34.8,37.6,35.0,55,2388,3486
15:49:31,31.9,34.9,37.6,35.1,55,2388,3500
15:50:30,32.0,34.8,37.6,35.0,55,2388,3483
15:51:30,31.9,34.9,37.6,35.2,55,2388,3497
15:52:30,32.1,34.8,37.6,35.1,55,2406,3494
15:53:30,32.1,34.9,37.6,35.1,54,2388,3491
15:54:30,32.2,35.0,37.6,35.4,55,2388,3502
15:55:30,32.1,35.0,37.6,35.4,54,2406,3489
15:56:30,32.3,35.0,37.7,35.2,55,2406,3500
15:57:30,32.2,35.1,37.7,35.3,54,2406,3500
15:58:29,32.2,35.0,37.7,35.5,54,2406,3483
15:59:29,32.3,35.1,37.7,35.3,54,2432,3486
16:0:29,32.3,34.9,37.6,35.3,54,2432,3491
16:1:29,32.2,35.1,37.7,35.2,54,2432,3502
16:2:29,32.3,35.1,37.7,35.4,54,2432,3480
16:3:29,32.3,35.1,37.7,35.4,54,2432,3480
16:4:29,32.3,35.2,37.7,35.4,54,2454,3489
16:5:28,32.4,35.2,37.7,35.4,54,2432,3486
16:6:28,32.3,35.0,37.6,35.5,54,2454,3502
16:7:28,32.4,35.2,37.7,35.5,54,2454,3489
16:8:28,32.4,35.1,37.6,35.5,54,2454,3472
16:9:28,32.5,35.1,37.6,35.6,53,2454,3469
16:10:28,32.3,35.2,37.7,35.4,54,2454,3500
16:11:28,32.4,35.2,37.7,35.4,54,2454,3500
16:12:27,32.3,35.3,37.7,35.5,54,2454,3486
16:13:27,32.3,35.3,37.7,35.4,53,2454,3478
16:14:27,32.4,35.1,37.8,35.5,53,2454,3480
16:15:27,32.4,35.3,37.7,35.4,53,2454,3497
16:16:27,32.4,35.1,37.8,35.5,53,2454,3489
16:17:27,32.4,35.1,37.7,35.5,53,2454,3478
16:18:26,32.4,35.2,37.7,35.6,53,2454,3491
16:19:26,32.3,35.2,37.7,35.5,53,2454,3500
16:20:26,32.4,35.2,37.8,35.6,53,2471,3500
16:21:26,32.5,35.2,37.7,35.4,53,2471,3486
16:22:26,32.5,35.3,37.7,35.5,53,2454,3475
16:23:26,32.5,35.3,37.8,35.4,53,2454,3483
16:24:26,32.5,35.3,37.8,35.6,53,2471,3489
16:25:25,32.6,35.3,37.6,35.5,53,2471,3497
16:26:25,32.5,35.2,37.8,35.5,53,2471,3497
16:27:25,32.5,35.2,37.7,35.5,53,2454,3486
16:28:25,32.5,35.2,37.7,35.4,53,2454,3489
16:29:25,32.5,35.3,37.7,35.5,53,2454,3502
16:30:25,32.5,35.2,37.8,35.5,53,2471,3500
16:31:24,32.4,35.3,37.7,35.4,53,2454,3505
16:32:24,32.5,35.4,37.6,35.4,53,2471,3505
16:33:24,32.5,35.3,37.7,35.4,52,2471,3491
16:34:24,32.4,35.3,37.7,35.5,53,2454,3494
16:35:24,32.5,35.3,37.8,35.6,53,2454,3486
16:36:24,32.5,35.3,37.8,35.5,53,2454,3508
16:37:23,32.5,35.3,37.8,35.4,52,2454,3483
16:38:23,32.5,35.4,37.8,35.4,52,2454,3480
16:39:23,32.5,35.3,37.8,35.5,52,2471,3497
16:40:23,32.4,35.3,37.8,35.4,52,2471,3480
16:41:23,32.5,35.3,37.8,35.5,52,2454,3510
16:42:23,32.6,35.4,37.8,35.5,52,2471,3502
16:43:22,32.5,35.4,37.9,35.5,52,2454,3500
16:44:22,32.4,35.2,37.8,35.5,52,2454,3483
16:45:22,32.5,35.2,37.8,35.5,52,2471,3505
16:46:22,32.4,35.4,37.8,35.4,52,2454,3497
16:47:22,32.5,35.4,37.8,35.4,52,2454,3489
16:48:22,32.4,35.5,37.8,35.5,52,2471,3500
16:49:21,32.5,35.4,37.8,35.6,52,2471,3494
16:50:21,32.5,35.4,37.7,35.5,52,2454,3497
16:51:21,32.6,35.4,37.8,35.6,52,2471,3500
16:52:21,32.5,35.3,37.9,35.5,52,2454,3500
16:53:21,32.6,35.3,37.8,35.4,52,2454,3491
16:54:21,32.6,35.4,37.8,35.7,52,2454,3502
16:55:20,32.6,35.4,37.9,35.5,52,2454,3491
16:56:20,32.5,35.5,37.9,35.5,52,2454,3500
16:57:20,32.5,35.3,37.8,35.6,52,2454,3475
16:58:20,32.5,35.4,37.8,35.5,52,2454,3486
16:59:20,32.4,35.4,37.9,35.5,52,2454,3500
17:0:20,32.5,35.4,37.9,35.6,52,2454,3491
17:1:19,32.6,35.3,37.8,35.4,52,2454,3500
17:2:19,32.6,35.5,37.8,35.4,52,2454,3489
17:3:19,32.5,35.4,37.9,35.5,52,2471,3505
17:4:19,32.5,35.5,37.9,35.7,51,2471,3489
17:5:19,32.6,35.3,37.9,35.4,52,2454,3510
17:6:19,32.5,35.3,37.8,35.5,52,2454,3486
17:7:18,32.6,35.4,37.9,35.5,52,2454,3480
17:8:18,32.5,35.5,37.9,35.5,52,2454,3486
17:9:18,32.6,35.4,37.9,35.4,52,2471,3480
17:10:18,32.5,35.4,37.9,35.5,51,2454,3491
17:11:18,32.6,35.5,37.8,35.6,52,2471,3494
17:12:18,32.6,35.4,38.0,35.7,51,2454,3486
17:13:17,32.5,35.4,37.9,35.6,51,2454,3483
17:14:17,32.5,35.4,37.9,35.7,52,2454,3486
17:15:17,32.6,35.5,37.8,35.7,52,2471,3510
17:16:17,32.7,35.5,37.9,35.6,52,2471,3500
17:17:17,32.6,35.5,38.0,35.6,52,2471,3494
17:18:16,32.6,35.4,37.9,35.5,51,2454,3483
17:19:16,32.6,35.5,37.9,35.6,52,2454,3491
17:20:16,32.6,35.5,37.9,35.5,52,2471,3500
17:21:16,32.5,35.4,37.9,35.4,51,2454,3486
17:22:16,32.6,35.4,37.9,35.5,51,2471,3489
17:23:16,32.6,35.5,37.9,35.5,52,2471,3472
17:24:15,32.5,35.5,37.9,35.5,52,2471,3508
17:25:15,32.5,35.4,38.0,35.5,51,2471,3502
17:26:15,32.6,35.6,37.9,35.6,51,2454,3489
17:27:15,32.6,35.6,38.1,35.7,51,2454,3494
17:28:15,32.5,35.5,38.0,35.5,51,2471,3478
17:29:15,32.8,35.5,37.9,35.5,51,2471,3502
17:30:14,32.6,35.5,38.0,35.4,51,2471,3494
17:31:14,32.7,35.5,37.9,35.5,51,2454,3480
17:32:14,32.6,35.5,37.8,35.5,51,2454,3483
17:33:14,32.5,35.5,37.9,35.5,51,2454,3502
17:34:14,32.6,35.6,38.0,35.6,51,2454,3513
17:35:14,32.5,35.6,37.9,35.5,51,2454,3486
17:36:13,32.6,35.6,37.9,35.5,51,2454,3491
17:37:13,32.6,35.6,38.1,35.5,51,2471,3500
17:38:13,32.6,35.5,38.0,35.5,51,2454,3486
17:39:13,32.7,35.5,37.9,35.5,51,2454,3486
17:40:13,32.7,35.6,37.9,35.6,51,2454,3480
17:41:13,32.8,35.5,38.1,35.5,51,2454,3475
17:42:12,32.6,35.5,38.1,35.7,51,2454,3500
17:43:12,32.6,35.5,38.0,35.6,51,2454,3494
17:44:12,32.6,35.5,38.0,35.7,51,2454,3500
17:45:12,32.6,35.5,37.9,35.6,51,2454,3486
17:46:12,32.8,35.4,38.0,35.4,51,2471,3478
17:47:12,33.4,35.5,37.7,35.0,51,2454,3486
17:48:11,33.3,35.8,38.0,34.9,51,2454,3500
17:49:11,33.0,36.0,38.1,35.0,51,2454,3494
17:50:11,33.0,36.0,38.4,35.2,50,2471,3475
17:51:11,32.9,36.1,38.3,35.0,50,2471,3491
17:52:11,32.9,36.3,38.4,35.2,50,2454,3483
17:53:10,32.9,36.1,38.4,35.2,49,2454,3500
17:54:10,32.9,36.2,38.4,35.2,49,2454,3489
17:55:10,32.8,36.2,38.3,35.3,49,2454,3494
17:56:10,32.8,36.1,38.3,35.3,49,2454,3502
17:57:10,32.8,36.0,38.4,35.3,49,2454,3500
17:58:9,32.7,36.1,38.4,35.4,49,2454,3500
17:59:9,32.8,36.0,38.3,35.4,49,2454,3502
18:0:9,32.8,36.1,38.3,35.4,49,2432,3483
18:1:9,32.8,36.1,38.3,35.4,49,2454,3489
18:2:8,32.8,36.1,38.2,35.3,49,2432,3491
18:3:8,32.8,36.0,38.3,35.3,49,2406,3491
18:4:8,32.7,36.0,38.2,35.4,49,2432,3510
18:5:8,32.7,36.0,38.2,35.3,48,2432,3502
18:6:8,32.9,36.1,38.3,35.4,48,2432,3489
18:7:7,32.7,36.0,38.2,35.4,48,2432,3500
18:8:7,32.7,36.0,38.3,35.4,48,2406,3500
18:9:7,32.9,36.1,38.3,35.3,49,2406,3489
18:10:7,32.7,36.2,38.3,35.4,48,2406,3494
18:11:7,32.8,36.1,38.2,35.4,48,2406,3494
18:12:6,32.7,36.1,38.3,35.3,48,2406,3494
18:13:6,32.7,36.1,38.2,35.4,48,2406,3491
18:14:6,32.7,36.0,38.3,35.4,48,2406,3486
18:15:6,32.9,36.0,38.4,35.2,48,2388,3486
18:16:6,32.7,36.1,38.1,35.4,48,2388,3489
18:17:5,32.7,36.1,38.2,35.3,48,2388,3494
18:18:5,32.8,36.1,38.3,35.3,48,2388,3505
18:19:5,32.6,36.0,38.3,35.4,48,2388,3502
18:20:5,32.7,36.0,38.2,35.4,48,2388,3500
18:21:5,32.8,36.1,38.3,35.3,48,2370,3505
18:22:4,32.7,36.0,38.3,35.3,48,2388,3486
18:23:4,32.8,36.0,38.3,35.4,48,2370,3489
18:24:4,32.6,36.1,38.2,35.4,48,2370,3480
18:25:4,32.7,36.1,38.3,35.3,48,2370,3500
18:26:4,32.7,36.1,38.2,35.4,48,1671,3500
18:27:3,32.6,36.1,38.2,35.3,48,1691,3486
18:28:3,32.7,36.0,38.2,35.4,48,1671,3510
18:29:3,32.7,36.0,38.1,35.2,48,1671,3489
18:30:3,32.7,36.0,38.1,35.4,48,1671,3491
18:31:3,32.6,36.0,38.2,35.4,48,1671,3500
18:32:2,32.8,35.9,38.1,35.4,48,1671,3494
18:33:2,32.7,36.0,38.3,35.4,48,1671,3489
18:34:2,32.7,36.1,38.3,35.4,48,1671,3505
18:35:2,32.7,36.0,38.3,35.3,48,1671,3494
18:36:2,32.8,35.9,38.1,35.3,48,1671,3494
18:37:1,32.9,35.9,38.2,35.4,48,1671,3480
18:38:1,33.2,36.1,38.0,35.6,48,1691,3491
18:39:1,33.3,36.2,38.1,36.1,48,1691,3497
18:40:1,33.2,36.3,38.3,36.2,48,1691,3494
18:41:1,33.1,36.3,38.2,36.5,48,1703,3491
18:42:0,33.1,36.2,38.1,36.5,48,1691,3483
18:43:0,33.1,36.3,38.1,36.4,49,1703,3489
18:44:0,33.0,36.3,38.3,36.6,48,1691,3494
18:45:0,33.2,36.3,38.2,36.5,49,1691,3489
18:45:59,33.2,36.4,38.1,36.5,49,1703,3475
18:46:59,33.0,36.3,38.2,36.6,49,1691,3500
18:47:59,33.1,36.3,38.1,36.6,49,1703,3500
18:48:59,33.1,36.3,38.1,36.7,49,1691,3494
18:49:59,33.1,36.2,38.1,36.5,49,1691,3475
18:50:58,33.1,36.3,38.2,36.6,49,1691,3489
18:51:58,33.1,36.3,38.2,36.5,49,1703,3489
18:52:58,33.1,36.4,38.1,36.6,49,1703,3494
18:53:58,33.1,36.3,38.2,36.6,49,1703,3486
18:54:57,33.0,36.3,38.2,36.6,49,1703,3486
18:55:57,33.1,36.4,38.3,36.7,49,1691,3483
18:56:57,33.1,36.3,38.1,36.5,49,1691,3491
18:57:57,33.1,36.3,38.2,36.5,49,1691,3491
18:58:57,33.2,36.2,38.1,36.7,49,1691,3475
18:59:56,33.1,36.3,38.1,36.6,49,1703,3486
19:0:56,33.1,36.3,38.1,36.6,49,1691,3502
19:1:56,33.0,36.4,38.1,36.5,49,1703,3505
19:2:56,33.2,36.5,38.2,36.6,49,1691,3494
19:3:55,33.1,36.3,38.2,36.7,49,1703,3486
19:4:55,33.1,36.3,38.1,36.7,49,1703,3486
19:5:55,33.1,36.4,38.1,36.6,49,1703,3500
19:6:55,33.2,36.4,38.1,36.6,49,1703,3486
19:7:55,33.0,36.5,38.0,36.6,49,1703,3472
19:8:54,33.0,36.5,38.0,36.5,49,1703,3500
19:9:54,33.1,36.4,38.1,36.5,49,1703,3500
19:10:54,33.1,36.4,38.1,36.6,49,1703,3508
19:11:54,33.0,36.4,38.0,36.6,49,1703,3497
19:12:53,33.1,36.5,38.1,36.6,49,1703,3500
19:13:53,33.2,36.3,38.0,36.6,49,1703,3486
19:14:53,33.1,36.5,38.2,36.6,49,1703,3486
19:15:53,33.1,36.5,38.1,36.7,49,1703,3500
19:16:53,33.1,36.4,38.1,36.6,49,1703,3469
19:17:52,33.2,36.3,38.1,36.6,49,1703,3475
19:18:52,33.2,36.3,38.1,36.6,49,1703,3500
19:19:52,33.2,36.3,38.1,36.6,49,1703,3486
19:20:52,33.1,36.5,38.2,36.5,49,1703,3497
19:21:51,33.2,36.5,38.2,36.3,49,1703,3500
19:22:51,33.1,36.5,38.1,36.4,49,1716,3489
19:23:51,33.7,36.0,37.9,36.8,50,1737,3494
19:24:51,34.8,35.1,37.3,38.0,49,1784,3472
19:25:50,35.7,34.5,37.0,38.3,50,1816,3483
19:26:50,36.1,34.1,37.1,38.5,50,1829,3475
19:27:50,36.2,33.9,36.9,38.5,51,1829,3500
19:28:49,36.4,33.6,36.8,38.4,51,1829,3483
19:29:49,36.4,33.6,36.7,38.4,51,1829,3494
19:30:49,36.6,33.4,36.6,38.4,51,1829,3491
19:31:48,36.5,33.3,36.6,38.3,51,1829,3467
19:32:48,36.5,33.2,36.5,38.4,51,1829,3491
19:33:48,36.6,33.2,36.4,38.3,51,1816,3478
19:34:47,36.4,33.2,36.3,38.4,51,1816,3502
19:35:47,36.5,33.0,36.5,38.2,51,1816,3464
19:36:47,36.6,33.0,36.5,38.4,51,1816,3464
19:37:46,36.5,33.0,36.5,38.3,51,1816,3475
19:38:46,36.4,33.0,36.4,38.3,52,1816,3483
19:39:46,36.4,33.0,36.5,38.4,52,1816,3480
19:40:46,36.6,32.9,36.5,38.3,52,1816,3475
19:41:45,36.5,33.0,36.5,38.2,52,1816,3494
19:42:45,36.4,32.9,36.4,38.3,52,1816,3469
19:43:45,36.5,32.9,36.5,38.3,51,1816,3491
19:44:44,36.4,32.9,36.4,38.3,51,1816,3500
19:45:44,36.5,32.9,36.3,38.2,51,1816,3500
19:46:44,36.4,32.9,36.3,38.2,52,1816,3494
19:47:43,36.3,32.8,36.3,38.2,52,1798,3486
19:48:43,36.5,32.9,36.4,38.3,51,1816,3483
19:49:43,36.3,32.9,36.3,38.3,52,1816,3475
19:50:42,36.2,32.7,36.5,38.2,51,1798,3491
19:51:42,36.2,32.9,36.5,38.4,52,1798,3486
19:52:42,36.2,32.8,36.6,38.3,52,1798,3486
19:53:42,36.1,32.7,36.6,38.3,52,1798,3494
19:54:41,36.3,32.8,36.6,38.3,52,1798,3489
19:55:41,36.1,32.5,36.6,38.2,52,1798,3500
19:56:41,36.1,32.7,36.5,38.1,51,1798,3491
19:57:40,36.0,32.7,36.7,38.2,52,1798,3478
19:58:40,36.0,32.9,36.6,38.2,52,1798,3500
19:59:40,36.0,32.8,36.5,38.2,51,1798,3483
20:0:39,36.1,32.9,36.6,38.3,52,1784,3489
20:1:39,36.2,32.7,36.5,38.3,52,1798,3491
20:2:39,36.0,32.7,36.5,38.3,52,1784,3475
20:3:38,36.1,32.8,36.6,38.3,52,1784,3480
20:4:38,36.1,32.7,36.6,38.3,52,1784,3472
20:5:38,36.0,32.8,36.6,38.3,51,1798,3489
20:6:38,36.1,32.8,36.4,37.9,52,1784,3500
20:7:37,36.2,32.9,36.1,38.3,52,1798,3500
20:8:37,36.2,32.9,35.7,38.3,51,1816,3480
20:9:37,36.4,33.0,35.7,38.4,52,1829,3475
20:10:36,36.4,33.0,35.5,38.4,52,1829,3478
20:11:36,36.2,33.0,35.5,38.3,52,1829,3475
20:12:36,36.4,32.9,35.3,38.4,51,1848,3478
20:13:35,36.5,32.8,35.4,38.4,51,1848,3494
20:14:35,36.5,32.9,35.4,38.4,51,1848,3475
20:15:35,36.5,32.9,35.4,38.3,51,1848,3478
20:16:34,36.4,32.8,35.3,38.4,51,1848,3483
20:17:34,36.5,32.8,35.3,38.4,51,1848,3480
20:18:34,36.5,32.8,35.2,38.3,51,1848,3475
20:19:33,36.5,32.8,35.2,38.3,51,1829,3489
20:20:33,36.3,32.8,35.3,38.4,51,1829,3486
20:21:33,36.5,32.7,35.2,38.4,51,1829,3480
20:22:32,36.3,32.8,35.3,38.5,51,1829,3472
20:23:32,36.3,32.8,35.2,38.2,51,1829,3486
20:24:32,36.4,32.8,35.2,38.4,51,1829,3480
20:25:31,36.5,32.7,35.3,38.4,51,1829,3475
20:26:31,36.4,32.8,35.1,38.2,51,1829,3475
20:27:31,36.4,32.7,35.2,38.2,51,1829,3500
20:28:30,36.4,32.7,35.2,38.3,51,1829,3478
20:29:30,36.4,32.8,35.2,38.4,51,1829,3478
20:30:30,36.3,32.7,35.2,38.4,51,1829,3483
20:31:29,36.3,32.7,35.1,38.2,51,1829,3494
20:32:29,36.3,32.7,35.2,38.3,51,1829,3480
20:33:29,36.5,32.7,35.1,38.3,51,1829,3483
20:34:28,36.3,32.8,35.2,38.3,51,1829,3486
20:35:28,36.3,32.8,35.2,38.3,51,1829,3478
20:36:28,36.4,32.7,35.2,38.3,51,1829,3469
20:37:27,36.3,32.7,35.2,38.3,51,1816,3486
20:38:27,36.3,32.7,35.2,38.4,51,1829,3469
20:39:27,36.5,32.7,35.1,38.3,51,1829,3475
20:40:26,36.4,32.6,35.1,38.4,51,1829,3483
20:41:26,36.3,32.7,35.1,38.3,51,1829,3497
20:42:26,36.5,32.7,35.3,38.4,51,1829,3483
20:43:26,36.3,32.7,35.3,38.3,51,1816,3489
20:44:25,36.4,32.6,35.1,38.3,51,1829,3480
20:45:25,36.3,32.6,35.0,38.3,51,1816,3500
20:46:25,36.2,32.6,35.2,38.2,51,1829,3500
20:47:24,36.2,32.5,35.2,38.2,51,1816,3475
20:48:24,36.3,32.8,35.2,38.4,51,1829,3478
20:49:24,36.3,32.7,35.2,38.3,51,1829,3480
20:50:23,36.2,32.7,35.2,38.3,51,1829,3483
20:51:23,36.4,32.6,35.3,38.4,51,1829,3480
20:52:23,36.2,32.6,35.1,38.3,51,1829,3486
20:53:22,36.4,32.7,35.3,38.3,51,1829,3472
20:54:22,36.2,32.7,35.1,38.3,51,1829,3469
20:55:22,36.4,32.6,35.3,38.3,51,1829,3475
20:56:21,36.4,32.7,35.3,38.2,51,1829,3478
20:57:21,36.3,32.6,35.3,38.3,51,1829,3510
20:58:21,36.4,32.6,35.2,38.3,51,1829,3500
20:59:20,36.2,32.7,35.3,38.3,51,1829,3475
21:0:20,36.3,32.7,35.0,38.2,51,1829,3480
21:1:20,36.2,32.7,35.2,38.3,51,1829,3464
21:2:19,36.4,32.6,35.2,38.4,51,1829,3483
21:3:19,36.4,32.6,35.2,38.3,51,1848,3494
21:4:19,36.4,32.6,35.1,38.3,51,1798,3489
21:5:18,36.3,32.7,35.3,38.3,51,1829,3491
21:6:18,36.4,32.6,35.3,38.3,51,1829,3483
21:7:18,36.3,32.6,35.2,38.2,51,1829,3483
21:8:17,36.3,32.8,35.3,38.2,51,1816,3502
21:9:17,36.5,32.7,35.4,38.3,51,1829,3469
21:10:17,36.3,32.7,35.2,38.2,51,1829,3469
21:11:16,36.3,32.7,35.3,38.3,51,1829,3469
21:12:16,36.4,32.7,35.3,38.2,51,1829,3472
21:13:16,36.4,33.7,35.3,37.5,51,1816,3502
21:14:15,37.3,34.7,34.6,37.3,51,1829,3489
21:15:15,37.8,35.6,34.1,37.1,50,1829,3475
21:16:15,37.8,36.1,33.7,36.9,50,1816,3478
21:17:14,37.9,36.3,33.5,36.9,50,1816,3505
21:18:14,37.9,36.4,33.3,36.9,50,1798,3489
21:19:14,37.8,36.3,33.1,36.8,50,1798,3491
21:20:13,37.9,36.5,33.0,36.7,50,1784,3478
21:21:13,37.9,36.6,32.9,36.6,50,1761,3491
21:22:13,37.9,36.5,32.9,36.5,50,1761,3497
21:23:12,37.9,36.6,32.9,36.5,50,1749,3494
21:24:12,37.9,36.6,32.9,36.5,50,1749,3478
21:25:12,38.0,36.7,32.8,36.5,50,1749,3483
21:26:12,37.7,36.6,32.8,36.4,50,1737,3491
21:27:11,37.9,36.6,32.7,36.4,50,1737,3478
21:28:11,37.9,36.5,32.7,36.5,50,1716,3491
21:29:11,37.9,36.6,32.8,36.4,50,1716,3486
21:30:10,37.8,36.6,32.7,36.4,50,1716,3480
21:31:10,37.8,36.6,32.7,36.3,50,1703,3489
21:32:10,37.8,36.4,32.8,36.4,50,1703,3486
21:33:10,37.9,36.5,32.7,36.4,50,1691,3480
21:34:9,37.9,36.5,32.6,36.4,50,1691,3489
21:35:9,37.9,36.5,32.7,36.4,50,1671,3486
21:36:9,37.8,36.5,32.6,36.3,50,1671,3478
21:37:9,37.7,36.6,32.6,36.3,50,1671,3491
21:38:8,37.9,36.5,32.6,36.3,50,1671,3489
21:39:8,37.8,36.4,32.7,36.4,50,1657,3486
21:40:8,37.9,36.5,32.6,36.4,50,1657,3489
21:41:7,37.9,36.4,32.6,36.4,50,1657,3483
21:42:7,37.9,36.6,32.7,36.3,50,1657,3494
21:43:7,37.9,36.4,32.6,36.4,50,1657,3497
21:44:7,37.8,36.5,32.7,36.5,50,1643,3502
21:45:6,37.8,36.4,32.6,36.4,50,1643,3478
21:46:6,37.8,36.5,32.6,36.4,50,1643,3489
21:47:6,37.9,36.5,32.5,36.5,50,1643,3494
21:48:5,37.8,36.5,32.7,36.7,50,1643,3505
21:49:5,37.9,36.6,32.5,36.5,50,1631,3500
21:50:5,37.9,36.5,32.7,36.5,50,1631,3491
21:51:5,37.9,36.5,32.6,36.6,50,1631,3500
21:52:4,37.9,36.6,32.7,36.5,50,1631,3494
21:53:4,37.8,36.4,32.7,36.6,50,1631,3480
21:54:4,37.8,36.5,32.6,36.5,50,1617,3478
21:55:4,37.8,36.5,32.7,36.5,50,1631,3486
21:56:3,37.8,36.5,32.6,36.6,50,1617,3486
21:57:3,37.8,36.6,32.7,36.6,50,1617,3494
21:58:3,37.8,36.5,32.6,36.5,50,1617,3486
21:59:2,37.8,36.5,32.5,36.4,50,1617,3483
22:0:2,37.8,36.5,32.6,36.6,50,1617,3458
22:1:2,37.9,36.5,32.6,36.4,50,1617,3486
22:2:2,37.8,36.5,32.6,36.5,50,1617,3500
22:3:1,37.8,36.4,32.6,36.6,50,1617,3475
22:4:1,37.8,36.5,32.7,36.6,50,1617,3505
22:5:1,37.8,36.6,32.5,36.5,50,1600,3475
22:6:1,37.8,36.5,32.7,36.5,50,1600,3500
22:7:0,38.1,36.5,32.7,36.6,50,1600,3489
22:8:0,37.8,36.6,32.7,36.4,50,1600,3483
22:9:0,37.9,36.5,32.6,36.4,50,1588,3489
22:9:59,37.8,36.6,32.5,36.5,50,1588,3494
22:10:59,37.8,36.5,32.6,36.6,50,1588,3475
22:11:59,37.8,36.5,32.6,36.5,50,1600,3505
22:12:59,37.8,36.5,32.7,36.4,50,1588,3483
22:13:58,37.9,36.5,32.6,36.5,50,1600,3478
22:14:58,37.9,36.4,32.5,36.5,50,1588,3486
22:15:58,37.9,36.6,32.5,36.6,50,1588,3491
22:16:58,37.8,36.5,32.7,36.5,50,1588,3475
22:17:57,37.8,36.5,32.6,36.4,50,1588,3489
22:18:57,37.9,36.5,32.6,36.5,50,1588,3486
22:19:57,38.0,36.7,32.5,36.5,50,1588,3483
22:20:56,37.8,36.5,32.6,36.5,50,1588,3497
22:21:56,37.9,36.6,32.6,36.5,50,1588,3500
22:22:56,37.9,36.6,32.6,36.5,50,1588,3464
22:23:56,37.8,36.5,32.5,36.5,50,1573,3500
22:24:55,37.8,36.4,32.6,36.4,50,1573,3489
22:25:55,37.9,36.4,32.5,36.5,50,1573,3486
22:26:55,37.8,36.5,32.6,36.5,50,1573,3475
22:27:54,37.9,36.5,32.6,36.5,50,1573,3486
22:28:54,37.9,36.4,32.6,36.5,50,1573,3486
22:29:54,37.9,36.4,32.6,36.4,50,1573,3500
22:30:54,37.7,36.6,32.5,36.4,50,1558,3486
22:31:53,37.8,36.5,32.4,36.6,50,1573,3491
22:32:53,37.9,36.4,32.5,36.4,50,1573,3491
22:33:53,37.8,36.6,32.5,36.5,50,1573,3478
22:34:53,37.8,36.5,32.5,36.2,50,1573,3475
22:35:52,37.8,36.6,32.7,36.1,50,1558,3500
22:36:52,37.8,36.5,32.6,36.4,50,1558,3475
22:37:52,37.9,36.4,32.7,36.5,50,1558,3472
22:38:51,37.8,36.4,32.5,36.6,50,1546,3469
22:39:51,37.8,36.5,32.7,36.5,50,1558,3494
22:40:51,37.8,36.5,32.7,36.5,50,1558,3483
22:41:51,37.8,36.6,32.7,36.4,50,1558,3500
22:42:50,37.8,36.4,32.6,36.4,50,1558,3486
22:43:50,37.8,36.5,32.5,36.5,50,1558,3500
22:44:50,37.8,36.4,32.6,36.4,50,1558,3491
22:45:50,37.8,36.5,32.6,36.4,50,1558,3475
22:46:49,37.8,36.5,32.6,36.2,50,1546,3483
22:47:49,37.8,36.5,32.7,36.5,50,1546,3494
22:48:49,37.9,36.3,32.6,36.5,50,1546,3489
22:49:48,38.1,36.5,32.5,36.5,50,1546,3464
22:50:48,37.9,36.6,32.5,36.4,50,1546,3489
22:51:48,37.7,36.6,32.6,36.4,50,1558,3483
22:52:48,37.7,36.5,32.6,36.4,50,1546,3480
22:53:47,37.7,36.4,32.6,36.3,50,1546,3489
22:54:47,37.7,36.5,32.5,36.5,50,1529,3483
22:55:47,37.7,36.5,32.5,36.4,50,1546,3483
22:56:47,37.8,36.4,32.5,36.4,50,1529,3478
22:57:46,37.7,36.5,32.5,36.5,50,1546,3500
22:58:46,37.9,36.4,32.6,36.4,50,1546,3491
22:59:46,37.7,36.4,32.5,36.5,50,1546,3500
23:0:45,37.8,36.3,32.5,36.5,50,1529,3508
23:1:45,37.7,36.4,32.6,36.5,50,1546,3483
23:2:45,37.7,36.4,32.6,36.5,50,1546,3502
23:3:45,37.8,36.5,32.6,36.4,50,1546,3486
23:4:44,37.8,36.4,32.4,36.4,50,1529,3500
23:5:44,37.8,36.5,32.5,36.5,50,1546,3489
23:6:44,37.8,36.4,32.5,36.4,50,1529,3480
23:7:44,37.8,36.4,32.4,36.4,50,1546,3483
23:8:43,37.8,36.4,32.4,36.4,50,1529,3483
23:9:43,37.8,36.4,32.5,36.4,50,1529,3489
23:10:43,37.9,36.4,32.6,36.4,50,1529,3478
23:11:42,37.9,36.4,32.5,36.4,50,1529,3500
23:12:42,37.9,36.5,32.5,36.5,50,1529,3486
23:13:42,37.6,36.4,32.9,36.3,50,1506,3412
23:14:42,37.7,37.0,33.2,36.2,51,1573,3478
23:15:41,37.9,37.3,33.2,36.1,50,1573,3500
23:16:41,37.8,37.5,33.2,36.1,50,1573,3483
23:17:41,37.9,37.4,33.1,36.0,50,1573,3464
23:18:40,37.9,37.4,33.1,36.0,50,1588,3475
23:19:40,37.8,37.3,33.0,35.9,49,1573,3500
23:20:40,37.9,37.5,33.1,35.8,49,1573,3500
23:21:40,38.0,37.5,33.0,35.8,49,1573,3480
23:22:39,37.8,37.5,32.9,35.9,49,1573,3483
23:23:39,37.8,37.3,32.9,35.7,49,1573,3494
23:24:39,37.9,37.4,32.9,35.6,49,1573,3494
23:25:38,37.8,37.4,32.9,35.6,49,1558,3500
23:26:38,37.9,37.4,32.9,35.7,49,1558,3486
23:27:38,37.8,37.3,32.8,35.6,49,1573,3480
23:28:38,37.8,37.3,32.9,35.7,49,1558,3500
23:29:37,37.8,37.4,32.9,35.7,49,1573,3480
23:30:37,37.7,37.4,32.9,35.7,49,1558,3491
23:31:37,37.8,37.4,32.8,35.5,49,1558,3483
23:32:36,37.8,37.4,32.8,35.7,49,1558,3494
23:33:36,37.9,37.4,32.9,35.6,49,1558,3502
23:34:36,37.8,37.4,32.8,35.4,49,1558,3510
23:35:36,37.8,37.4,32.8,35.3,50,1573,3502
23:36:35,37.8,37.5,32.9,35.5,50,1573,3478
23:37:35,37.8,37.3,32.9,35.5,49,1573,3486
23:38:35,37.8,37.3,32.9,35.7,50,1573,3475
23:39:34,37.8,37.4,32.9,35.6,49,1588,3472
23:40:34,37.9,37.4,32.8,35.5,49,1588,3500
23:41:34,37.9,37.4,32.9,35.7,49,1588,3486
23:42:33,37.8,37.3,32.9,35.7,50,1588,3475
23:43:33,37.9,37.5,33.0,35.7,50,1588,3469
23:44:33,38.0,37.4,32.9,35.6,50,1600,3491
23:45:33,37.8,37.4,32.9,35.6,49,1588,3486
23:46:32,37.9,37.3,33.0,35.7,50,1600,3505
23:47:32,37.9,37.4,33.0,35.9,50,1600,3491
23:48:32,37.7,37.4,32.8,35.7,50,1600,3505
23:49:31,37.9,37.3,32.9,35.8,50,1600,3483
23:50:31,37.8,37.3,32.9,35.6,50,1617,3480
23:51:31,37.9,37.4,32.9,35.8,50,1617,3486
23:52:30,38.1,37.4,32.9,35.8,49,1617,3453
23:53:30,37.8,37.6,33.0,35.9,50,1617,3489
23:54:30,37.9,37.5,33.0,35.8,49,1617,3472
23:55:29,37.9,37.5,32.9,35.9,50,1617,3480
23:56:29,37.9,37.4,33.0,35.8,50,1617,3491
23:57:29,37.9,37.4,33.0,35.8,50,1617,3475
23:58:28,37.8,37.5,32.9,35.9,50,1617,3489
23:59:28,37.9,37.5,33.1,35.8,50,1631,3502
0:0:28,37.9,37.4,32.9,36.0,50,1631,3491
