0:1:43,34.5,36.1,32.4,30.0,53,2401,3431
0:2:43,33.6,35.0,35.3,31.6,53,2466,3505
0:3:43,32.8,34.4,36.4,32.9,54,2551,3510
0:4:43,32.3,33.8,37.0,33.8,54,2603,3500
0:5:43,31.9,33.4,37.0,34.5,53,2632,3502
0:6:43,31.7,33.2,37.1,34.9,53,2674,3508
0:7:43,31.4,32.8,37.0,35.2,53,2674,3508
0:8:43,31.4,32.8,37.1,35.3,52,2674,3516
0:9:43,31.2,32.8,37.2,35.4,52,2717,3521
0:10:43,31.2,32.5,37.2,35.6,52,2717,3510
0:11:43,31.2,32.5,37.1,35.6,52,2717,3516
0:12:43,31.1,32.5,37.0,35.7,52,2717,3505
0:13:43,31.1,32.4,37.2,35.7,52,2760,3505
0:14:43,31.0,32.3,37.1,35.7,52,2717,3497
0:15:43,31.0,32.4,37.2,35.6,52,2760,3513
0:16:43,30.8,32.4,37.1,35.6,52,2760,3519
0:17:43,30.8,32.4,37.0,35.7,52,2760,3497
0:18:43,31.0,32.3,36.9,35.7,52,2717,3521
0:19:43,30.9,32.4,37.0,35.6,52,2760,3527
0:20:43,30.8,32.4,37.0,35.5,52,2760,3502
0:21:43,30.8,32.2,36.9,35.7,52,2760,3516
0:22:43,30.8,32.2,36.9,35.6,52,2717,3524
0:23:43,30.8,32.3,37.0,35.6,52,2760,3502
0:24:43,30.8,32.1,36.8,35.7,52,2760,3513
0:25:43,30.8,32.1,36.8,35.5,52,2760,3486
0:26:43,30.7,32.1,36.9,35.6,52,2717,3510
0:27:43,30.7,32.1,36.9,35.7,52,2760,3508
0:28:43,30.7,32.3,37.0,35.7,52,2760,3497
0:29:43,30.7,32.1,36.9,35.6,52,2717,3516
0:30:43,30.7,32.2,37.0,35.6,52,2717,3510
0:31:43,30.8,32.1,36.9,35.7,52,2717,3521
0:32:43,30.7,32.1,37.0,35.6,52,2717,3510
0:33:43,30.7,32.1,37.1,35.6,52,2717,3513
0:34:43,30.7,32.1,37.0,35.6,52,2760,3505
0:35:43,30.7,32.1,36.9,35.7,52,2717,3510
0:36:43,30.8,32.1,37.0,35.7,52,2717,3508
0:37:43,30.7,32.2,37.1,35.6,52,2717,3510
0:38:43,30.7,32.1,36.9,35.7,52,2760,3510
0:39:43,30.7,32.2,37.0,35.7,52,2717,3516
0:40:43,30.7,32.2,37.0,35.6,52,2717,3521
0:41:43,30.6,32.2,36.9,35.5,52,2717,3508
0:42:43,30.7,32.2,37.0,35.6,52,2717,3519
0:43:43,30.7,32.2,37.0,35.6,52,2760,3510
0:44:43,30.7,32.1,37.0,35.6,52,2760,3519
0:45:43,30.7,32.3,36.9,35.6,52,2717,3508
0:46:43,30.7,32.1,37.0,35.7,52,2760,3497
0:47:43,30.8,32.2,37.0,35.6,52,2717,3494
0:48:43,30.6,32.0,37.0,35.6,52,2717,3500
0:49:43,30.7,32.2,37.0,35.7,52,2717,3491
0:50:43,30.7,32.2,37.0,35.6,51,2717,3521
0:51:43,30.7,32.2,36.9,35.6,52,2717,3497
0:52:43,30.7,32.1,36.9,35.5,52,2674,3491
0:53:43,30.8,32.1,37.0,35.6,52,2717,3508
0:54:43,30.8,32.1,36.9,35.8,52,2674,3510
0:55:43,30.7,32.0,37.0,35.6,52,2717,3508
0:56:43,30.7,32.2,37.0,35.5,52,2717,3513
0:57:43,30.7,32.1,37.0,35.6,52,2674,3516
0:58:43,30.6,32.1,36.9,35.7,52,2717,3510
0:59:43,30.7,32.1,37.0,35.6,52,2717,3513
1:0:43,30.6,32.2,37.0,35.8,52,2674,3516
1:1:43,30.7,32.1,37.0,35.7,52,2674,3521
1:2:43,30.7,32.2,37.0,35.6,51,2674,3519
1:3:43,30.7,32.1,36.8,35.6,52,2674,3475
1:4:43,30.7,32.1,36.9,35.6,52,2674,3508
1:5:43,30.7,32.2,36.8,35.7,52,2674,3494
1:6:44,30.6,32.2,37.0,35.8,52,2674,3521
1:7:44,30.7,32.0,36.8,35.7,52,2674,3502
1:8:44,30.7,32.1,37.0,35.7,52,2674,3508
1:9:44,30.7,32.0,37.1,35.6,52,2674,3494
1:10:44,30.6,32.2,37.1,35.6,51,2674,3491
1:11:44,30.7,32.2,37.1,35.6,52,2674,3497
1:12:44,30.6,32.0,37.0,35.7,52,2674,3500
1:13:44,30.7,32.1,37.0,35.7,51,2674,3505
1:14:44,30.7,32.2,37.0,35.7,51,2674,3508
1:15:44,30.7,32.1,37.1,35.7,52,2674,3497
1:16:44,30.7,32.1,37.2,35.8,52,2674,3500
1:17:44,30.6,32.1,37.1,35.7,52,2674,3510
1:18:44,30.7,32.1,37.0,35.5,52,2674,3502
1:19:44,30.7,32.2,37.0,35.8,52,2674,3516
1:20:44,30.7,32.0,36.9,35.9,52,2674,3508
1:21:44,30.8,32.2,36.9,35.7,51,2632,3502
1:22:44,30.7,32.2,37.0,35.7,52,2674,3500
1:23:44,30.7,32.1,36.9,35.7,52,2674,3500
1:24:44,30.7,32.2,36.9,35.7,52,2674,3510
1:25:44,30.7,32.0,37.0,35.7,52,2632,3510
1:26:44,30.6,32.0,37.0,35.8,52,2674,3505
1:27:44,30.6,32.2,37.0,35.7,52,2674,3521
1:28:44,30.7,32.1,37.0,35.7,51,2632,3508
1:29:44,30.5,32.6,36.8,34.8,52,2632,3521
1:30:44,30.2,32.9,37.1,34.6,52,2603,3524
1:31:44,30.1,33.2,37.0,34.3,52,2603,3510
1:32:44,30.0,33.4,37.3,34.3,51,2603,3502
1:33:44,30.0,33.6,37.3,34.3,51,2603,3516
1:34:44,30.0,33.7,37.2,34.1,51,2603,3502
1:35:44,29.9,33.7,37.3,34.2,51,2603,3510
1:36:44,29.9,33.7,37.2,34.1,51,2603,3513
1:37:44,30.0,33.8,37.3,34.2,51,2603,3497
1:38:44,30.0,33.8,37.3,34.2,51,2603,3521
1:39:44,29.9,33.8,37.3,34.2,51,2603,3508
1:40:44,30.0,33.9,37.4,34.2,51,2603,3505
1:41:44,29.9,34.0,37.3,34.2,51,2632,3521
1:42:45,30.0,33.9,37.2,34.3,51,2603,3508
1:43:45,30.1,33.9,37.3,34.2,51,2632,3505
1:44:45,30.0,33.9,37.3,34.2,51,2603,3500
1:45:45,30.0,33.9,37.3,34.3,51,2632,3510
1:46:45,30.0,33.9,37.3,34.3,51,2632,3513
1:47:45,30.0,34.0,37.3,34.2,51,2632,3502
1:48:45,30.0,34.0,37.3,34.3,51,2632,3502
1:49:45,30.1,34.0,37.4,34.1,51,2603,3505
1:50:45,30.0,34.0,37.3,34.3,50,2632,3502
1:51:45,30.0,33.9,37.4,34.2,51,2632,3508
1:52:45,30.1,34.1,37.3,34.2,50,2603,3497
1:53:45,30.0,34.0,37.4,34.3,50,2603,3519
1:54:45,30.0,33.9,37.4,34.2,51,2603,3521
1:55:45,30.0,34.0,37.5,34.3,51,2632,3502
1:56:45,30.0,34.0,37.4,34.4,50,2632,3508
1:57:45,30.1,34.0,37.4,34.3,51,2632,3505
1:58:45,30.1,34.1,37.4,34.2,50,2632,3505
1:59:45,30.1,34.0,37.4,34.2,50,2632,3502
2:0:45,30.1,34.1,37.4,34.2,50,2632,3510
2:1:45,30.1,34.0,37.4,34.2,51,2632,3510
2:2:45,30.1,34.0,37.3,34.3,50,2632,3508
2:3:45,30.1,34.0,37.4,34.2,51,2674,3519
2:4:45,30.0,34.1,37.4,34.4,50,2632,3491
2:5:45,30.1,34.1,37.4,34.3,51,2632,3521
2:6:45,30.0,34.1,37.4,34.3,50,2632,3502
2:7:45,30.0,34.0,37.5,34.3,50,2632,3508
2:8:46,30.0,34.0,37.5,34.3,50,2632,3497
2:9:46,30.2,34.0,37.5,34.4,50,2632,3497
2:10:46,30.2,34.0,37.5,34.4,50,2632,3516
2:11:46,30.2,34.0,37.5,34.1,50,2632,3516
2:12:46,30.4,34.2,37.0,33.4,50,2603,3502
2:13:46,30.3,34.6,36.8,33.1,51,2603,3508
2:14:46,30.5,34.7,36.6,32.9,51,2551,3521
2:15:46,30.4,34.8,36.4,32.6,51,2514,3497
2:16:46,30.3,34.8,36.4,32.4,51,2466,3524
2:17:46,30.3,34.8,36.3,32.3,51,2466,3500
2:18:46,30.3,34.9,36.4,32.3,51,2438,3532
2:19:46,30.3,34.7,36.3,32.2,51,2401,3508
2:20:46,30.3,34.8,36.2,32.0,51,2353,3513
2:21:47,30.2,34.7,36.2,32.1,51,2353,3502
2:22:47,30.3,34.7,36.1,31.9,51,2324,3513
2:23:47,30.2,34.8,36.2,32.0,51,2291,3508
2:24:47,30.3,34.7,36.2,32.1,51,2291,3516
2:25:47,30.1,34.6,36.1,31.9,51,2291,3502
2:26:47,30.0,34.6,36.2,31.9,51,2265,3510
2:27:47,30.1,34.7,36.1,32.0,51,2265,3513
2:28:48,30.2,34.7,36.0,31.8,51,2220,3513
2:29:48,30.1,34.7,36.0,31.7,51,2195,3513
2:30:48,30.0,34.6,36.0,31.8,52,2195,3505
2:31:48,30.0,34.7,36.1,31.8,51,2195,3513
2:32:48,30.0,34.6,36.0,31.7,51,2195,3521
2:33:48,30.1,34.6,36.0,31.7,52,2195,3513
2:34:49,30.0,34.6,36.0,31.7,51,2162,3497
2:35:49,30.0,34.6,36.1,31.8,51,2162,3510
2:36:49,30.1,34.6,36.0,31.7,51,2134,3516
2:37:49,30.0,34.6,36.0,31.8,51,2162,3500
2:38:49,30.1,34.6,36.0,31.7,51,2134,3521
2:39:49,30.0,34.6,36.0,31.9,51,2134,3502
2:40:49,30.1,34.6,35.9,31.8,51,2134,3497
2:41:50,30.0,34.7,36.2,31.7,51,2134,3500
2:42:50,30.1,34.6,36.0,31.7,52,2134,3510
2:43:50,30.0,34.7,36.0,31.9,51,2096,3510
2:44:50,29.9,34.5,36.0,31.7,52,2096,3524
2:45:50,30.0,34.7,36.1,31.7,51,2096,3513
2:46:50,30.0,34.6,36.0,31.7,51,2096,3486
2:47:51,29.9,34.6,36.1,31.7,51,2096,3500
2:48:51,30.0,34.6,36.1,31.7,51,2096,3510
2:49:51,29.9,34.6,36.1,31.8,52,2096,3513
2:50:51,30.0,34.6,36.1,31.8,52,2072,3497
2:51:51,30.0,34.6,36.1,31.7,51,2072,3510
2:52:51,29.9,34.5,36.1,31.8,52,2072,3508
2:53:52,30.0,34.6,36.0,31.8,52,2072,3491
2:54:52,30.0,34.6,36.0,31.7,52,2072,3521
2:55:52,29.9,34.6,36.1,31.7,51,2072,3519
2:56:52,30.1,34.9,36.1,31.8,51,2072,3505
2:57:52,29.9,34.6,36.1,31.9,51,2072,3505
2:58:52,30.0,34.7,36.1,31.7,52,2072,3508
2:59:53,29.9,34.8,36.2,31.7,51,2072,3508
3:0:53,30.0,34.6,36.1,31.8,51,2029,3516
3:1:53,30.0,34.6,36.2,31.7,52,2072,3497
3:2:53,30.0,34.7,36.1,31.8,52,2029,3516
3:3:53,30.0,34.6,36.2,31.7,51,2029,3494
3:4:53,30.0,34.7,36.0,31.7,51,2029,3513
3:5:54,30.0,34.6,36.1,31.7,52,2029,3510
3:6:54,30.1,34.6,36.2,31.9,51,2029,3513
3:7:54,30.1,34.7,36.1,31.8,52,2029,3497
3:8:54,30.0,34.8,36.0,31.7,51,2029,3516
3:9:54,30.0,34.8,36.1,31.8,51,2029,3494
3:10:54,30.1,34.7,36.1,31.8,51,2029,3505
3:11:55,30.0,34.7,36.2,31.8,51,2029,3497
3:12:55,30.0,34.7,36.1,31.8,51,2029,3519
3:13:55,30.0,34.8,36.0,31.8,51,2029,3521
3:14:55,30.0,34.8,36.1,31.8,51,2029,3510
3:15:55,30.0,34.6,36.2,31.9,51,2029,3521
3:16:55,30.1,34.8,36.1,31.8,51,2072,3505
3:17:56,30.1,34.6,36.1,31.9,51,2029,3502
3:18:56,30.1,34.8,36.2,31.9,51,2029,3521
3:19:56,30.2,34.7,36.1,31.9,51,2029,3513
3:20:56,30.1,34.8,36.2,31.9,51,2029,3500
3:21:56,30.3,34.5,35.7,31.5,51,2029,3505
3:22:56,30.1,34.4,36.6,31.5,51,1995,3497
3:23:57,30.1,34.5,36.9,31.9,52,2029,3521
3:24:57,30.1,34.8,37.0,32.0,51,2072,3510
3:25:57,30.1,34.8,37.2,32.3,51,2134,3516
3:26:57,30.3,34.9,37.4,32.4,51,2162,3524
3:27:57,30.3,35.0,37.3,32.5,51,2195,3505
3:28:57,30.3,35.1,37.4,32.6,50,2265,3527
3:29:57,30.5,35.1,37.5,32.7,51,2265,3505
3:30:57,30.5,35.2,37.5,32.8,50,2291,3494
3:31:57,30.6,35.2,37.5,33.0,50,2324,3500
3:32:57,30.6,35.3,37.5,33.0,50,2324,3508
3:33:57,30.7,35.4,37.5,33.0,50,2353,3510
3:34:57,30.7,35.5,37.6,33.0,50,2401,3497
3:35:57,30.8,35.5,37.5,33.2,50,2401,3497
3:36:58,30.8,35.4,37.5,33.2,50,2438,3516
3:37:58,30.8,35.4,37.5,33.3,50,2438,3521
3:38:58,30.8,35.5,37.6,33.2,50,2438,3516
3:39:58,30.8,35.4,37.5,33.2,50,2466,3510
3:40:58,30.9,35.5,37.7,33.3,50,2466,3516
3:41:58,30.8,35.6,37.5,33.2,50,2466,3500
3:42:58,30.8,35.6,37.6,33.2,49,2514,3500
3:43:58,30.9,35.6,37.6,33.3,50,2514,3510
3:44:58,30.8,35.6,37.7,33.4,50,2514,3502
3:45:58,30.8,35.6,37.7,33.3,49,2551,3510
3:46:58,31.0,35.6,37.5,33.3,50,2551,3500
3:47:58,30.9,35.6,37.6,33.3,49,2551,3519
3:48:58,31.0,35.5,37.6,33.2,50,2551,3502
3:49:58,31.0,35.6,37.7,33.3,49,2551,3505
3:50:58,31.1,35.6,37.7,33.2,50,2551,3521
3:51:58,31.0,35.7,37.7,33.2,49,2603,3521
3:52:58,31.0,35.7,37.7,33.3,49,2632,3508
3:53:58,30.9,35.6,37.7,33.3,49,2632,3516
3:54:58,31.0,35.7,37.8,33.4,49,2632,3519
3:55:58,31.1,35.7,37.7,33.3,49,2632,3516
3:56:58,31.2,35.6,37.7,33.3,49,2632,3497
3:57:58,31.0,35.6,37.7,33.4,49,2632,3524
3:58:57,31.1,35.6,37.7,33.5,49,2632,3497
3:59:57,31.1,35.5,37.7,33.5,49,2674,3513
4:0:57,31.0,35.7,37.7,33.6,49,2674,3510
4:1:57,31.0,35.7,37.8,33.6,49,2632,3505
4:2:57,31.1,35.7,37.7,33.5,49,2674,3519
4:3:57,31.1,35.8,37.8,33.5,49,2674,3521
4:4:57,31.1,35.6,37.8,33.5,49,2674,3521
4:5:57,31.1,35.7,37.8,33.6,49,2674,3519
4:6:57,31.0,35.8,37.8,33.5,49,2717,3521
4:7:57,31.0,35.8,37.9,33.5,49,2717,3505
4:8:57,31.1,35.8,37.8,33.6,49,2674,3502
4:9:57,31.0,35.7,37.8,33.5,49,2674,3508
4:10:57,31.1,35.9,37.7,33.5,49,2717,3521
4:11:57,31.1,35.7,37.9,33.5,49,2717,3516
4:12:57,31.1,35.7,37.8,33.6,49,2717,3505
4:13:57,31.1,35.7,37.7,33.6,49,2717,3508
4:14:57,31.2,35.8,37.8,33.6,49,2717,3519
4:15:57,31.2,35.7,37.8,33.6,49,2674,3505
4:16:57,31.1,35.8,37.9,33.6,49,2760,3510
4:17:57,31.1,35.8,37.9,33.6,49,2717,3513
4:18:57,31.1,35.8,37.9,33.6,49,2760,3505
4:19:57,31.1,35.7,37.9,33.7,49,2717,3508
4:20:57,31.2,35.8,37.8,33.6,49,2717,3508
4:21:57,31.2,35.8,37.8,33.6,49,2717,3521
4:22:57,31.1,35.7,37.9,33.6,49,2760,3516
4:23:57,31.2,35.8,37.8,33.6,49,2717,3508
4:24:57,31.2,35.7,37.8,33.7,49,2760,3516
4:25:57,31.2,35.9,37.8,33.5,48,2760,3502
4:26:57,31.4,35.6,37.5,33.2,49,2717,3521
4:27:57,31.3,35.2,37.4,32.9,48,2674,3508
4:28:57,31.3,35.3,37.7,32.8,49,2674,3513
4:29:57,31.2,35.3,37.6,32.6,49,2717,3486
4:30:57,31.1,35.3,37.6,32.6,49,2717,3508
4:31:57,31.2,35.1,37.5,32.6,49,2674,3527
4:32:57,31.1,35.3,37.7,32.4,49,2674,3500
4:33:57,31.1,35.1,37.5,32.4,49,2632,3513
4:34:57,31.0,35.2,37.5,32.4,49,2632,3497
4:35:57,31.0,35.0,37.4,32.3,49,2632,3497
4:36:57,31.0,35.1,37.5,32.3,49,2632,3510
4:37:57,30.9,35.2,37.4,32.4,49,2632,3510
4:38:57,31.0,35.0,37.4,32.3,49,2632,3497
4:39:57,30.9,35.0,37.2,32.2,49,2632,3521
4:40:57,30.9,35.0,37.3,32.2,49,2603,3502
4:41:57,30.8,35.1,37.3,32.2,49,2603,3516
4:42:57,30.7,35.0,37.5,32.2,49,2603,3521
4:43:57,30.8,34.9,37.4,32.2,49,2603,3502
4:44:57,30.9,34.9,37.3,32.1,49,2603,3519
4:45:57,30.6,34.9,37.2,32.1,49,2551,3494
4:46:57,30.7,34.9,37.3,32.1,49,2551,3500
4:47:57,30.6,34.9,37.0,32.1,49,2551,3513
4:48:57,30.7,34.9,37.3,32.1,49,2551,3497
4:49:57,30.7,34.8,37.3,31.9,49,2514,3497
4:50:57,30.7,34.7,37.0,32.1,49,2514,3505
4:51:57,30.7,34.8,37.2,32.0,49,2514,3494
4:52:57,30.7,34.7,37.1,31.9,49,2466,3508
4:53:57,30.6,34.7,37.2,32.1,49,2466,3483
4:54:57,30.7,34.8,37.3,32.0,49,2514,3516
4:55:57,30.6,34.7,37.1,32.0,49,2466,3513
4:56:57,30.6,34.7,37.3,31.9,49,2466,3505
4:57:57,30.6,34.6,37.2,31.9,49,2466,3502
4:58:58,30.5,34.7,37.0,32.0,49,2466,3497
4:59:58,30.6,34.7,37.0,31.9,49,2466,3505
5:0:58,30.6,34.6,37.1,31.8,49,2466,3510
5:1:58,30.4,34.6,37.2,31.9,49,2466,3516
5:2:58,30.6,34.7,37.1,31.8,49,2438,3494
5:3:58,30.5,34.6,37.1,31.8,49,2438,3508
5:4:58,30.5,34.6,37.2,31.9,49,2438,3494
5:5:58,30.5,34.6,37.0,31.9,49,2438,3510
5:6:58,30.6,34.6,37.1,31.9,49,2401,3510
5:7:58,30.5,34.6,37.2,31.9,49,2401,3497
5:8:58,30.4,34.6,37.0,31.8,49,2438,3491
5:9:58,30.6,34.6,37.1,31.9,49,2401,3502
5:10:58,30.5,34.6,37.2,31.8,49,2401,3516
5:11:58,30.4,34.7,37.0,31.8,49,2401,3521
5:12:58,30.3,34.7,37.0,31.9,49,2401,3516
5:13:58,30.4,34.6,37.2,31.8,49,2353,3532
5:14:58,30.5,34.7,37.0,31.8,49,2401,3491
5:15:59,30.5,34.6,37.3,31.8,49,2353,3516
5:16:59,30.4,34.6,37.2,32.0,49,2401,3519
5:17:59,30.6,34.6,37.2,31.9,49,2353,3502
5:18:59,30.4,34.6,37.2,31.8,49,2353,3505
5:19:59,30.5,34.7,37.2,31.9,49,2401,3491
5:20:59,30.4,34.7,37.2,31.9,49,2353,3502
5:21:59,30.5,34.6,37.2,31.9,49,2401,3502
5:22:59,30.6,34.6,37.2,31.9,49,2353,3505
5:23:59,30.5,34.6,37.3,31.9,49,2353,3497
5:24:59,30.5,34.6,37.2,31.8,49,2353,3500
5:25:59,30.6,34.6,37.2,32.0,49,2401,3505
5:26:59,30.4,34.8,37.3,32.0,49,2353,3510
5:27:59,30.5,34.6,37.3,32.0,49,2353,3480
5:28:59,30.5,34.7,37.2,32.0,49,2353,3502
5:29:59,30.4,34.7,37.3,31.9,49,2353,3513
5:30:59,30.4,34.6,37.3,31.9,49,2353,3508
5:32:0,30.6,34.8,37.4,32.0,49,2353,3513
5:33:0,30.6,34.7,37.2,31.9,49,2353,3497
5:34:0,30.5,34.6,37.2,32.0,49,2353,3500
5:35:0,30.7,34.8,37.3,31.9,49,2353,3510
5:36:0,30.5,34.7,37.3,32.0,49,2353,3500
5:37:0,30.5,34.7,37.3,31.9,49,2353,3524
5:38:0,30.6,34.8,37.2,32.0,49,2353,3505
5:39:0,30.4,34.7,37.4,32.0,49,2353,3502
5:40:0,30.6,34.8,37.4,31.9,49,2353,3491
5:41:0,30.6,34.7,37.3,32.0,49,2353,3491
5:42:0,30.6,34.7,37.4,32.0,49,2353,3510
5:43:0,30.5,34.7,37.3,31.9,49,2353,3502
5:44:0,30.6,34.9,37.4,32.1,49,2353,3505
5:45:0,30.6,34.7,37.4,32.0,49,2353,3521
5:46:0,30.6,34.7,37.3,32.1,49,2353,3510
5:47:0,30.6,34.8,37.5,32.0,49,2353,3483
5:48:0,30.6,34.8,37.4,32.1,48,2353,3505
5:49:0,30.6,34.9,37.5,32.2,49,2353,3494
5:50:1,30.7,34.9,37.4,32.1,49,2353,3513
5:51:1,30.5,34.8,37.3,32.0,49,2353,3513
5:52:1,30.7,34.8,37.4,32.1,49,2353,3502
5:53:1,30.6,34.8,37.4,32.1,48,2353,3475
5:54:1,30.6,34.9,37.4,32.0,48,2353,3500
5:55:1,30.5,34.8,37.6,32.1,48,2401,3500
5:56:1,30.7,34.8,37.5,32.1,48,2353,3505
5:57:1,30.6,34.8,37.5,32.2,48,2353,3508
5:58:1,30.6,34.8,37.4,32.1,48,2401,3508
5:59:1,30.8,34.9,37.2,32.3,48,2438,3483
6:0:1,31.0,34.6,36.9,32.1,49,2438,3497
6:1:1,30.9,34.8,36.6,31.8,49,2401,3494
6:2:1,30.8,34.8,36.5,31.7,49,2353,3505
6:3:1,30.8,34.9,36.4,31.5,49,2324,3502
6:4:1,30.7,34.8,36.5,31.4,49,2324,3500
6:5:1,30.7,34.7,36.4,31.2,48,2291,3497
6:6:1,30.6,34.7,36.4,31.2,48,2265,3521
6:7:1,30.5,34.7,36.3,31.1,48,2265,3497
6:8:1,30.7,34.8,36.3,31.0,48,2220,3516
6:9:2,30.5,34.8,36.3,31.0,48,2220,3500
6:10:2,30.5,34.8,36.3,31.0,48,2195,3516
6:11:2,30.5,34.7,36.3,30.9,48,2195,3497
6:12:2,30.5,34.7,36.3,30.9,48,2162,3502
6:13:2,30.5,34.8,36.3,31.0,48,2162,3519
6:14:2,30.5,34.7,36.3,30.9,48,2162,3505
6:15:2,30.4,34.7,36.3,30.9,48,2134,3500
6:16:2,30.6,34.8,36.1,30.9,48,2162,3521
6:17:2,30.4,34.7,36.1,30.8,48,2134,3500
6:18:2,30.3,34.7,36.2,30.9,48,2134,3500
6:19:3,30.4,34.6,36.3,30.9,48,2134,3513
6:20:3,30.4,34.7,36.2,31.0,48,2134,3497
6:21:3,30.3,34.7,36.1,30.9,48,2096,3497
6:22:3,30.3,34.6,36.1,30.9,48,2096,3510
6:23:3,30.3,34.6,36.2,30.9,48,2096,3516
6:24:3,30.4,34.5,36.1,31.0,49,2096,3500
6:25:3,30.3,34.5,36.1,30.8,48,2096,3497
6:26:3,30.3,34.5,35.9,30.8,48,2072,3513
6:27:4,30.2,34.4,36.2,30.9,49,2029,3516
6:28:4,30.1,34.5,36.1,30.8,49,2029,3494
6:29:4,30.2,34.4,36.0,30.8,48,2029,3500
6:30:4,30.3,34.4,36.0,30.9,49,1995,3510
6:31:4,30.1,34.4,36.1,30.8,49,1995,3505
6:32:4,30.2,34.4,36.0,30.8,49,1995,3505
6:33:4,30.2,34.4,36.1,30.7,48,1995,3500
6:34:4,30.2,34.5,36.2,30.8,48,1973,3497
6:35:5,30.1,34.4,36.1,30.7,49,1995,3497
6:36:5,30.2,34.5,36.0,30.7,48,1973,3491
6:37:5,30.1,34.4,36.2,30.6,49,1973,3497
6:38:5,30.2,34.5,36.1,30.8,49,1995,3505
6:39:5,30.2,34.5,36.2,30.7,49,1973,3516
6:40:5,30.1,34.4,36.1,30.8,48,1995,3500
6:41:5,30.1,34.6,36.1,30.8,49,1973,3502
6:42:6,30.2,34.5,36.0,30.9,48,1995,3508
6:43:6,30.1,34.6,36.0,30.7,49,1973,3513
6:44:6,30.0,34.4,36.0,30.7,49,1973,3513
6:45:6,30.2,34.4,36.0,30.7,48,1973,3497
6:46:6,30.1,34.5,36.1,30.8,48,1973,3521
6:47:6,30.1,34.4,36.2,30.7,48,1973,3500
6:48:6,30.1,34.5,36.1,30.7,48,1937,3516
6:49:7,30.1,34.4,36.1,30.7,48,1937,3491
6:50:7,30.1,34.5,36.2,30.7,49,1937,3521
6:51:7,30.1,34.5,36.1,30.8,49,1937,3505
6:52:7,30.2,34.5,36.0,30.7,48,1937,3500
6:53:7,30.2,34.5,36.1,30.6,48,1937,3508
6:54:7,30.1,34.6,36.0,30.7,48,1937,3500
6:55:7,30.1,34.5,36.1,30.7,48,1937,3505
6:56:7,30.0,34.4,36.0,30.6,48,1916,3508
6:57:8,30.0,34.5,36.1,30.7,48,1916,3508
6:58:8,30.1,34.5,36.1,30.7,48,1916,3510
6:59:8,30.1,34.5,36.1,30.7,49,1916,3502
7:0:8,30.1,34.4,36.1,30.6,48,1916,3497
7:1:8,30.2,34.5,36.1,30.7,48,1884,3505
7:2:8,30.1,34.5,36.1,30.7,48,1884,3510
7:3:8,30.1,34.4,36.0,30.7,48,1855,3505
7:4:9,30.4,34.5,35.8,30.6,48,1884,3510
7:5:9,30.7,35.6,35.4,30.4,48,1855,3502
7:6:9,30.8,36.4,35.5,30.2,48,1835,3505
7:7:9,31.0,36.6,35.8,30.2,49,1835,3516
7:8:9,31.2,36.8,36.0,30.0,49,1835,3505
7:9:9,31.3,36.7,35.8,30.0,49,1835,3521
7:10:9,31.4,36.8,35.8,30.0,49,1835,3502
7:11:10,31.4,36.8,35.9,30.0,49,1855,3500
7:12:10,31.5,36.9,35.9,30.0,48,1855,3505
7:13:10,31.5,37.0,35.9,30.1,48,1855,3497
7:14:10,31.6,36.9,36.0,30.0,48,1855,3510
7:15:10,31.7,37.0,35.9,30.1,49,1855,3491
7:16:10,31.7,37.0,36.0,30.3,48,1855,3497
7:17:10,31.6,37.1,36.1,30.1,48,1855,3508
7:18:10,31.7,37.0,36.1,30.1,48,1884,3500
7:19:11,31.8,37.0,36.1,30.2,48,1855,3489
7:20:11,31.8,37.1,36.2,30.3,48,1884,3491
7:21:11,31.8,37.1,36.2,30.3,48,1884,3505
7:22:11,31.7,37.2,36.2,30.3,48,1884,3524
7:23:11,31.9,37.2,36.3,30.3,48,1884,3508
7:24:11,31.9,37.0,36.2,30.3,48,1884,3516
7:25:11,31.9,37.2,36.2,30.3,48,1916,3497
7:26:11,31.9,37.2,36.2,30.4,48,1884,3510
7:27:11,31.9,37.2,36.2,30.4,48,1884,3505
7:28:11,31.9,37.1,36.3,30.5,48,1884,3510
7:29:11,31.9,37.3,36.3,30.4,48,1916,3513
7:30:11,31.9,37.3,36.4,30.5,48,1916,3513
7:31:12,32.0,37.2,36.3,30.5,48,1916,3510
7:32:12,31.9,37.3,36.4,30.5,48,1916,3505
7:33:12,32.1,37.1,35.6,30.5,48,1937,3505
7:34:12,32.4,37.0,34.9,30.1,48,1916,3502
7:35:12,32.5,37.0,34.5,30.1,48,1916,3510
7:36:12,32.5,37.3,34.4,29.9,49,1916,3505
7:37:12,32.5,37.3,34.1,29.8,48,1884,3505
7:38:12,32.8,37.1,34.0,29.8,49,1884,3508
7:39:12,32.6,37.3,33.7,29.7,48,1884,3505
7:40:12,32.5,37.1,33.5,29.7,49,1855,3521
7:41:12,32.5,37.1,33.6,29.7,48,1855,3502
7:42:13,32.5,37.1,33.5,29.4,49,1835,3510
7:43:13,32.3,37.0,33.5,29.5,48,1810,3521
7:44:13,32.5,37.0,33.4,29.5,49,1810,3510
7:45:13,32.4,37.1,33.4,29.4,49,1810,3510
7:46:13,32.4,37.1,33.4,29.5,49,1810,3494
7:47:13,32.4,37.0,33.2,29.4,49,1810,3516
7:48:13,32.4,37.1,33.2,29.3,49,1776,3502
7:49:13,32.4,36.8,33.2,29.3,49,1776,3508
7:50:14,32.4,36.8,33.3,29.4,49,1776,3500
7:51:14,32.3,36.6,33.3,29.3,49,1759,3508
7:52:14,32.2,36.6,33.2,29.3,49,1776,3510
7:53:14,32.3,36.7,33.2,29.3,49,1759,3508
7:54:14,32.3,36.6,33.2,29.2,49,1759,3508
7:55:14,32.2,36.8,33.2,29.2,49,1735,3505
7:56:14,32.2,36.7,33.1,29.3,49,1735,3508
7:57:15,32.3,36.8,33.0,29.2,49,1735,3505
7:58:15,32.2,36.8,33.1,29.1,49,1735,3510
7:59:15,32.1,36.7,33.1,29.1,49,1735,3516
8:0:15,32.2,36.7,33.0,29.2,49,1735,3486
8:1:15,32.2,36.6,33.0,29.1,49,1735,3502
8:2:15,32.2,36.6,33.1,29.1,49,1711,3524
8:3:16,32.1,36.7,33.0,29.1,49,1711,3502
8:4:16,32.1,36.7,32.9,29.0,49,1711,3502
8:5:16,32.2,36.8,33.0,29.1,49,1711,3500
8:6:16,32.0,36.9,33.0,29.0,49,1678,3502
8:7:16,32.0,36.7,33.0,29.1,49,1711,3502
8:8:16,32.0,36.8,33.0,29.0,49,1678,3521
8:9:17,32.0,36.6,32.9,29.0,49,1659,3524
8:10:17,32.1,36.6,33.0,29.0,49,1659,3494
8:11:17,32.0,36.6,32.9,29.1,49,1659,3491
8:12:17,32.1,36.6,32.9,29.1,49,1659,3497
8:13:17,32.1,36.6,32.9,28.9,49,1659,3497
8:14:17,32.0,36.5,32.9,29.0,49,1639,3510
8:15:18,32.0,36.8,32.9,29.0,49,1639,3521
8:16:18,32.1,36.5,32.8,29.0,49,1612,3513
8:17:18,31.9,36.6,32.8,28.9,49,1639,3497
8:18:18,31.9,36.5,32.9,29.0,49,1612,3497
8:19:18,32.1,36.5,32.8,28.9,49,1612,3505
8:20:18,31.9,36.5,32.8,29.0,49,1639,3500
8:21:19,32.1,36.5,32.8,29.0,49,1639,3502
8:22:19,31.9,36.6,32.8,28.9,49,1612,3505
8:23:19,31.9,35.8,33.0,29.1,49,1639,3489
8:24:19,31.0,34.9,34.6,29.6,49,1574,3510
8:25:19,30.4,34.3,36.1,30.1,49,1612,3497
8:26:20,30.1,33.7,36.5,30.5,50,1639,3513
8:27:20,29.9,33.4,36.8,30.8,50,1659,3508
8:28:20,29.7,33.3,36.7,31.1,50,1711,3500
8:29:20,29.7,33.1,36.9,31.5,51,1735,3497
8:30:20,29.7,33.1,36.8,31.5,51,1759,3510
8:31:21,29.5,33.0,36.7,31.6,51,1759,3505
8:32:21,29.6,32.9,36.8,31.7,51,1776,3491
8:33:21,29.5,33.0,37.0,31.8,51,1776,3491
8:34:21,29.5,32.9,36.8,31.9,51,1810,3510
8:35:21,29.5,33.0,36.9,31.9,51,1835,3502
8:36:21,29.4,32.9,36.8,31.9,51,1835,3494
8:37:21,29.4,32.8,36.8,32.0,51,1835,3494
8:38:22,29.4,32.9,36.9,32.1,51,1835,3500
8:39:22,29.5,32.9,36.8,32.1,51,1855,3486
8:40:22,29.5,32.8,36.7,32.0,51,1884,3494
8:41:22,29.4,32.9,36.8,32.1,51,1884,3510
8:42:22,29.4,32.9,36.7,32.1,51,1884,3497
8:43:22,29.5,32.8,36.8,32.1,51,1884,3510
8:44:22,29.5,32.9,36.8,32.1,51,1916,3494
8:45:23,29.4,32.8,36.7,32.2,51,1916,3510
8:46:23,29.4,32.9,36.7,32.1,51,1916,3489
8:47:23,29.5,32.9,36.8,32.2,51,1916,3510
8:48:23,29.5,32.9,36.8,32.1,51,1937,3497
8:49:23,29.4,32.9,36.8,32.1,51,1937,3521
8:50:23,29.5,32.9,36.8,32.1,50,1937,3505
8:51:23,29.6,32.9,36.8,32.3,51,1973,3508
8:52:24,29.6,32.9,36.1,31.8,51,1916,3500
8:53:24,29.4,32.9,36.5,31.7,50,1855,3510
8:54:24,29.3,33.0,36.7,31.5,51,1855,3502
8:55:24,29.2,33.0,36.7,31.3,51,1855,3521
8:56:24,29.2,33.0,36.7,31.3,51,1835,3486
8:57:24,29.2,33.0,36.6,31.2,51,1835,3500
8:58:25,29.2,33.1,36.7,31.3,51,1835,3502
8:59:25,29.1,33.0,36.7,31.2,51,1835,3500
9:0:25,29.2,33.1,36.6,31.1,51,1835,3491
9:1:25,29.1,33.0,36.7,31.1,51,1835,3502
9:2:25,29.2,33.0,36.7,31.2,51,1810,3486
9:3:26,29.2,33.1,36.7,31.1,51,1810,3500
9:4:26,29.1,33.1,36.6,31.1,51,1776,3497
9:5:26,29.1,33.0,36.7,31.2,51,1776,3513
9:6:26,29.0,33.1,36.7,31.1,51,1759,3508
9:7:26,29.1,33.0,36.6,31.2,51,1759,3491
9:8:27,29.0,33.0,36.7,31.1,51,1776,3508
9:9:27,29.0,33.0,36.6,31.1,51,1759,3500
9:10:27,29.0,33.0,36.5,31.0,51,1759,3505
9:11:27,29.0,33.1,36.5,31.1,51,1759,3500
9:12:27,29.2,33.0,36.6,31.1,51,1759,3513
9:13:28,29.0,33.1,36.5,31.1,51,1735,3505
9:14:28,29.0,33.0,36.7,31.1,51,1735,3510
9:15:28,29.0,33.1,36.7,31.1,51,1735,3502
9:16:28,29.0,33.0,36.6,31.0,51,1735,3500
9:17:28,29.1,33.0,36.7,31.1,51,1711,3497
9:18:29,29.1,33.0,36.6,31.1,51,1711,3486
9:19:29,29.1,33.0,36.6,31.1,51,1711,3497
9:20:29,29.1,33.0,36.6,31.1,50,1711,3500
9:21:29,29.0,33.0,36.6,31.1,51,1711,3505
9:22:29,29.0,33.1,36.6,31.1,51,1711,3508
9:23:30,29.0,33.0,36.6,31.1,51,1678,3497
9:24:30,28.9,32.9,36.6,31.2,50,1678,3500
9:25:30,29.0,32.9,36.7,31.1,51,1659,3508
9:26:30,29.0,32.9,36.7,31.0,50,1678,3505
9:27:30,28.9,33.0,36.7,31.1,50,1678,3502
9:28:31,28.9,32.9,36.6,31.2,50,1678,3508
9:29:31,29.0,32.9,36.8,31.2,51,1659,3502
9:30:31,29.1,33.0,36.7,31.1,51,1678,3502
9:31:31,29.0,32.9,36.7,31.1,50,1659,3508
9:32:32,29.0,32.9,36.8,31.2,51,1659,3500
9:33:32,29.0,33.0,36.6,31.1,51,1659,3508
9:34:32,29.0,32.8,36.1,31.1,50,1659,3494
9:35:32,29.7,32.7,36.6,32.0,50,1678,3505
9:36:32,30.3,32.7,36.8,32.9,51,1776,3500
9:37:32,30.8,32.8,36.9,33.6,52,1855,3500
9:38:33,31.3,32.8,37.2,34.1,52,1937,3510
9:39:33,31.6,32.9,37.2,34.5,52,2029,3494
9:40:33,31.9,33.0,37.4,34.7,52,2134,3500
9:41:32,32.1,33.0,37.4,35.0,52,2195,3494
9:42:32,32.3,33.1,37.5,35.2,52,2265,3494
9:43:32,32.6,33.1,37.6,35.4,52,2324,3486
9:44:32,32.7,33.3,37.6,35.5,51,2401,3486
9:45:32,32.9,33.4,37.7,35.7,51,2466,3497
9:46:32,32.9,33.6,37.3,35.2,51,2466,3502
9:47:32,32.8,35.1,36.6,33.7,51,2353,3516
9:48:32,32.8,36.3,36.1,32.6,50,2265,3494
9:49:32,32.6,36.7,35.8,31.9,50,2195,3510
9:50:32,32.6,36.9,35.7,31.4,50,2162,3500
9:51:32,32.6,36.8,35.5,31.0,50,2096,3472
9:52:32,32.1,36.0,34.3,30.6,49,1937,3521
9:53:32,31.8,35.0,33.0,30.4,48,1759,3508
9:54:32,31.3,34.3,31.8,29.8,48,1574,3508
9:55:32,30.8,33.6,30.7,29.3,48,1425,3521
9:56:33,30.3,33.0,29.9,28.9,48,1288,3497
9:57:33,29.6,32.3,29.0,28.3,49,1181,3508
9:58:34,29.3,31.8,28.5,27.8,49,1062,3510
9:59:34,28.6,31.3,27.8,27.4,50,981,3519
10:0:35,28.2,30.7,27.4,26.8,51,902,3497
10:1:36,27.7,30.3,26.8,26.4,51,830,3508
10:2:37,27.3,29.7,26.4,26.1,52,744,3472
10:3:37,26.8,29.3,26.1,25.7,52,700,3497
10:4:38,26.5,29.0,25.6,25.4,53,652,3502
10:5:39,26.0,28.5,25.3,25.0,53,607,3491
10:6:40,25.7,28.2,25.0,24.8,54,574,3486
10:7:41,25.4,27.8,24.8,24.5,55,540,3502
10:8:42,25.1,27.6,24.5,24.3,56,508,3494
10:9:44,24.9,27.3,24.3,24.1,56,482,3489
10:10:45,24.7,27.0,24.2,23.9,56,452,3483
10:11:46,24.4,26.8,23.9,23.6,57,434,3489
10:12:47,24.2,26.7,23.8,23.4,58,417,3486
10:13:48,24.0,26.3,23.5,23.3,58,400,3494
10:14:50,23.7,26.1,23.4,23.0,59,400,3489
10:15:51,23.6,26.0,23.1,23.0,59,400,3478
10:16:52,23.4,25.7,23.0,22.8,60,400,3486
10:17:54,23.2,25.5,23.0,22.5,60,400,3464
10:18:55,23.0,25.4,22.9,22.5,60,400,3475
10:19:56,22.9,25.3,22.9,22.5,61,400,3483
10:20:58,22.8,25.0,22.8,22.5,61,400,3475
10:21:59,22.7,25.0,22.8,22.4,62,400,3475
10:23:0,22.5,24.9,22.5,22.3,62,400,3467
10:24:2,22.5,24.6,22.7,22.2,62,400,3469
10:25:3,23.4,23.8,24.0,28.2,62,442,3480
10:26:4,24.6,23.5,25.0,31.5,66,529,3478
10:27:5,25.6,23.6,26.1,32.9,69,620,3478
10:28:6,26.5,23.9,27.1,33.5,71,717,3461
10:29:7,27.2,24.4,28.0,34.2,72,821,3489
10:30:8,27.8,24.9,28.7,34.6,72,923,3486
10:31:8,28.5,25.4,29.3,35.0,73,1041,3472
10:32:9,28.9,25.7,29.7,35.2,73,1159,3480
10:33:9,29.4,26.0,30.1,35.4,73,1277,3489
10:34:10,29.9,26.5,30.4,35.7,72,1389,3475
10:35:10,30.2,26.8,30.8,35.9,72,1521,3480
10:36:11,30.6,27.2,31.1,36.1,72,1650,3475
10:37:11,30.9,27.4,31.4,36.1,72,1773,3475
10:38:11,31.2,27.9,31.6,36.2,71,1879,3500
10:39:11,31.6,28.1,31.8,36.4,70,2056,3486
10:40:11,31.7,28.3,32.2,36.5,70,2162,3486
10:41:12,31.9,28.5,32.4,36.6,70,2291,3475
10:42:12,32.1,28.7,32.4,36.6,68,2421,3478
10:43:12,32.1,28.8,32.6,36.6,68,2530,3489
10:44:12,32.5,29.0,32.8,36.8,67,2683,3486
10:45:12,32.5,29.3,32.9,36.8,67,2760,3489
10:46:12,32.7,29.5,32.9,36.9,67,2888,3491
10:47:12,32.7,29.5,33.2,36.9,66,2979,3505
10:48:12,32.9,29.6,33.3,37.0,66,3065,3489
10:49:12,33.0,29.7,33.5,37.0,65,3203,3500
10:50:12,33.0,29.8,33.4,37.1,65,3287,3500
10:51:12,33.0,29.9,33.5,37.1,64,3356,3505
10:52:12,33.1,30.0,33.6,37.2,64,3443,3500
10:53:12,33.3,30.1,33.6,37.1,64,3563,3502
10:54:12,33.3,30.1,33.7,37.1,63,3639,3497
10:55:12,33.3,30.3,33.8,37.0,63,3734,3497
10:56:12,33.3,30.3,34.0,37.1,63,3854,3497
10:57:12,33.5,30.4,33.8,37.2,62,3913,3491
10:58:12,33.5,30.4,34.0,37.2,62,3959,3491
10:59:12,33.6,30.5,34.0,37.3,62,3959,3500
11:0:12,33.5,30.6,34.1,37.0,61,4037,3500
11:1:12,33.6,30.6,34.1,37.3,61,4186,3483
11:2:11,33.5,30.6,34.2,37.4,61,4186,3494
11:3:11,33.5,30.6,34.2,37.4,61,4250,3505
11:4:11,33.5,30.5,34.1,37.5,60,4250,3497
11:5:11,33.2,30.7,34.2,36.9,60,4323,3494
11:6:11,32.5,30.6,33.8,36.4,60,4106,3486
11:7:11,33.4,30.4,33.3,36.9,58,4186,3489
11:8:11,33.9,30.6,33.0,37.3,58,4250,3500
11:9:11,34.1,30.5,33.0,37.3,58,4250,3494
11:10:11,34.6,30.5,32.8,37.5,58,4250,3500
11:11:11,34.7,30.5,32.9,37.5,58,4323,3500
11:12:11,34.9,30.6,32.8,37.5,58,4323,3505
11:13:10,35.0,30.6,32.7,37.5,58,4402,3502
11:14:10,35.2,30.5,32.8,37.4,57,4402,3505
11:15:10,35.1,30.6,32.8,37.5,57,4402,3486
11:16:10,35.1,30.5,32.8,37.4,57,4402,3502
11:17:10,35.1,30.7,32.8,37.6,56,4402,3500
11:18:10,35.2,30.4,32.8,37.6,56,4402,3510
11:19:10,35.2,30.7,32.9,37.5,56,4402,3494
11:20:10,35.2,30.6,32.8,37.6,56,4402,3510
11:21:9,35.2,30.5,32.9,37.4,56,4402,3486
11:22:9,35.2,30.7,32.8,37.3,56,4402,3494
11:23:9,35.2,30.8,32.9,37.5,56,4402,3483
11:24:9,35.1,30.6,32.9,37.6,55,4402,3500
11:25:9,35.2,30.7,32.9,37.5,55,4402,3502
11:26:9,35.2,30.8,33.0,37.5,55,4402,3486
11:27:8,35.2,30.8,33.1,37.4,55,4402,3502
11:28:8,35.2,30.7,33.0,37.5,55,4402,3508
11:29:8,35.2,30.7,33.0,37.5,55,4402,3505
11:30:8,35.3,30.8,33.0,37.5,54,4402,3502
11:31:8,35.3,30.8,33.0,37.6,54,4402,3500
11:32:8,35.3,30.9,33.1,37.5,55,4402,3513
11:33:8,35.3,30.8,33.0,37.5,54,4402,3521
11:34:7,35.5,30.8,33.1,37.6,54,4402,3500
11:35:7,35.4,30.8,33.1,37.5,54,4402,3497
11:36:7,35.5,30.8,33.2,37.4,54,4402,3510
11:37:7,35.4,30.8,33.1,37.4,54,4323,3489
11:38:7,35.4,30.7,33.0,37.5,54,4323,3494
11:39:7,35.4,30.8,33.1,37.4,54,4402,3502
11:40:6,35.5,30.8,33.1,37.5,54,4402,3494
11:41:6,35.5,30.9,33.1,37.7,54,4402,3494
11:42:6,35.4,31.0,33.2,37.6,54,4402,3486
11:43:6,35.6,30.8,33.2,37.5,54,4402,3502
11:44:6,35.5,30.8,33.3,37.5,53,4402,3516
11:45:6,35.5,30.9,33.2,37.5,53,4323,3497
11:46:5,35.5,30.8,33.2,37.6,53,4402,3494
11:47:5,35.5,30.9,33.2,37.6,54,4323,3505
11:48:5,35.4,30.8,33.3,37.5,54,4323,3510
11:49:5,35.5,31.0,33.2,37.6,53,4402,3483
11:50:5,35.5,30.9,33.2,37.6,53,4323,3500
11:51:5,35.5,30.9,33.3,37.5,53,4323,3491
11:52:4,35.5,30.9,33.3,37.4,53,4323,3491
11:53:4,35.5,30.9,33.2,37.6,53,4323,3513
11:54:4,35.5,30.8,33.3,37.6,53,4323,3497
11:55:4,35.5,31.0,33.3,37.5,53,4250,3486
11:56:4,35.6,30.8,33.3,37.5,53,4250,3505
11:57:4,35.5,31.1,33.2,37.5,53,4250,3500
11:58:3,35.6,30.9,33.2,37.6,53,4250,3491
11:59:3,35.5,30.9,33.3,37.6,53,4250,3486
12:0:3,35.1,30.9,33.3,36.9,53,4250,3494
12:1:3,34.0,30.8,33.6,37.2,53,4106,3500
12:2:3,33.5,30.7,33.6,37.5,53,3959,3500
12:3:3,33.4,30.5,33.7,37.6,53,3913,3516
12:4:3,33.2,30.3,33.9,37.7,53,3854,3510
12:5:3,32.9,30.4,33.8,37.5,53,3802,3500
12:6:3,32.9,30.3,33.9,37.5,53,3734,3486
12:7:3,32.8,30.1,33.7,37.4,53,3681,3513
12:8:3,32.6,30.1,33.8,37.5,53,3639,3489
12:9:3,32.6,30.1,33.7,37.4,53,3563,3508
12:10:3,32.4,30.1,33.6,37.5,53,3515,3500
12:11:3,32.4,30.0,33.7,37.4,53,3443,3513
12:12:3,32.4,30.0,33.6,37.3,54,3403,3502
12:13:3,32.2,30.0,33.6,37.3,54,3356,3502
12:14:3,32.1,29.8,33.6,37.3,54,3287,3516
12:15:3,32.2,29.8,33.6,37.3,54,3249,3508
12:16:3,32.2,29.8,33.6,37.3,54,3249,3497
12:17:3,32.2,29.7,33.6,37.3,54,3203,3510
12:18:3,32.1,29.6,33.6,37.2,54,3203,3497
12:19:3,31.9,29.7,33.5,37.2,54,3167,3505
12:20:3,32.0,29.7,33.6,37.3,54,3167,3505
12:21:3,32.1,29.8,33.6,37.4,54,3104,3486
12:22:3,32.0,29.7,33.5,37.1,54,3104,3486
12:23:3,31.9,29.6,33.5,37.0,54,3104,3497
12:24:3,31.9,29.6,33.4,37.0,54,3065,3486
12:25:3,31.9,29.6,33.5,37.0,54,3023,3489
12:26:4,31.9,29.7,33.3,37.2,55,3023,3486
12:27:4,31.9,29.7,33.4,37.3,55,3023,3480
12:28:4,31.8,29.5,33.5,37.2,54,3023,3505
12:29:4,31.9,29.5,33.5,37.2,55,2979,3489
12:30:4,31.9,29.5,33.4,37.1,54,2929,3497
12:31:4,32.0,29.6,33.4,37.0,55,2929,3502
12:32:4,31.9,29.6,33.5,37.2,55,2929,3500
12:33:4,31.9,29.5,33.5,37.1,55,2888,3491
12:34:4,31.9,29.6,33.5,37.0,55,2888,3508
12:35:4,31.8,29.5,33.4,37.0,55,2839,3508
12:36:4,31.8,29.5,33.5,37.0,55,2839,3491
12:37:4,31.8,29.5,33.4,37.0,54,2839,3491
12:38:4,31.9,29.4,33.5,36.9,55,2793,3508
12:39:5,31.8,29.5,33.4,37.0,55,2793,3505
12:40:5,31.8,29.5,33.4,36.9,55,2793,3510
12:41:5,31.8,29.6,33.4,37.0,55,2793,3497
12:42:5,31.8,29.5,33.4,37.0,55,2793,3497
12:43:5,31.8,29.5,33.4,37.0,55,2760,3491
12:44:5,31.8,29.4,33.4,37.1,55,2760,3510
12:45:5,31.8,29.6,33.5,37.0,54,2710,3500
12:46:5,31.8,29.5,33.4,37.1,55,2760,3486
12:47:5,31.8,29.5,33.5,37.1,55,2760,3497
12:48:5,31.8,29.5,33.4,37.2,55,2710,3494
12:49:5,31.8,29.5,33.4,37.0,55,2710,3502
12:50:5,31.8,29.4,33.5,37.0,55,2710,3502
12:51:5,31.8,29.6,33.5,37.2,55,2710,3486
12:52:6,31.8,29.5,33.6,37.2,55,2683,3500
12:53:6,31.8,29.5,33.5,37.3,55,2683,3505
12:54:6,31.8,29.6,33.5,37.3,55,2683,3502
12:55:6,31.9,29.4,33.5,37.2,55,2683,3491
12:56:6,31.8,29.6,33.6,37.3,55,2683,3510
12:57:6,31.9,29.6,33.5,37.1,55,2683,3510
12:58:6,31.8,29.5,33.5,37.1,55,2710,3510
12:59:6,31.8,29.5,33.6,37.1,55,2683,3505
13:0:6,31.8,29.6,33.6,37.3,55,2632,3508
13:1:6,31.9,29.6,33.5,37.3,55,2632,3497
13:2:6,31.8,29.6,33.6,37.1,55,2683,3497
13:3:6,31.9,29.6,33.6,37.4,55,2632,3510
13:4:6,31.8,29.5,33.5,37.2,55,2632,3500
13:5:7,31.8,29.6,33.5,37.3,54,2632,3475
13:6:7,31.9,29.5,33.6,37.2,54,2632,3500
13:7:7,31.8,29.6,33.5,37.4,54,2632,3489
13:8:7,31.9,29.6,33.5,37.3,55,2632,3494
13:9:7,31.9,29.6,33.6,37.5,55,2632,3497
13:10:7,32.0,31.2,32.8,35.4,55,2683,3500
13:11:7,32.9,33.5,32.0,33.9,55,2710,3505
13:12:7,33.6,34.7,31.6,33.0,56,2793,3491
13:13:7,34.3,35.1,31.3,32.4,56,2839,3497
13:14:7,34.6,35.5,31.1,31.9,56,2888,3500
13:15:7,34.6,35.7,31.2,31.6,56,2929,3491
13:16:7,35.0,35.9,31.1,31.5,55,2929,3510
13:17:7,35.1,35.9,31.0,31.4,55,2979,3505
13:18:7,35.2,35.9,31.0,31.2,55,2929,3502
13:19:7,35.1,35.9,31.1,31.1,54,2979,3500
13:20:7,35.1,35.9,31.0,31.1,54,2979,3494
13:21:7,35.3,35.8,31.1,31.1,54,3023,3494
13:22:7,35.2,35.8,31.1,31.1,54,2979,3502
13:23:7,35.2,35.9,31.1,31.0,54,2979,3494
13:24:7,35.2,35.9,31.1,31.0,53,2979,3486
13:25:7,35.3,36.0,31.2,31.0,53,2979,3510
13:26:7,35.2,36.0,31.1,31.1,53,2979,3505
13:27:7,35.2,36.1,31.2,31.1,53,2979,3486
13:28:7,35.1,35.9,31.2,31.0,53,2979,3508
13:29:7,35.3,36.0,31.2,31.0,52,2979,3497
13:30:7,35.3,36.0,31.2,31.0,52,2979,3491
13:31:7,35.4,36.0,31.3,31.1,52,2979,3491
13:32:7,35.3,36.0,31.3,31.0,52,2979,3502
13:33:7,35.2,36.1,31.4,31.1,52,2979,3505
13:34:7,35.3,36.0,31.3,31.1,52,2979,3489
13:35:7,35.3,36.1,31.3,31.0,52,2979,3502
13:36:7,35.2,35.9,31.4,31.0,52,2979,3494
13:37:7,35.2,35.9,31.3,30.9,52,2979,3510
13:38:7,35.2,36.1,31.4,31.1,52,2979,3475
13:39:7,35.0,35.1,31.1,31.3,52,2929,3502
13:40:7,35.1,34.6,30.9,31.9,51,2929,3480
13:41:7,35.5,34.5,30.8,32.3,52,2979,3502
13:42:7,35.7,34.4,30.6,32.6,52,2979,3497
13:43:7,35.8,34.2,30.5,32.7,52,2979,3513
13:44:7,35.9,34.3,30.6,32.9,53,3023,3491
13:45:7,36.0,34.2,30.6,32.9,53,3065,3486
13:46:7,36.0,34.3,30.5,33.0,52,3065,3486
13:47:7,36.0,34.4,30.7,33.0,53,3065,3480
13:48:6,36.0,34.3,30.5,33.1,52,3104,3489
13:49:6,36.0,34.4,30.5,33.1,53,3065,3505
13:50:6,36.1,34.4,30.3,33.1,52,3065,3508
13:51:6,36.0,34.5,30.4,33.3,52,3065,3500
13:52:6,36.1,34.5,30.4,33.2,52,3104,3505
13:53:6,36.0,34.5,30.5,33.2,52,3104,3502
13:54:6,36.1,34.5,30.4,33.4,52,3104,3486
13:55:6,36.1,34.7,30.5,33.2,52,3104,3494
13:56:6,36.0,34.7,30.5,33.2,52,3104,3500
13:57:6,36.1,34.7,30.5,33.2,52,3104,3505
13:58:6,36.0,34.6,30.5,33.2,52,3104,3494
13:59:6,36.1,34.6,30.5,33.3,52,3104,3502
14:0:6,36.0,34.3,30.4,33.3,52,3104,3494
14:1:6,35.9,34.5,30.5,33.1,52,3104,3505
14:2:5,36.0,34.3,30.5,33.2,52,3104,3500
14:3:5,36.0,34.4,30.5,33.2,52,3104,3489
14:4:5,36.1,34.5,30.5,33.2,52,3104,3494
14:5:5,36.1,34.7,30.4,33.2,52,3104,3502
14:6:5,36.1,34.6,30.6,33.2,52,3104,3486
14:7:5,36.0,34.5,30.4,33.1,52,3104,3494
14:8:5,36.0,34.6,30.5,33.2,52,3104,3489
14:9:5,36.0,34.6,30.4,33.1,52,3104,3494
14:10:5,36.1,34.6,30.5,33.2,52,3065,3510
14:11:5,36.1,34.6,30.5,33.1,52,3104,3505
14:12:5,35.9,34.6,30.5,33.0,52,3104,3500
14:13:5,35.9,34.5,30.5,33.2,52,3065,3494
14:14:5,36.1,34.6,30.4,33.3,52,3104,3486
14:15:5,36.1,34.6,30.5,33.1,52,3065,3500
14:16:4,36.0,34.7,30.4,33.2,51,3104,3486
14:17:4,36.1,34.6,30.4,33.1,52,3065,3491
14:18:4,36.0,34.6,30.4,33.2,52,3065,3491
14:19:4,36.0,34.6,30.4,33.2,51,3065,3521
14:20:4,36.1,34.7,30.6,33.2,52,3104,3508
14:21:4,36.0,34.6,30.6,33.1,52,3104,3505
14:22:4,36.0,34.6,30.5,33.2,52,3104,3502
14:23:4,36.0,34.6,30.5,33.3,51,3104,3491
14:24:4,36.0,34.6,30.5,33.2,52,3065,3500
14:25:4,35.9,34.7,30.6,33.3,51,3065,3510
14:26:4,35.9,34.6,30.5,33.1,51,3065,3497
14:27:4,35.8,34.4,30.5,33.1,52,3065,3502
14:28:4,36.0,34.6,30.5,33.2,52,3065,3510
14:29:4,36.0,34.6,30.5,33.2,51,3065,3475
14:30:4,36.0,34.5,30.5,33.2,51,3065,3489
14:31:3,35.9,34.5,30.6,33.3,51,3065,3489
14:32:3,36.0,34.7,30.5,33.1,52,3065,3500
14:33:3,35.9,34.6,30.5,33.2,51,3065,3486
14:34:3,36.0,34.7,30.5,33.2,51,3065,3489
14:35:3,35.9,34.6,30.6,33.1,51,3065,3500
14:36:3,35.8,34.5,30.7,33.1,51,3023,3500
14:37:3,34.9,33.7,31.1,33.0,51,2929,3510
14:38:3,33.6,33.8,33.5,32.9,51,2888,3494
14:39:3,32.8,33.9,34.6,32.8,52,2839,3500
14:40:3,32.2,34.0,35.3,32.7,52,2839,3497
14:41:3,31.7,34.1,36.0,32.8,51,2760,3494
14:42:3,31.3,34.1,36.1,32.8,50,2760,3497
14:43:3,31.1,34.2,36.1,32.7,50,2710,3486
14:44:3,31.0,34.2,36.2,32.7,50,2710,3491
14:45:3,31.0,34.3,36.2,32.8,50,2683,3494
14:46:4,30.7,34.1,36.2,32.6,50,2683,3510
14:47:4,30.7,34.2,36.2,32.7,50,2632,3489
14:48:4,30.6,34.2,36.3,32.6,50,2632,3510
14:49:4,30.6,34.3,36.2,32.6,50,2632,3475
14:50:4,30.5,34.3,36.2,32.6,50,2598,3510
14:51:4,30.6,34.1,36.2,32.6,50,2598,3521
14:52:4,30.4,34.2,36.3,32.6,50,2598,3486
14:53:4,30.5,34.4,36.3,32.6,50,2568,3508
14:54:4,30.5,34.2,36.2,32.6,50,2530,3500
14:55:4,30.4,34.3,36.2,32.6,50,2530,3502
14:56:5,30.4,34.3,36.2,32.7,50,2568,3497
14:57:5,30.4,34.3,36.2,32.6,50,2568,3497
14:58:5,30.3,34.4,36.3,32.4,51,2530,3502
14:59:5,30.4,34.4,36.3,32.6,50,2530,3486
15:0:5,30.4,34.4,36.2,32.5,50,2530,3494
15:1:5,30.4,34.5,36.2,32.5,51,2530,3486
15:2:5,30.4,34.5,36.0,32.5,50,2530,3510
15:3:5,30.3,34.4,36.0,32.5,50,2489,3497
15:4:5,30.5,34.3,36.2,32.5,50,2530,3510
15:5:6,30.4,34.2,36.4,32.5,51,2489,3497
15:6:6,30.4,34.3,36.2,32.6,51,2489,3491
15:7:6,30.3,34.4,36.2,32.5,50,2489,3502
15:8:6,30.4,34.5,36.3,32.6,51,2530,3500
15:9:6,30.4,34.4,36.2,32.5,51,2461,3505
15:10:6,30.4,34.4,36.3,32.5,51,2489,3508
15:11:6,30.4,34.3,36.3,32.5,51,2489,3497
15:12:6,30.4,34.4,36.5,32.5,51,2461,3510
15:13:6,30.4,34.3,36.4,32.5,51,2489,3494
15:14:7,30.3,34.4,36.4,32.5,51,2461,3500
15:15:7,30.3,34.4,36.3,32.5,51,2461,3510
15:16:7,30.4,34.4,36.3,32.6,50,2461,3486
15:17:7,30.3,34.4,36.3,32.6,51,2461,3491
15:18:7,30.3,34.3,36.2,32.5,51,2461,3510
15:19:7,30.4,34.3,36.3,32.5,51,2461,3500
15:20:7,30.4,34.3,36.4,32.5,51,2461,3494
15:21:7,30.3,34.4,36.2,32.5,51,2461,3502
15:22:7,30.4,34.3,36.3,32.6,51,2421,3483
15:23:8,30.3,34.2,36.4,32.6,51,2461,3491
15:24:8,30.4,34.3,36.4,32.5,51,2421,3500
15:25:8,30.4,34.2,36.3,32.5,51,2461,3513
15:26:8,30.3,34.2,36.1,32.5,51,2421,3502
15:27:8,30.3,34.3,36.2,32.5,51,2461,3500
15:28:8,30.3,34.4,36.2,32.5,51,2421,3486
15:29:8,30.4,34.3,36.1,32.6,51,2421,3491
15:30:8,30.4,33.5,35.8,32.8,51,2421,3505
15:31:8,30.6,32.6,36.1,33.2,51,2461,3491
15:32:9,30.4,32.4,36.6,33.6,51,2461,3513
15:33:9,30.4,32.3,36.7,33.8,52,2489,3521
15:34:9,30.6,32.2,36.8,34.0,53,2489,3510
15:35:9,30.5,32.1,36.8,34.1,53,2530,3502
15:36:9,30.5,32.3,36.9,34.4,54,2568,3500
15:37:9,30.7,32.2,36.8,34.3,54,2598,3527
15:38:9,30.7,32.3,36.8,34.3,54,2632,3513
15:39:9,30.7,32.3,36.8,34.4,54,2683,3502
15:40:9,30.7,32.3,37.0,34.5,54,2683,3502
15:41:9,30.8,32.3,36.7,34.5,54,2683,3505
15:42:9,30.8,32.3,36.8,34.4,54,2710,3508
15:43:9,30.8,32.4,36.8,34.6,54,2760,3524
15:44:9,30.8,32.5,36.8,34.6,54,2760,3505
15:45:9,30.8,32.3,36.8,34.6,54,2793,3513
15:46:9,30.8,32.5,36.9,34.6,54,2793,3494
15:47:10,31.0,32.5,36.9,34.7,54,2839,3505
15:48:10,31.0,32.5,36.9,34.7,54,2839,3494
15:49:10,30.9,32.6,36.8,34.6,54,2888,3508
15:50:10,31.0,32.6,36.8,34.7,54,2888,3500
15:51:10,31.0,32.6,37.0,34.6,54,2888,3502
15:52:10,31.0,32.7,37.0,34.7,54,2929,3521
15:53:10,31.1,32.7,36.8,34.7,54,2979,3500
15:54:10,31.1,32.8,37.0,34.8,54,2979,3505
15:55:10,31.0,32.8,37.0,34.8,54,2979,3502
15:56:10,31.1,32.8,37.0,34.8,54,3023,3502
15:57:10,31.1,32.7,37.0,34.7,54,3023,3516
15:58:10,31.1,32.8,37.0,34.8,54,3065,3516
15:59:10,31.2,32.9,37.2,34.6,54,3065,3497
16:0:10,31.2,32.7,37.0,34.8,54,3104,3497
16:1:10,31.2,32.9,37.0,34.7,54,3104,3497
16:2:10,31.2,32.9,37.1,34.8,54,3167,3494
16:3:10,31.2,32.9,37.1,34.8,53,3167,3505
16:4:10,31.2,32.9,37.0,34.8,53,3167,3505
16:5:10,31.3,33.0,37.0,35.0,54,3167,3521
16:6:10,31.3,32.9,37.2,35.0,53,3203,3505
16:7:10,31.3,33.0,37.3,34.9,53,3203,3502
16:8:10,31.2,33.0,37.1,34.8,53,3203,3502
16:9:10,31.2,33.0,37.0,35.0,53,3249,3519
16:10:10,31.3,33.0,37.2,35.0,53,3249,3516
16:11:10,31.3,33.0,37.2,34.9,54,3249,3505
16:12:10,31.3,33.0,37.2,35.0,53,3287,3519
16:13:10,31.4,33.1,37.2,34.9,53,3287,3505
16:14:10,31.4,33.1,37.2,34.9,53,3287,3497
16:15:10,31.4,33.2,37.1,34.9,53,3356,3510
16:16:10,31.4,33.1,37.2,35.0,54,3356,3508
16:17:10,31.3,33.1,37.2,34.9,53,3356,3502
16:18:9,31.5,33.2,37.0,35.2,53,3403,3480
16:19:9,31.9,33.5,36.5,36.2,53,3443,3502
16:20:9,32.5,33.7,36.4,36.9,53,3734,3516
16:21:9,33.2,34.1,36.3,37.4,54,3959,3510
16:22:9,33.7,34.2,36.4,37.7,54,4186,3513
16:23:9,34.2,34.3,36.4,37.8,55,4402,3513
16:24:8,34.5,34.5,36.6,38.0,54,4530,3510
16:25:8,34.6,34.7,36.8,38.1,54,4761,3519
16:26:8,34.8,35.0,36.8,38.1,54,5001,3502
16:27:7,35.0,35.2,36.7,38.1,54,5177,3497
16:28:7,35.2,35.2,36.9,38.2,53,5277,3489
16:29:7,35.3,35.4,37.0,38.3,53,5550,3494
16:30:6,35.6,35.4,37.2,38.3,53,5550,3521
16:31:6,35.5,35.6,37.3,38.3,53,5723,3497
16:32:6,35.6,35.6,37.1,38.4,53,5860,3497
16:33:5,35.7,35.7,37.2,38.4,52,5957,3510
16:34:5,35.8,35.6,37.3,38.5,52,6081,3508
16:35:4,35.9,35.8,37.2,38.4,52,6273,3505
16:36:4,35.9,35.7,37.3,38.4,52,6424,3513
16:37:3,36.0,35.8,37.3,38.4,52,6516,3513
16:38:3,36.0,35.9,37.3,38.5,52,6516,3513
16:39:3,36.2,36.0,37.3,38.6,52,6610,3513
16:40:2,36.2,36.1,37.3,38.5,52,6745,3491
16:41:2,36.2,36.1,37.4,38.6,51,6842,3491
16:42:1,36.3,36.2,37.5,38.6,51,7011,3510
16:43:1,36.3,36.2,37.4,38.6,51,7011,3502
16:44:0,36.3,36.1,37.4,38.5,51,7126,3500
16:45:0,36.3,36.2,37.5,38.6,51,7236,3516
16:45:59,36.4,36.1,37.4,38.6,51,7236,3508
16:46:59,36.2,36.2,37.5,38.6,51,7405,3510
16:47:59,36.3,36.1,37.5,38.6,51,7405,3516
16:48:58,36.4,36.0,37.5,38.6,51,7510,3502
16:49:58,36.2,36.1,37.5,38.5,51,7510,3502
16:50:57,36.2,36.2,37.5,38.7,51,7510,3510
16:51:57,36.3,36.1,37.6,38.6,51,7685,3502
16:52:56,36.2,36.2,37.5,38.6,51,7685,3497
16:53:56,36.3,36.2,37.4,38.7,51,7820,3502
16:54:55,36.4,36.0,37.5,38.6,51,7820,3510
16:55:55,36.2,36.1,37.5,38.7,51,7820,3516
16:56:54,36.3,36.2,37.6,38.6,51,7820,3500
16:57:54,36.5,36.2,37.5,38.6,51,7961,3508
16:58:54,36.5,36.4,37.4,38.8,50,7961,3497
16:59:53,36.3,36.3,37.5,38.6,51,7992,3500
17:0:53,36.4,36.3,37.6,38.7,50,7985,3500
17:1:52,36.2,36.3,37.5,38.6,50,7985,3510
17:2:52,36.5,36.4,37.5,38.6,50,7992,3505
17:3:51,36.5,36.3,37.5,38.6,50,7985,3505
17:4:51,36.5,36.3,37.6,38.7,50,7985,3500
17:5:50,36.4,36.2,37.6,38.7,50,7985,3491
17:6:50,36.4,36.1,37.6,38.7,50,7985,3505
17:7:49,36.2,35.4,37.3,37.8,50,7761,3505
17:8:49,35.5,35.0,37.7,37.6,49,7229,3500
17:9:49,34.9,34.6,38.0,37.5,48,6680,3508
17:10:48,34.5,34.4,38.1,37.3,48,6455,3510
17:11:48,34.1,34.2,38.2,37.0,48,6129,3502
17:12:48,33.8,34.1,38.2,37.3,48,5940,3497
17:13:48,33.6,33.9,38.2,37.0,48,5826,3521
17:14:47,33.4,33.8,38.2,37.0,48,5599,3508
17:15:47,33.3,33.7,38.2,37.0,48,5425,3497
17:16:47,33.1,33.5,38.1,36.8,49,5337,3510
17:17:47,33.0,33.4,38.0,36.8,49,5247,3500
17:18:47,33.1,33.5,38.0,36.8,49,5069,3500
17:19:47,32.9,33.5,38.0,36.8,49,4992,3500
17:20:46,32.9,33.3,38.0,36.7,49,4897,3524
17:21:46,32.8,33.3,38.0,36.6,49,4822,3494
17:22:46,32.8,33.2,37.9,36.6,49,4661,3513
17:23:46,32.7,33.2,37.9,36.7,49,4595,3478
17:24:46,32.9,32.7,37.1,37.4,49,4595,3508
17:25:46,33.0,32.4,36.5,37.8,50,4513,3505
17:26:46,33.1,32.1,36.3,38.1,50,4595,3494
17:27:46,33.4,32.1,36.1,38.2,51,4595,3513
17:28:45,33.4,31.9,35.9,38.1,52,4595,3510
17:29:45,33.5,31.9,35.9,38.3,52,4595,3497
17:30:45,33.5,31.8,35.8,38.2,52,4595,3502
17:31:45,33.6,31.9,35.8,38.2,53,4595,3486
17:32:45,33.6,31.9,35.9,38.2,53,4513,3500
17:33:45,33.6,31.7,35.8,38.3,53,4513,3510
17:34:45,33.7,31.8,35.8,38.3,53,4595,3502
17:35:44,33.6,31.8,35.8,38.2,53,4513,3494
17:36:44,33.6,31.7,35.7,38.4,53,4513,3516
17:37:44,33.6,31.7,35.8,38.3,53,4435,3497
17:38:44,33.7,31.7,35.7,38.3,53,4435,3500
17:39:44,33.5,31.7,35.7,37.7,53,4364,3500
17:40:44,32.9,32.4,37.3,36.9,53,4364,3521
17:41:44,32.6,32.9,37.8,36.5,53,4435,3505
17:42:43,32.6,33.5,38.1,36.2,53,4513,3500
17:43:43,32.4,33.8,38.3,36.1,53,4595,3502
17:44:43,32.2,34.1,38.3,35.9,52,4661,3508
17:45:43,32.3,34.4,38.4,36.0,52,4661,3494
17:46:43,32.2,34.5,38.5,35.9,52,4756,3508
17:47:43,32.3,34.4,38.5,35.9,52,4756,3521
17:48:42,32.3,34.5,38.3,35.9,51,4822,3500
17:49:42,32.2,34.6,38.4,35.8,51,4822,3502
17:50:42,32.3,34.6,38.4,35.9,51,4822,3505
17:51:42,32.3,34.7,38.4,35.8,52,4897,3502
17:52:42,32.3,34.7,38.5,36.0,52,4897,3497
17:53:42,32.4,34.8,38.4,35.9,51,4992,3497
17:54:41,32.3,34.8,38.5,35.9,51,4992,3516
17:55:41,32.3,34.8,38.5,35.9,52,5069,3519
17:56:41,32.3,34.7,38.6,35.9,52,5069,3513
17:57:41,32.3,34.8,38.5,35.9,52,5069,3505
17:58:41,32.4,34.8,38.5,36.0,52,5069,3502
17:59:41,32.4,34.8,38.6,36.1,52,5167,3491
18:0:40,32.7,36.0,38.0,35.6,52,5069,3516
18:1:40,33.8,37.6,37.4,35.6,51,5425,3508
18:2:40,34.6,38.3,37.0,35.5,52,5718,3508
18:3:40,35.4,38.4,36.9,35.5,52,5940,3502
18:4:39,36.0,38.6,37.0,35.7,52,6129,3491
18:5:39,36.4,38.7,37.0,35.9,51,6368,3502
18:6:38,36.8,38.9,37.0,36.1,51,6593,3500
18:7:38,37.1,39.0,37.2,36.1,51,6836,3486
18:8:38,37.2,39.1,37.3,36.3,51,6958,3505
18:9:37,37.6,39.0,37.4,36.4,50,7058,3516
18:10:37,37.6,39.1,37.5,36.8,50,7229,3500
18:11:36,37.8,39.3,37.6,36.9,50,7327,3491
18:12:36,38.0,39.3,37.7,37.0,50,7627,3505
18:13:35,38.1,39.3,37.8,37.2,50,7761,3516
18:14:35,38.2,39.3,37.9,37.2,49,7854,3521
18:15:34,38.3,39.4,38.1,37.3,49,7854,3502
18:16:33,38.2,39.6,38.0,37.3,49,7992,3500
18:17:33,38.4,39.6,38.0,37.4,49,7985,3521
18:18:32,38.4,39.5,38.1,37.5,49,7992,3505
18:19:32,38.4,39.5,38.2,37.5,49,7992,3500
18:20:31,38.5,39.7,38.2,37.6,48,7985,3505
18:21:30,38.5,39.7,38.2,37.6,48,7992,3508
18:22:30,38.5,39.7,38.3,37.5,48,7985,3524
18:23:29,38.6,39.7,38.3,37.6,48,7992,3497
18:24:29,38.5,39.7,38.4,37.6,48,7985,3510
18:25:28,38.7,39.8,38.4,37.5,48,7985,3508
18:26:27,38.6,39.8,38.4,37.6,48,7992,3521
18:27:27,38.6,39.8,38.5,37.5,48,7985,3510
18:28:26,38.6,39.9,38.4,37.7,47,7985,3505
18:29:26,38.7,39.8,38.4,37.6,47,7992,3516
18:30:25,38.7,39.8,38.6,37.8,47,7985,3502
18:31:24,38.7,39.7,38.5,37.7,47,7985,3497
18:32:24,38.7,39.8,38.6,37.8,47,7985,3505
18:33:23,38.8,39.7,38.6,37.8,47,7992,3516
18:34:23,38.8,39.7,38.6,37.8,47,7985,3510
18:35:22,38.9,39.8,38.6,37.9,47,6898,3508
18:36:21,38.8,39.9,38.6,37.9,47,7038,3519
18:37:21,38.9,39.8,38.7,37.9,47,7038,3527
18:38:20,38.9,39.9,38.6,37.9,47,7038,3510
18:39:19,38.8,39.9,38.6,38.0,47,7038,3519
18:40:19,38.8,40.0,38.6,37.8,47,7038,3524
18:41:18,38.8,39.8,38.7,37.7,46,7038,3502
18:42:18,37.7,39.1,38.1,36.5,46,6543,3508
18:43:17,36.6,38.8,38.6,35.9,45,6231,3521
18:44:17,36.1,38.3,38.6,35.4,46,5860,3527
18:45:16,35.5,38.1,38.6,35.0,46,5550,3519
18:46:16,34.9,37.8,38.4,34.7,46,5292,3513
18:47:16,34.5,37.6,38.4,34.4,46,5040,3508
18:48:15,34.3,37.3,38.2,34.3,47,4888,3497
18:49:15,34.0,37.1,38.2,34.0,47,4725,3521
18:50:15,33.6,36.8,37.9,33.9,47,4509,3508
18:51:18,33.4,36.6,37.6,33.5,48,4303,3521
18:52:15,33.5,37.7,37.8,33.6,48,4234,3502
18:53:14,33.5,38.2,38.2,33.4,48,4234,3502
18:54:14,33.5,38.3,38.1,33.3,49,4234,3521
18:55:14,33.6,38.3,38.3,33.3,49,4234,3513
18:56:14,33.6,38.3,38.1,33.3,49,4174,3505
18:57:14,33.7,38.5,37.8,33.4,49,4174,3497
18:58:14,33.8,38.5,37.7,33.3,48,4106,3516
18:59:13,33.9,38.6,37.8,33.1,48,4106,3505
19:0:13,33.9,38.8,37.9,33.1,48,4106,3502
19:1:13,33.9,38.2,38.1,33.6,48,4044,3508
19:2:13,33.7,38.2,38.4,33.8,48,4044,3532
19:3:13,33.8,37.7,38.0,34.0,48,3969,3502
19:4:12,33.4,36.0,36.0,34.2,47,3525,3500
19:5:12,33.4,34.6,34.3,34.2,45,3095,3502
19:6:12,32.9,33.2,32.9,33.9,44,2755,3513
19:7:12,32.4,32.2,31.8,33.6,44,2420,3508
19:8:13,31.8,31.2,30.6,33.0,45,2170,3497
19:9:13,31.2,30.5,29.7,32.4,45,1932,3513
19:10:13,30.6,29.7,29.1,32.0,45,1756,3505
19:11:14,30.2,29.2,28.3,31.5,46,1588,3510
19:12:14,29.5,28.7,27.6,31.0,47,1457,3521
19:13:15,29.2,28.1,27.1,30.5,47,1323,3502
19:14:15,28.6,27.7,26.8,30.1,48,1223,3500
19:15:16,28.2,27.3,26.4,29.7,48,1133,3508
19:16:17,27.8,26.9,26.0,29.4,49,1066,3494
19:17:18,27.5,26.5,25.7,28.9,49,985,3497
19:18:19,27.0,26.1,25.3,28.6,50,910,3494
19:19:20,26.7,25.8,25.1,28.3,51,855,3500
19:20:20,26.3,25.6,24.8,28.0,51,809,3510
19:21:21,26.1,25.3,24.5,27.6,52,770,3505
19:22:22,25.8,25.1,24.3,27.4,52,733,3494
19:23:24,25.5,25.0,24.1,27.2,53,695,3489
19:24:25,25.3,25.5,30.9,27.3,53,715,3500
19:25:26,25.2,26.3,33.5,27.9,56,770,3500
19:26:26,25.4,27.0,34.9,28.4,57,855,3489
19:27:27,25.8,27.8,35.5,29.2,57,929,3489
19:28:28,26.2,28.5,35.7,30.0,56,1009,3510
19:29:28,26.7,29.1,36.1,30.5,56,1109,3497
19:30:29,27.2,29.6,36.3,31.1,56,1170,3480
19:31:29,27.6,30.1,36.4,31.6,55,1281,3489
19:32:30,27.9,30.6,36.6,32.2,55,1352,3483
19:33:30,28.4,31.0,36.8,32.4,55,1438,3494
19:34:30,28.7,31.3,37.0,32.8,54,1506,3510
19:35:30,29.1,31.7,37.0,33.1,54,1549,3489
19:36:30,29.3,31.9,37.2,33.4,54,1627,3497
19:37:31,29.6,32.1,37.3,33.6,53,1706,3497
19:38:31,29.9,32.3,37.3,33.7,53,1774,3502
19:39:31,30.0,32.7,37.4,34.0,53,1816,3494
19:40:31,30.1,32.8,37.4,34.1,52,1882,3505
19:41:31,30.4,33.0,37.6,34.3,52,1932,3494
19:42:31,30.5,33.1,37.5,34.5,52,1987,3513
19:43:31,30.8,33.3,37.5,34.7,51,2033,3500
19:44:31,30.9,33.4,37.6,34.7,51,2096,3502
19:45:31,31.0,33.5,37.7,34.8,51,2122,3500
19:46:31,31.2,33.7,37.7,34.9,51,2170,3513
19:47:31,31.2,33.7,37.7,34.9,51,2205,3505
19:48:31,31.3,33.8,37.8,35.1,50,2263,3497
19:49:30,31.4,33.9,37.8,35.2,50,2263,3510
19:50:30,31.5,34.0,37.7,35.1,50,2322,3500
19:51:30,31.6,34.1,37.7,35.2,50,2322,3491
19:52:30,31.6,34.1,37.8,35.2,50,2359,3491
19:53:30,31.7,34.1,37.8,35.3,50,2420,3469
19:54:30,31.7,34.3,37.8,35.3,50,2420,3494
19:55:30,31.8,34.3,37.9,35.3,50,2456,3500
19:56:30,31.8,34.3,37.9,35.3,50,2456,3510
19:57:30,31.9,34.3,37.9,35.4,49,2487,3521
19:58:29,32.0,34.3,37.9,35.5,49,2487,3500
19:59:29,31.9,34.4,37.8,35.3,49,2511,3486
20:0:29,32.1,34.3,37.3,35.6,49,2487,3486
20:1:29,32.5,33.6,36.8,37.2,48,2487,3500
20:2:29,32.8,33.0,36.7,37.8,49,2511,3497
20:3:29,33.1,32.7,36.7,37.9,49,2556,3510
20:4:28,33.2,32.5,36.7,38.1,50,2556,3500
20:5:28,33.3,32.2,36.7,38.1,50,2584,3524
20:6:28,33.5,32.0,36.7,38.1,50,2584,3497
20:7:28,33.6,31.9,36.6,38.2,50,2584,3510
20:8:28,33.6,31.9,36.4,38.2,50,2584,3516
20:9:28,33.6,31.8,36.6,38.2,51,2618,3505
20:10:27,33.6,31.8,36.5,38.1,51,2618,3505
20:11:27,33.6,31.8,36.4,38.2,51,2618,3494
20:12:27,33.6,31.7,36.5,38.2,51,2618,3516
20:13:27,33.6,31.8,36.4,38.0,51,2618,3491
20:14:27,33.6,31.7,36.6,38.2,51,2645,3510
20:15:26,33.6,31.7,36.5,38.1,51,2618,3505
20:16:26,33.6,31.8,36.5,38.2,51,2645,3510
20:17:26,33.6,31.6,36.6,38.1,51,2645,3516
20:18:26,33.6,31.7,36.4,38.1,51,2645,3500
20:19:26,33.6,31.7,36.5,38.0,51,2645,3521
20:20:26,33.6,31.8,36.6,38.2,51,2645,3494
20:21:25,33.6,31.6,36.5,38.2,51,2645,3497
20:22:25,33.5,31.6,36.4,38.1,51,2645,3508
20:23:25,33.6,31.6,36.4,38.0,51,2645,3508
20:24:25,33.5,31.7,36.4,38.1,51,2645,3513
20:25:25,33.5,31.8,36.4,38.0,51,2645,3500
20:26:24,33.6,31.9,36.3,37.9,51,2645,3494
20:27:24,33.3,31.9,36.1,37.7,51,2645,3497
20:28:24,33.9,32.3,36.1,37.1,51,2618,3475
20:29:24,34.2,33.2,36.7,37.2,50,2694,3510
20:30:24,34.5,33.8,36.9,37.3,51,2806,3508
20:31:24,34.6,34.3,37.3,37.4,51,2903,3497
20:32:23,34.9,34.8,37.3,37.6,51,2968,3505
20:33:23,35.2,35.2,37.4,37.7,50,3057,3510
20:34:23,35.3,35.3,37.4,37.7,50,3095,3513
20:35:22,35.6,35.5,37.6,37.8,50,3185,3497
20:36:22,35.7,35.7,37.7,37.9,50,3287,3513
20:37:22,35.9,35.9,37.9,38.0,49,3378,3500
20:38:21,36.0,36.0,37.7,38.0,49,3378,3497
20:39:21,36.0,36.1,37.9,38.1,49,3473,3510
20:40:20,36.2,36.3,37.8,38.2,49,3525,3505
20:41:20,36.3,36.2,37.9,38.2,49,3579,3497
20:42:20,36.5,36.2,38.1,38.2,49,3635,3510
20:43:19,36.5,36.4,38.0,38.3,48,3635,3500
20:44:19,36.5,36.4,38.0,38.3,48,3681,3502
20:45:18,36.5,36.4,38.1,38.4,48,3751,3513
20:46:18,36.6,36.4,37.9,38.3,48,3802,3500
20:47:17,36.8,36.4,38.1,38.3,47,3802,3497
20:48:17,36.7,36.4,38.0,38.4,48,3802,3513
20:49:17,36.7,36.4,37.9,38.5,48,3850,3510
20:50:16,36.8,36.4,38.0,38.5,47,3850,3513
20:51:16,36.8,36.4,38.0,38.5,47,3850,3505
20:52:15,36.8,36.4,38.1,38.4,47,3919,3516
20:53:15,36.8,36.3,38.1,38.5,47,3969,3497
20:54:14,36.8,36.3,38.1,38.5,47,3969,3516
20:55:14,36.8,36.3,37.9,38.5,47,3969,3521
20:56:13,36.8,36.3,37.9,38.5,47,3969,3500
20:57:13,36.9,36.2,38.0,38.4,47,4044,3521
20:58:12,36.8,36.2,38.0,38.4,47,4044,3513
20:59:12,36.8,36.3,38.0,38.6,47,4044,3491
21:0:11,36.8,36.2,37.9,38.4,47,4044,3524
21:1:11,36.9,36.2,37.9,38.4,47,4044,3505
21:2:10,36.8,36.2,38.1,38.6,46,4044,3497
21:3:10,36.9,36.2,38.0,38.4,46,4044,3513
21:4:9,36.9,36.2,37.8,38.5,47,4044,3516
21:5:9,36.8,36.1,37.9,38.5,46,4044,3508
21:6:9,36.8,36.2,37.8,38.5,47,4044,3497
21:7:8,36.7,36.2,37.9,38.5,46,4044,3508
21:8:8,36.7,36.2,37.9,38.4,46,4044,3513
21:9:7,36.8,36.0,37.9,38.5,46,4044,3519
21:10:7,36.8,36.0,37.8,38.5,46,4044,3505
21:11:6,36.6,36.1,37.9,38.5,46,3969,3521
21:12:6,36.8,36.1,37.9,38.4,46,3969,3500
21:13:5,36.7,36.0,37.9,38.4,46,3969,3524
21:14:5,36.6,36.0,37.8,38.3,46,3969,3521
21:15:5,36.7,35.9,37.8,38.3,46,3969,3524
21:16:4,36.6,36.0,37.8,38.3,46,3969,3505
21:17:4,36.6,35.9,37.8,38.5,46,3969,3502
21:18:3,36.6,35.8,37.9,38.2,46,3919,3500
21:19:3,36.7,35.8,37.7,38.3,46,3919,3516
21:20:2,36.6,35.8,37.7,38.3,46,3919,3513
21:21:2,36.5,35.8,37.8,38.3,46,3919,3516
21:22:2,36.5,35.7,37.8,38.2,46,3919,3513
21:23:1,36.5,35.7,37.8,38.2,46,3850,3502
21:24:1,36.5,35.7,37.7,38.3,45,3850,3510
21:25:0,36.4,35.7,37.7,38.3,46,3850,3508
21:26:0,36.4,35.5,37.7,38.2,46,3802,3505
21:26:59,36.4,35.7,37.7,38.2,46,3802,3521
21:27:59,36.4,35.5,37.8,38.2,45,3802,3521
21:28:59,36.4,35.6,37.7,38.2,45,3802,3508
21:29:58,36.5,35.4,37.7,38.1,45,3751,3508
21:30:58,36.4,35.6,37.7,38.2,46,3751,3505
21:31:57,36.3,35.5,37.6,38.2,46,3751,3505
21:32:57,36.4,35.4,37.6,38.2,46,3751,3502
21:33:57,36.2,35.5,37.7,38.1,46,3751,3524
21:34:56,36.3,35.4,37.6,38.2,46,3681,3508
21:35:56,36.3,35.3,37.6,38.2,46,3681,3508
21:36:55,36.1,35.3,37.6,38.2,45,3681,3510
21:37:55,36.3,35.4,37.6,38.1,45,3635,3516
21:38:55,36.3,35.2,37.6,38.1,46,3635,3521
21:39:54,36.2,35.3,37.5,38.2,45,3579,3497
21:40:54,36.2,35.2,37.6,38.2,45,3635,3508
21:41:53,36.2,35.3,37.5,38.1,46,3579,3494
21:42:53,36.1,35.3,37.7,38.0,46,3579,3510
21:43:53,36.1,35.2,37.5,37.9,45,3525,3510
21:44:52,36.2,35.2,37.5,38.1,45,3525,3513
21:45:52,36.0,35.2,37.6,38.0,45,3473,3524
21:46:52,36.0,35.1,37.6,38.1,46,3473,3505
21:47:51,36.0,35.1,37.4,38.0,46,3473,3508
21:48:51,36.0,35.1,37.6,38.0,45,3473,3516
21:49:50,36.0,35.0,37.5,38.1,45,3473,3497
21:50:50,36.0,35.1,37.4,38.0,45,3431,3519
21:51:50,36.0,35.0,37.5,38.0,45,3431,3500
21:52:49,36.0,35.1,37.4,38.0,45,3431,3508
21:53:49,35.8,34.9,37.4,38.0,45,3378,3510
21:54:49,36.1,35.0,37.4,37.9,45,3378,3497
21:55:48,35.8,34.9,37.3,37.9,45,3330,3513
21:56:48,35.8,34.9,37.3,37.9,45,3330,3497
21:57:47,35.9,34.9,37.3,38.0,45,3330,3510
21:58:47,35.8,34.8,37.2,37.9,45,3330,3510
21:59:47,35.8,35.0,37.2,37.9,45,3287,3513
22:0:46,35.7,34.9,37.2,37.9,45,3287,3494
22:1:46,35.8,34.8,37.3,37.8,45,3287,3510
22:2:46,35.7,34.8,37.2,37.9,45,3287,3486
22:3:45,35.7,34.8,37.3,37.9,45,3287,3502
22:4:45,35.7,34.9,37.2,37.9,45,3225,3491
22:5:45,35.7,34.8,37.2,37.8,45,3225,3510
22:6:44,35.7,34.7,37.3,37.8,45,3185,3502
22:7:44,35.7,34.6,37.3,37.7,45,3185,3502
22:8:44,35.6,34.7,37.3,37.9,45,3185,3497
22:9:43,35.8,34.7,37.2,37.7,45,3125,3510
22:10:43,35.6,34.6,37.2,37.7,45,3125,3502
22:11:43,35.6,34.7,37.2,37.8,45,3125,3527
22:12:42,35.6,34.5,37.2,37.8,45,3125,3508
22:13:42,35.6,34.6,37.2,37.7,45,3095,3524
22:14:42,35.6,34.5,37.3,37.7,45,3095,3530
22:15:41,35.6,34.5,37.2,37.8,45,3095,3502
22:16:41,35.6,34.6,37.0,37.7,45,3095,3505
22:17:41,35.5,34.5,37.2,37.8,45,3095,3513
22:18:40,35.6,34.5,37.2,37.6,45,3057,3521
22:19:40,35.5,34.5,37.0,37.8,45,3057,3513
22:20:40,35.5,34.6,37.2,37.7,45,3057,3527
22:21:39,35.6,34.5,37.1,37.8,45,3015,3516
22:22:39,35.5,34.5,37.0,37.7,45,3015,3491
22:23:39,35.4,34.4,37.0,37.7,45,3015,3516
22:24:38,35.4,34.4,36.9,37.7,45,3015,3521
22:25:38,35.4,34.4,37.0,37.6,45,2968,3516
22:26:38,35.4,34.5,37.0,37.7,46,2968,3521
22:27:37,35.4,34.4,37.0,37.7,45,2968,3508
22:28:37,35.2,34.2,36.9,37.3,45,2931,3500
22:29:37,35.1,33.7,36.0,37.4,45,2755,3513
22:30:37,36.1,33.8,35.4,37.7,45,2755,3513
22:31:36,36.6,33.6,34.7,37.7,45,2727,3502
22:32:36,36.7,33.7,34.5,37.7,45,2694,3505
22:33:36,36.8,33.7,34.2,37.7,45,2645,3491
22:34:35,36.8,33.7,34.0,37.6,45,2618,3508
22:35:35,36.9,33.8,33.8,37.7,46,2618,3508
22:36:35,36.8,33.7,33.7,37.7,46,2584,3505
22:37:35,36.8,33.7,33.6,37.7,46,2556,3510
22:38:34,36.8,33.7,33.6,37.7,46,2511,3508
22:39:34,36.9,33.7,33.6,37.7,46,2511,3505
22:40:34,36.9,33.6,33.5,37.7,46,2487,3502
22:41:34,36.8,33.7,33.5,37.5,46,2487,3510
22:42:33,36.9,33.8,33.4,37.6,46,2456,3508
22:43:33,36.8,33.8,33.5,37.6,46,2456,3519
22:44:33,36.9,33.5,33.5,37.5,46,2420,3519
22:45:33,36.9,33.6,33.5,37.5,46,2420,3513
22:46:32,36.9,33.6,33.5,37.6,46,2382,3508
22:47:32,36.9,33.6,33.4,37.5,46,2382,3508
22:48:32,37.0,33.6,33.4,37.5,46,2382,3510
22:49:32,36.9,33.6,33.3,37.6,47,2359,3513
22:50:32,37.0,33.6,33.4,37.6,46,2359,3516
22:51:31,36.9,33.6,33.3,37.5,47,2359,3510
22:52:31,36.9,33.5,33.3,37.4,46,2322,3502
22:53:31,36.8,33.5,33.4,37.4,47,2287,3505
22:54:31,37.0,33.4,33.3,37.5,47,2287,3521
22:55:30,36.8,33.4,33.3,37.3,47,2287,3513
22:56:30,36.9,33.3,33.3,37.4,47,2287,3500
22:57:30,36.7,33.4,33.3,37.4,47,2263,3508
22:58:30,36.8,33.5,33.3,37.4,47,2263,3524
22:59:29,36.8,33.4,33.2,37.4,47,2226,3521
23:0:29,36.9,33.4,33.2,37.5,47,2205,3513
23:1:29,36.8,33.4,33.2,37.4,47,2205,3505
23:2:29,36.8,33.4,33.2,37.3,47,2205,3527
23:3:29,36.8,33.3,33.1,37.4,47,2205,3505
23:4:28,36.8,33.4,33.1,37.3,47,2170,3502
23:5:28,36.7,33.3,33.1,37.3,47,2170,3519
23:6:28,36.8,33.4,33.0,37.4,47,2170,3505
23:7:28,36.7,33.2,33.1,37.2,47,2144,3521
23:8:27,36.8,33.3,33.1,37.4,47,2144,3510
23:9:27,36.7,33.3,33.1,37.4,47,2144,3513
23:10:27,36.8,33.2,33.1,37.3,47,2122,3497
23:11:27,36.8,33.2,33.1,37.4,47,2122,3508
23:12:27,36.7,33.2,33.1,37.2,47,2144,3489
23:13:26,36.6,33.2,33.0,37.3,47,2122,3510
23:14:26,36.7,33.3,33.0,37.3,47,2096,3502
23:15:26,36.7,33.2,33.0,37.2,47,2096,3505
23:16:26,36.7,33.2,33.0,37.3,47,2062,3491
23:17:25,36.8,33.0,33.0,37.1,47,2062,3516
23:18:25,36.7,33.0,33.0,37.3,47,2062,3505
23:19:25,36.8,33.1,33.0,37.2,47,2062,3513
23:20:25,36.6,33.1,32.9,37.2,47,2033,3527
23:21:25,36.6,33.1,32.9,37.1,47,2033,3497
23:22:24,36.6,33.1,33.0,37.0,47,2033,3532
23:23:24,36.6,33.0,32.9,37.2,47,2033,3532
23:24:24,36.6,33.0,32.9,37.1,47,2008,3505
23:25:24,36.8,33.1,33.0,37.1,47,2008,3508
23:26:24,36.6,32.9,32.9,36.9,47,1987,3521
23:27:23,36.7,32.9,32.7,37.1,47,1987,3505
23:28:23,36.7,33.0,32.8,37.0,47,1987,3505
23:29:23,36.7,32.9,32.9,37.0,47,1987,3508
23:30:23,36.6,32.9,32.8,37.0,47,1951,3516
23:31:23,36.7,33.0,32.8,37.1,47,1951,3510
23:32:22,36.6,32.9,32.8,36.9,47,1951,3508
23:33:22,36.7,32.8,32.8,37.1,47,1951,3486
23:34:22,36.6,32.8,32.8,37.1,47,1951,3491
23:35:22,36.7,32.9,32.7,37.1,47,1932,3505
23:36:22,36.7,33.0,32.8,36.9,47,1932,3505
23:37:21,36.7,32.8,32.7,37.2,47,1932,3505
23:38:21,36.7,32.9,32.7,37.2,47,1912,3524
23:39:21,36.7,32.9,32.8,36.8,47,1912,3491
23:40:21,36.8,32.9,32.9,36.9,47,1912,3510
23:41:21,36.6,32.9,32.8,37.0,47,1932,3502
23:42:20,36.7,32.9,32.8,36.9,47,1912,3510
23:43:20,36.6,32.8,32.8,37.0,47,1912,3497
23:44:20,36.7,32.8,32.8,37.1,47,1912,3521
23:45:20,36.7,32.8,32.8,37.0,48,1882,3497
23:46:20,36.8,32.8,32.7,36.9,47,1912,3513
23:47:20,36.7,32.9,32.8,37.0,47,1882,3510
23:48:19,36.6,32.9,32.7,36.9,47,1882,3510
23:49:19,36.7,32.7,32.6,36.8,47,1862,3513
23:50:19,36.6,32.7,32.7,36.9,47,1882,3527
23:51:19,36.6,32.7,32.7,36.8,47,1882,3502
23:52:19,36.7,32.6,32.7,36.9,47,1843,3500
23:53:18,36.5,32.5,32.6,37.0,47,1843,3521
23:54:18,36.3,33.1,32.4,35.8,47,1816,3486
23:55:18,35.4,34.6,32.8,34.3,47,1735,3510
23:56:18,34.8,36.3,33.7,33.4,47,1706,3489
23:57:18,34.3,36.9,34.3,32.9,47,1688,3486
23:58:18,34.1,37.0,34.9,32.6,46,1688,3500
23:59:18,33.9,37.2,35.2,32.4,45,1688,3502
0:0:18,33.7,37.2,35.4,32.4,45,1666,3486
