0:1:27,37.9,37.5,33.1,35.8,50,1631,3491
0:2:27,38.0,37.4,33.0,35.8,50,1631,3497
0:3:27,37.9,37.4,33.1,35.9,50,1631,3480
0:4:27,37.9,37.5,33.1,35.8,50,1631,3483
0:5:26,37.8,37.2,33.3,36.0,49,1631,3489
0:6:26,37.9,37.0,33.2,36.2,50,1643,3489
0:7:26,37.9,37.0,33.2,36.2,49,1643,3480
0:8:25,37.9,37.0,33.1,36.4,49,1643,3480
0:9:25,38.0,37.1,33.0,36.4,50,1643,3489
0:10:25,38.1,37.0,33.0,36.4,49,1643,3475
0:11:24,37.9,37.0,33.0,36.3,49,1643,3480
0:12:24,38.0,37.0,32.9,36.3,50,1643,3489
0:13:24,38.1,36.9,32.9,36.4,50,1643,3502
0:14:23,38.0,37.0,33.0,36.3,50,1643,3475
0:15:23,38.0,37.0,32.8,36.4,50,1643,3464
0:16:23,38.1,36.9,32.9,36.2,50,1643,3491
0:17:22,37.9,36.8,33.0,36.3,49,1643,3500
0:18:22,37.9,36.9,32.9,36.2,50,1643,3491
0:19:22,38.0,36.8,32.9,36.2,50,1643,3500
0:20:21,37.9,37.0,32.9,36.2,50,1643,3494
0:21:21,37.9,36.9,32.9,36.5,50,1643,3489
0:22:21,38.0,37.0,32.9,36.4,50,1643,3505
0:23:20,38.0,36.9,32.9,36.3,50,1643,3489
0:24:20,38.0,37.0,32.9,36.3,50,1643,3469
0:25:20,37.9,36.9,32.9,36.4,50,1643,3483
0:26:19,38.0,36.9,32.8,36.4,50,1643,3491
0:27:19,38.0,36.9,32.9,36.3,50,1643,3489
0:28:19,37.9,37.0,32.8,36.5,50,1643,3500
0:29:18,37.9,36.9,32.9,36.3,50,1643,3491
0:30:18,37.9,37.0,32.8,36.5,50,1643,3497
0:31:18,37.9,37.0,32.9,36.4,50,1643,3483
0:32:17,38.0,37.1,32.9,36.4,50,1643,3491
0:33:17,37.9,37.1,32.9,36.5,50,1643,3500
0:34:17,37.9,37.0,32.9,36.4,50,1643,3480
0:35:16,37.9,36.9,32.9,36.4,50,1643,3486
0:36:16,37.9,37.0,32.9,36.3,50,1643,3480
0:37:16,38.0,36.9,33.0,36.5,50,1643,3483
0:38:15,38.1,37.0,32.9,36.5,50,1657,3491
0:39:15,38.0,37.0,32.9,36.4,50,1657,3486
0:40:15,38.0,36.9,32.8,36.5,50,1657,3486
0:41:14,38.0,37.1,32.9,36.4,50,1657,3486
0:42:14,37.9,37.0,32.7,36.4,50,1657,3500
0:43:14,37.9,37.0,32.9,36.5,50,1643,3472
0:44:13,38.1,37.1,32.9,36.5,50,1657,3469
0:45:13,38.0,37.0,32.9,36.6,50,1657,3480
0:46:13,38.0,37.0,32.9,36.5,50,1657,3491
0:47:12,38.0,37.0,33.0,36.6,50,1657,3505
0:48:12,38.1,36.9,32.9,36.6,50,1657,3480
0:49:12,38.0,36.9,32.9,36.5,50,1657,3500
0:50:11,38.1,37.0,32.9,36.4,50,1657,3469
0:51:11,37.9,37.0,32.9,36.4,50,1657,3483
0:52:11,38.1,37.0,32.9,36.5,50,1657,3483
0:53:10,38.1,37.0,32.9,36.5,50,1657,3497
0:54:10,38.0,37.0,33.0,36.5,50,1657,3472
0:55:10,38.0,37.0,32.9,36.4,50,1657,3489
0:56:9,38.1,37.0,32.9,36.5,50,1657,3480
0:57:9,38.1,37.0,33.0,36.5,50,1657,3500
0:58:9,38.1,37.0,32.9,36.6,50,1671,3489
0:59:8,38.2,37.0,32.9,36.6,50,1671,3491
1:0:8,38.0,37.0,32.8,36.6,50,1671,3486
1:1:8,38.1,37.0,32.9,36.6,50,1671,3478
1:2:7,38.1,37.0,33.0,36.7,50,1671,3480
1:3:7,38.1,37.0,32.9,36.6,50,1671,3475
1:4:7,38.1,36.9,33.0,36.7,50,1671,3491
1:5:6,38.2,36.9,32.9,36.5,50,1671,3483
1:6:6,38.2,37.0,32.9,36.7,50,1671,3475
1:7:6,38.1,37.0,32.9,36.6,50,1671,3478
1:8:5,38.0,37.1,33.1,36.7,50,1691,3478
1:9:5,38.1,36.9,32.9,36.6,50,1671,3483
1:10:5,38.2,37.1,33.0,36.7,50,1671,3497
1:11:4,38.1,37.0,32.9,36.4,50,1671,3475
1:12:4,38.2,37.0,32.9,36.5,50,1671,3486
1:13:4,38.1,37.0,33.0,36.6,49,1671,3475
1:14:3,38.2,37.1,32.9,36.6,49,1671,3491
1:15:3,38.1,37.1,32.9,36.4,50,1671,3480
1:16:2,38.0,37.0,33.0,36.7,50,1657,3491
1:17:2,38.1,37.1,32.9,36.6,50,1671,3478
1:18:2,38.1,37.1,32.8,36.5,50,1671,3486
1:19:1,38.1,36.9,33.0,36.1,50,1558,3445
1:20:1,37.3,37.3,34.2,35.4,50,1657,3486
1:21:1,36.7,37.7,35.6,35.2,50,1671,3483
1:22:0,36.4,37.9,36.5,34.8,50,1671,3489
1:23:0,36.1,38.0,37.0,34.6,49,1671,3489
1:24:0,35.9,38.1,37.1,34.5,49,1691,3478
1:25:0,35.6,38.1,37.3,34.4,49,1691,3491
1:25:59,35.6,38.1,37.3,34.4,48,1691,3500
1:26:59,35.6,38.1,37.4,34.3,48,1691,3500
1:27:59,35.6,38.0,37.5,34.3,48,1691,3500
1:28:58,35.5,38.1,37.5,34.1,48,1691,3500
1:29:58,35.3,38.1,37.4,34.2,48,1671,3472
1:30:58,35.3,38.0,37.5,34.2,48,1691,3483
1:31:57,35.3,38.1,37.4,34.2,48,1671,3494
1:32:57,35.4,37.9,37.4,34.2,48,1671,3475
1:33:57,35.3,38.0,37.4,34.0,48,1671,3475
1:34:57,35.3,38.1,37.3,34.0,48,1671,3500
1:35:56,35.2,38.0,37.4,34.0,48,1671,3497
1:36:56,35.3,38.1,37.3,33.8,48,1657,3486
1:37:56,35.3,37.9,37.4,33.9,48,1657,3475
1:38:56,35.2,37.9,37.4,34.0,48,1657,3469
1:39:55,35.2,38.0,37.4,33.9,48,1657,3480
1:40:55,35.2,38.1,37.4,33.9,48,1671,3494
1:41:55,35.1,38.0,37.3,33.9,48,1657,3483
1:42:54,35.1,38.0,37.3,33.9,48,1643,3475
1:43:54,35.2,37.9,37.4,33.9,48,1643,3486
1:44:54,35.1,37.9,37.3,33.9,48,1657,3491
1:45:54,35.1,37.9,37.2,33.9,48,1657,3483
1:46:53,35.3,37.9,37.4,33.9,48,1643,3494
1:47:53,35.3,37.9,37.4,33.9,48,1657,3478
1:48:53,35.3,37.9,37.3,33.8,48,1643,3505
1:49:53,35.1,38.0,37.3,33.8,48,1643,3475
1:50:52,35.2,37.9,37.3,33.8,48,1643,3491
1:51:52,35.3,38.0,37.3,33.9,48,1643,3486
1:52:52,35.1,37.9,37.4,33.8,47,1631,3483
1:53:52,35.3,37.8,37.4,33.7,48,1643,3453
1:54:51,35.1,37.9,37.3,33.7,47,1643,3475
1:55:51,35.2,37.9,37.2,33.7,48,1643,3489
1:56:51,35.1,38.0,37.3,33.8,48,1631,3480
1:57:51,35.2,38.1,37.2,33.8,48,1631,3486
1:58:50,35.2,38.0,37.3,33.7,48,1631,3489
1:59:50,35.1,38.0,37.3,33.8,47,1631,3475
2:0:50,35.1,37.9,37.3,33.8,48,1631,3491
2:1:50,35.3,37.9,37.5,33.8,48,1631,3489
2:2:49,35.1,38.0,37.3,33.7,47,1631,3491
2:3:49,35.2,38.0,37.4,33.7,48,1631,3475
2:4:49,35.1,37.9,37.3,33.8,48,1631,3469
2:5:49,35.1,37.9,37.4,33.7,48,1631,3475
2:6:48,35.2,37.9,37.3,33.7,48,1617,3497
2:7:48,35.1,37.9,37.4,33.8,47,1631,3489
2:8:48,35.0,38.0,37.3,33.8,47,1631,3480
2:9:48,35.2,37.9,37.4,33.6,48,1600,3472
2:10:47,35.3,38.0,37.4,33.7,47,1617,3475
2:11:47,35.1,37.9,37.4,33.8,47,1631,3483
2:12:47,35.3,38.0,37.4,33.7,47,1617,3478
2:13:46,35.1,37.9,37.2,33.7,47,1617,3464
2:14:46,35.1,37.9,37.3,33.7,47,1617,3489
2:15:46,35.2,37.8,37.4,33.8,47,1617,3478
2:16:46,35.2,37.9,37.3,33.8,47,1617,3486
2:17:45,35.2,38.0,37.2,33.7,47,1617,3483
2:18:45,35.2,38.0,37.4,33.7,47,1617,3489
2:19:45,35.3,38.0,37.5,33.7,47,1617,3464
2:20:45,35.2,38.0,37.3,33.7,47,1617,3475
2:21:44,35.1,38.1,37.4,33.8,48,1617,3505
2:22:44,35.2,37.9,37.3,33.8,47,1631,3480
2:23:44,35.1,38.0,37.4,33.7,47,1617,3489
2:24:44,35.2,37.9,37.3,33.7,48,1617,3505
2:25:43,35.1,37.9,37.3,33.6,47,1617,3480
2:26:43,35.2,38.0,37.3,33.8,47,1617,3486
2:27:43,35.1,38.0,37.4,33.7,47,1617,3469
2:28:43,35.3,38.0,37.3,33.6,47,1617,3483
2:29:42,35.2,37.9,37.3,33.7,47,1617,3489
2:30:42,35.2,38.1,37.3,33.7,47,1617,3486
2:31:42,35.1,38.0,37.4,33.8,47,1617,3500
2:32:42,35.1,37.9,37.3,33.7,47,1617,3475
2:33:41,35.2,37.9,37.2,33.7,47,1617,3489
2:34:41,35.3,38.0,37.3,33.7,47,1617,3489
2:35:41,35.2,38.0,37.4,33.6,47,1617,3491
2:36:40,35.3,38.0,37.4,33.7,47,1617,3478
2:37:40,35.2,38.0,37.4,33.7,47,1617,3500
2:38:40,35.2,38.0,37.3,33.7,47,1617,3478
2:39:40,35.2,37.9,37.4,33.8,47,1617,3478
2:40:39,35.3,38.0,37.4,33.7,47,1600,3480
2:41:39,35.3,37.9,37.3,33.8,47,1617,3500
2:42:39,35.3,38.0,37.5,33.8,47,1600,3475
2:43:39,35.2,38.0,37.3,33.7,47,1617,3486
2:44:38,35.2,38.0,37.4,33.7,47,1600,3489
2:45:38,35.3,37.9,37.4,33.7,47,1600,3475
2:46:38,35.3,37.9,37.3,33.7,47,1600,3472
2:47:38,35.4,38.1,37.2,33.6,47,1600,3472
2:48:37,35.3,37.9,37.1,33.6,47,1600,3486
2:49:37,35.4,37.9,37.2,33.6,47,1600,3483
2:50:37,35.6,37.9,37.2,33.6,47,1600,3489
2:51:36,35.7,37.9,37.1,33.5,47,1600,3480
2:52:36,35.6,37.9,37.0,33.6,47,1600,3486
2:53:36,35.5,37.9,37.1,33.6,47,1600,3475
2:54:36,35.6,38.0,37.0,33.6,47,1600,3480
2:55:35,35.6,38.0,37.2,33.6,47,1588,3480
2:56:35,35.5,37.9,37.0,33.6,47,1600,3489
2:57:35,35.7,37.8,37.1,33.6,47,1600,3475
2:58:35,35.6,38.0,37.2,33.6,47,1588,3500
2:59:34,35.4,37.7,37.0,33.8,47,1573,3467
3:0:34,35.0,37.8,36.9,33.8,46,1558,3491
3:1:34,34.8,37.8,36.9,33.8,46,1558,3486
3:2:34,34.7,37.9,37.2,33.8,46,1546,3489
3:3:33,34.6,37.8,37.2,33.7,46,1546,3475
3:4:33,34.5,37.8,37.0,33.8,46,1546,3483
3:5:33,34.4,37.8,37.1,33.6,46,1546,3483
3:6:33,34.4,37.9,37.1,33.6,47,1546,3486
3:7:32,34.4,37.7,37.0,33.6,46,1529,3491
3:8:32,34.4,37.9,37.0,33.7,47,1529,3486
3:9:32,34.4,37.8,37.0,33.7,47,1529,3486
3:10:32,34.3,37.9,36.9,33.6,47,1518,3453
3:11:32,34.3,37.8,37.0,33.5,47,1518,3500
3:12:31,34.2,37.8,37.0,33.6,47,1518,3486
3:13:31,34.2,37.9,37.1,33.6,47,1506,3475
3:14:31,34.2,37.7,37.1,33.4,47,1506,3494
3:15:31,34.3,37.7,36.9,33.5,47,1506,3480
3:16:30,34.3,37.8,36.9,33.6,47,1518,3500
3:17:30,34.2,37.7,37.0,33.6,47,1506,3475
3:18:30,34.2,37.8,37.0,33.5,47,1506,3508
3:19:30,34.3,37.7,37.0,33.5,47,1506,3475
3:20:30,34.3,37.8,37.0,33.5,47,1506,3491
3:21:29,34.2,37.8,37.0,33.5,47,1506,3475
3:22:29,34.2,37.8,37.0,33.5,46,1493,3489
3:23:29,34.2,37.8,36.9,33.5,47,1493,3472
3:24:29,34.3,37.8,36.9,33.5,47,1493,3500
3:25:29,34.3,37.8,37.0,33.6,47,1493,3483
3:26:28,34.2,37.8,36.9,33.5,47,1493,3489
3:27:28,34.2,37.8,37.0,33.6,47,1493,3500
3:28:28,34.2,37.9,36.9,33.6,47,1493,3491
3:29:28,34.2,37.6,37.1,33.5,47,1493,3483
3:30:28,34.2,37.7,37.0,33.5,47,1493,3469
3:31:27,34.2,37.8,37.1,33.6,47,1488,3480
3:32:27,34.1,37.8,37.0,33.5,47,1488,3486
3:33:27,34.2,37.9,37.0,33.5,47,1488,3478
3:34:27,34.2,37.8,37.0,33.6,47,1488,3475
3:35:26,34.2,37.7,37.0,33.5,47,1488,3483
3:36:26,34.1,37.8,36.9,33.5,47,1488,3475
3:37:26,34.2,37.8,37.0,33.5,47,1488,3478
3:38:26,34.2,37.8,37.0,33.5,47,1488,3472
3:39:26,34.2,37.8,37.0,33.5,47,1488,3489
3:40:25,34.2,37.9,37.0,33.6,47,1488,3500
3:41:25,34.3,37.8,37.0,33.6,47,1488,3500
3:42:25,34.4,37.9,36.9,33.5,47,1488,3489
3:43:25,34.3,37.9,37.0,33.6,47,1488,3489
3:44:25,34.2,37.8,37.0,33.5,47,1488,3472
3:45:24,34.3,37.8,37.1,33.5,47,1488,3494
3:46:24,34.3,37.8,37.1,33.6,47,1488,3494
3:47:24,34.2,37.8,37.1,33.5,47,1488,3475
3:48:24,34.3,37.8,36.9,33.5,47,1488,3500
3:49:23,34.2,37.9,37.0,33.6,47,1488,3489
3:50:23,34.3,37.8,36.9,33.5,47,1488,3469
3:51:23,34.4,37.8,36.9,33.5,47,1474,3500
3:52:23,34.3,37.7,37.0,33.5,47,1474,3480
3:53:23,34.3,37.9,36.9,33.4,47,1474,3480
3:54:22,34.4,37.9,37.0,33.5,47,1474,3489
3:55:22,34.3,37.7,36.9,33.5,47,1474,3478
3:56:22,34.3,37.9,36.9,33.5,47,1474,3489
3:57:22,34.4,37.9,36.9,33.6,47,1474,3494
3:58:21,34.3,37.8,36.8,33.5,47,1474,3469
3:59:21,34.4,37.9,37.0,33.5,47,1488,3494
4:0:21,34.4,37.8,36.9,33.6,47,1474,3483
4:1:21,34.3,37.9,37.0,33.5,47,1474,3483
4:2:21,34.3,37.8,37.0,33.4,47,1474,3483
4:3:20,34.4,37.8,37.0,33.6,47,1474,3480
4:4:20,34.4,37.8,36.9,33.5,47,1474,3491
4:5:20,34.3,37.7,36.8,33.4,47,1474,3489
4:6:20,34.3,37.7,37.0,33.6,47,1474,3500
4:7:20,34.5,37.8,36.9,33.5,47,1474,3494
4:8:19,34.5,37.8,36.9,33.6,47,1474,3489
4:9:19,34.2,37.8,36.9,33.5,47,1488,3469
4:10:19,34.4,37.7,37.0,33.5,47,1474,3475
4:11:19,34.4,37.8,37.0,33.4,47,1474,3500
4:12:18,34.3,37.9,37.0,33.6,47,1474,3489
4:13:18,34.3,37.8,37.0,33.6,47,1474,3464
4:14:18,34.3,37.8,37.0,33.5,47,1474,3494
4:15:18,34.4,37.7,37.0,33.6,47,1474,3489
4:16:18,34.4,37.8,37.0,33.7,46,1464,3480
4:17:17,34.2,37.8,37.0,33.6,46,1464,3500
4:18:17,34.3,37.8,37.1,33.6,47,1474,3475
4:19:17,34.4,37.8,37.0,33.5,47,1474,3500
4:20:17,34.2,37.9,37.0,33.6,47,1464,3489
4:21:16,34.4,37.8,37.0,33.7,47,1474,3480
4:22:16,34.3,37.9,37.0,33.6,46,1474,3491
4:23:16,34.4,37.8,36.9,33.6,47,1474,3475
4:24:16,34.4,37.9,37.0,33.6,47,1464,3486
4:25:16,34.4,37.8,37.2,33.6,47,1474,3494
4:26:15,34.4,37.8,37.1,33.6,46,1474,3478
4:27:15,34.4,37.8,37.0,33.7,47,1474,3472
4:28:15,34.4,37.7,37.0,33.6,47,1464,3475
4:29:15,34.4,37.9,36.9,33.6,47,1474,3486
4:30:14,34.5,37.9,37.0,33.6,47,1474,3469
4:31:14,34.3,37.6,37.1,33.6,47,1474,3500
4:32:14,34.4,37.4,36.5,33.4,47,1404,3472
4:33:14,34.6,37.8,36.0,33.0,45,1404,3505
4:34:14,34.7,37.9,36.0,32.9,46,1415,3500
4:35:13,35.1,37.9,36.1,32.7,46,1425,3497
4:36:13,35.0,38.0,36.1,32.7,46,1425,3497
4:37:13,35.1,37.9,36.1,32.7,46,1425,3500
4:38:13,35.1,38.1,36.1,32.6,46,1435,3500
4:39:13,35.3,38.0,36.1,32.7,46,1435,3475
4:40:12,35.2,38.0,35.9,32.8,46,1425,3489
4:41:12,35.4,38.0,36.0,32.8,46,1425,3478
4:42:12,35.2,38.0,36.1,32.8,46,1425,3491
4:43:12,35.2,38.0,36.0,32.8,46,1425,3491
4:44:11,35.2,37.9,36.0,32.7,46,1425,3502
4:45:11,35.2,38.1,36.1,32.8,46,1425,3480
4:46:11,35.3,38.0,36.0,32.7,46,1425,3486
4:47:11,35.3,38.0,36.1,32.7,46,1425,3480
4:48:10,35.2,37.9,36.0,32.8,46,1425,3486
4:49:10,35.2,38.0,36.0,32.8,46,1415,3491
4:50:10,35.2,38.0,35.9,32.9,46,1415,3494
4:51:10,35.2,37.9,35.9,32.6,46,1415,3491
4:52:10,35.2,38.0,36.1,32.7,46,1415,3486
4:53:9,35.2,37.9,36.1,32.8,46,1415,3472
4:54:9,35.2,37.9,35.9,32.8,46,1415,3494
4:55:9,35.1,37.9,35.9,32.6,46,1415,3489
4:56:9,35.1,37.9,35.9,32.8,46,1404,3500
4:57:8,35.1,38.1,35.8,32.6,46,1404,3491
4:58:8,35.3,38.1,36.0,32.7,46,1404,3494
4:59:8,35.1,37.9,35.9,32.8,46,1386,3500
5:0:8,35.0,37.9,35.9,32.7,46,1404,3500
5:1:8,35.2,37.8,35.9,32.7,46,1386,3489
5:2:7,35.0,37.9,35.8,32.6,45,1386,3497
5:3:7,35.3,38.0,35.9,32.6,46,1386,3489
5:4:7,35.0,38.0,35.9,32.6,45,1386,3475
5:5:7,35.2,37.9,35.8,32.6,46,1386,3494
5:6:7,35.0,37.9,35.8,32.4,45,1386,3491
5:7:6,34.9,37.8,35.8,32.4,46,1375,3502
5:8:6,34.8,37.9,35.8,32.3,46,1365,3483
5:9:6,34.9,37.9,35.9,32.3,45,1365,3478
5:10:6,34.7,37.8,35.6,32.4,46,1365,3491
5:11:6,34.8,37.7,35.8,32.4,46,1352,3489
5:12:5,34.2,36.9,36.5,33.2,46,1333,3480
5:13:5,33.8,35.9,37.4,34.0,45,1310,3478
5:14:5,33.6,35.0,37.7,34.6,45,1301,3480
5:15:5,33.4,34.6,37.7,35.1,45,1277,3494
5:16:5,33.4,34.2,37.7,35.3,45,1277,3486
5:17:5,33.3,34.1,37.7,35.6,45,1258,3469
5:18:4,33.1,33.9,37.5,35.6,45,1249,3478
5:19:4,33.2,33.8,37.8,35.7,45,1238,3472
5:20:4,33.0,33.7,37.5,35.7,45,1229,3494
5:21:4,32.9,33.7,37.4,35.8,45,1229,3480
5:22:4,33.1,33.6,37.5,35.7,45,1212,3475
5:23:4,32.9,33.6,37.4,35.7,45,1201,3483
5:24:4,32.9,33.6,37.5,35.6,45,1192,3491
5:25:4,33.0,33.5,37.3,35.7,45,1183,3505
5:26:3,32.8,33.5,37.4,35.6,45,1183,3486
5:27:3,32.9,33.4,37.4,35.6,45,1175,3483
5:28:3,32.9,33.4,37.3,35.7,45,1162,3478
5:29:3,32.7,33.3,37.3,35.6,45,1154,3486
5:30:3,32.8,33.3,37.3,35.7,45,1154,3472
5:31:3,32.7,33.4,37.3,35.7,45,1148,3475
5:32:3,32.7,33.4,37.3,35.6,45,1140,3483
5:33:3,32.8,33.3,37.3,35.7,45,1140,3489
5:34:3,32.7,33.4,37.3,35.6,45,1140,3480
5:35:2,32.8,33.3,37.3,35.6,45,1129,3464
5:36:2,32.7,33.3,37.2,35.7,45,1129,3489
5:37:2,32.8,33.3,37.3,35.5,45,1122,3491
5:38:2,32.6,33.2,37.3,35.6,45,1100,3475
5:39:2,32.7,33.2,37.2,35.5,45,1112,3500
5:40:2,32.7,33.3,37.2,35.7,45,1100,3483
5:41:2,32.7,33.3,37.0,35.6,45,1093,3480
5:42:2,32.6,33.3,37.2,35.5,45,1093,3489
5:43:2,32.7,33.2,37.0,35.5,45,1085,3486
5:44:2,32.6,33.2,37.2,35.4,45,1085,3500
5:45:2,32.6,33.2,37.2,35.5,45,1081,3478
5:46:1,32.5,33.2,36.9,35.4,45,1081,3500
5:47:1,32.6,33.2,37.0,35.5,45,1069,3497
5:48:1,32.6,33.1,37.1,35.4,45,1069,3491
5:49:1,32.6,33.2,37.0,35.6,45,1061,3469
5:50:1,32.6,33.2,37.2,35.5,45,1061,3483
5:51:1,32.6,33.2,37.1,35.5,45,1054,3491
5:52:1,32.5,33.0,37.2,35.5,45,1054,3483
5:53:1,32.6,33.0,37.2,35.5,45,1046,3497
5:54:1,32.4,33.0,37.3,35.4,45,1046,3483
5:55:1,32.5,33.0,37.2,35.4,45,1037,3469
5:56:1,32.6,33.1,37.2,35.5,45,1037,3500
5:57:1,32.5,33.0,37.4,35.5,45,1037,3486
5:58:1,32.5,33.0,37.3,35.4,45,1037,3489
5:59:1,32.5,32.9,37.3,35.4,45,1030,3500
6:0:0,32.5,32.9,37.2,35.4,45,1017,3483
6:1:0,32.5,33.0,37.2,35.5,45,1017,3489
6:2:0,32.5,33.0,37.1,35.6,45,1013,3480
6:3:0,32.4,33.0,37.2,35.5,45,1013,3464
6:4:0,32.5,33.0,37.3,35.4,45,1013,3489
6:5:0,32.4,32.9,37.2,35.2,45,1003,3500
6:6:0,32.6,33.0,37.2,35.5,45,1003,3475
6:7:0,32.4,33.0,37.0,35.5,45,995,3480
6:8:0,32.5,32.9,37.1,35.4,45,988,3486
6:9:0,32.5,32.9,37.0,35.4,45,995,3483
6:10:0,32.5,33.0,37.0,35.4,45,988,3491
6:11:0,32.3,32.9,37.1,35.4,45,988,3500
6:12:0,32.4,32.9,36.9,35.4,45,988,3497
6:12:59,32.4,32.8,37.1,35.4,45,985,3478
6:13:59,32.4,32.9,36.9,35.5,45,985,3464
6:14:59,32.5,32.9,37.1,35.4,45,974,3469
6:15:59,32.5,32.9,37.0,35.4,45,974,3475
6:16:59,32.4,32.8,37.0,35.2,45,974,3480
6:17:59,32.3,32.8,37.0,35.4,45,974,3478
6:18:59,32.4,32.8,37.0,35.4,45,960,3491
6:19:59,32.4,32.9,36.9,35.4,45,966,3480
6:20:59,32.4,32.9,37.0,35.3,45,960,3489
6:21:59,32.3,32.9,36.9,35.4,45,960,3469
6:22:59,32.4,32.9,36.9,35.3,45,960,3480
6:23:59,32.3,32.9,36.8,35.3,45,956,3494
6:24:59,32.4,32.8,36.9,35.3,45,956,3469
6:25:59,32.4,32.9,36.9,35.3,45,960,3475
6:26:59,32.3,32.8,36.9,35.2,45,956,3483
6:27:59,32.2,32.8,36.9,35.3,45,956,3486
6:28:58,32.3,32.8,36.9,35.2,45,946,3480
6:29:58,32.4,32.8,37.0,35.3,45,939,3480
6:30:58,32.3,32.8,36.9,35.2,45,939,3475
6:31:58,32.3,32.8,36.9,35.4,45,939,3489
6:32:58,32.4,32.7,36.9,35.1,45,939,3483
6:33:58,32.2,32.7,36.9,35.3,45,933,3500
6:34:58,32.4,32.7,36.9,35.2,45,933,3480
6:35:58,32.4,32.8,36.9,35.3,45,933,3489
6:36:58,32.3,32.8,37.0,35.3,45,927,3491
6:37:58,32.4,32.8,36.9,35.3,45,927,3475
6:38:58,32.3,32.7,37.0,35.3,46,927,3500
6:39:58,32.2,32.8,36.9,35.2,45,927,3500
6:40:58,32.4,32.7,37.0,35.3,45,920,3483
6:41:58,32.3,32.6,36.9,35.3,46,927,3483
6:42:58,32.3,32.6,37.0,35.4,45,920,3467
6:43:58,32.2,32.7,37.0,35.4,45,920,3475
6:44:58,32.2,32.7,36.9,35.3,45,920,3483
6:45:58,32.4,32.7,37.0,35.4,45,920,3480
6:46:58,32.3,32.8,36.9,35.2,45,915,3472
6:47:57,32.3,32.7,36.9,35.2,45,915,3486
6:48:57,32.4,32.6,36.9,35.2,45,915,3480
6:49:57,32.4,32.5,37.0,35.4,45,915,3500
6:50:57,32.4,32.5,37.1,35.2,45,915,3480
6:51:57,32.2,32.4,37.0,35.4,45,908,3478
6:52:57,32.2,32.4,37.1,35.3,45,915,3489
6:53:57,32.3,32.6,37.2,35.4,45,908,3464
6:54:57,32.3,32.6,37.0,35.2,45,908,3483
6:55:57,32.3,32.6,36.9,35.3,45,902,3483
6:56:57,32.2,32.6,37.0,35.2,45,897,3475
6:57:57,32.2,32.6,36.9,35.2,45,902,3489
6:58:57,32.2,32.7,37.1,35.2,45,897,3469
6:59:57,32.3,32.6,37.0,35.3,45,897,3467
7:0:57,32.1,32.7,37.0,35.3,45,897,3453
7:1:57,32.3,32.5,37.0,35.2,45,897,3478
7:2:57,32.2,32.6,37.2,35.3,45,897,3486
7:3:57,32.2,32.5,37.0,35.2,45,897,3475
7:4:57,32.2,32.6,37.0,35.2,45,889,3483
7:5:57,32.3,32.6,37.0,35.1,45,889,3500
7:6:57,32.2,32.6,37.0,35.3,45,889,3483
7:7:57,32.1,32.6,37.0,35.3,45,889,3475
7:8:57,32.2,32.6,37.1,35.3,45,889,3489
7:9:57,32.3,32.8,36.9,35.1,45,897,3510
7:10:57,32.3,32.6,37.0,35.2,45,882,3464
7:11:56,32.2,32.6,37.1,35.2,45,889,3475
7:12:56,32.3,32.6,37.0,35.2,45,882,3475
7:13:56,32.2,32.6,36.9,35.1,45,882,3486
7:14:56,32.3,32.6,37.0,35.1,45,882,3489
7:15:56,32.2,32.7,36.9,35.1,45,882,3469
7:16:56,32.3,32.7,36.9,35.2,46,882,3491
7:17:56,32.2,32.6,37.0,35.2,45,882,3491
7:18:56,32.2,32.6,37.0,35.3,45,878,3475
7:19:56,32.2,32.6,37.0,35.2,45,872,3475
7:20:56,32.2,32.6,37.0,35.1,45,878,3480
7:21:56,32.2,32.7,36.9,35.2,45,878,3483
7:22:56,32.2,32.6,36.8,35.1,45,878,3486
7:23:56,32.2,32.5,36.9,35.1,45,872,3480
7:24:56,32.2,32.6,37.0,35.1,45,872,3478
7:25:56,32.1,32.6,36.9,35.2,45,872,3491
7:26:56,32.1,32.8,37.0,35.1,45,878,3472
7:27:56,32.3,32.7,37.0,35.1,45,872,3489
7:28:56,32.2,32.7,36.9,35.0,45,872,3475
7:29:56,32.1,32.7,37.0,35.1,45,872,3478
7:30:56,32.2,32.7,37.0,35.2,45,872,3478
7:31:56,32.0,32.8,36.9,35.2,45,864,3478
7:32:56,32.1,32.8,36.9,35.3,45,872,3502
7:33:56,32.0,32.8,37.0,35.1,46,872,3489
7:34:56,32.2,32.8,37.0,35.1,45,872,3464
7:35:56,32.2,32.9,37.1,35.2,45,872,3480
7:36:56,32.2,32.9,37.0,35.2,45,864,3489
7:37:56,32.2,32.8,36.9,35.1,46,864,3475
7:38:56,32.3,32.8,36.8,35.2,45,857,3472
7:39:56,32.2,32.8,37.0,35.1,46,851,3483
7:40:56,32.1,32.8,37.0,35.1,45,851,3489
7:41:55,32.3,32.8,36.9,35.1,46,864,3469
7:42:55,32.2,32.7,36.8,35.0,45,851,3478
7:43:55,32.2,32.8,37.1,35.0,45,851,3486
7:44:55,32.2,32.7,36.8,35.0,46,851,3480
7:45:55,32.2,32.8,37.0,35.0,46,851,3489
7:46:55,32.1,32.8,36.9,35.2,45,847,3475
7:47:55,32.3,32.8,36.8,35.1,45,851,3500
7:48:55,32.2,32.7,36.8,35.1,46,847,3494
7:49:55,32.2,32.5,36.9,35.0,45,847,3483
7:50:55,32.1,32.7,36.8,35.1,45,847,3480
7:51:55,32.1,32.6,36.8,35.1,46,847,3500
7:52:55,32.2,32.7,36.7,34.9,46,847,3510
7:53:55,32.1,32.7,36.8,35.1,45,838,3475
7:54:55,32.1,32.6,36.8,34.9,45,838,3494
7:55:55,32.1,32.6,36.7,35.0,45,838,3486
7:56:55,32.0,32.6,36.7,35.0,46,838,3480
7:57:55,32.1,32.6,36.8,35.1,45,835,3467
7:58:55,32.1,32.6,36.7,35.0,46,838,3475
7:59:55,32.1,32.6,36.8,34.9,45,835,3489
8:0:55,32.1,32.7,36.8,35.0,45,835,3475
8:1:55,32.1,32.6,36.8,35.1,46,835,3500
8:2:55,32.1,32.5,36.7,35.0,46,835,3480
8:3:55,32.0,32.6,36.8,35.0,45,830,3489
8:4:55,32.0,32.5,36.7,34.9,45,835,3489
8:5:55,32.1,32.6,36.7,35.0,46,830,3464
8:6:55,32.0,32.5,36.7,35.0,45,830,3475
8:7:55,32.0,32.5,36.6,34.8,46,830,3483
8:8:55,31.9,32.5,36.9,34.9,45,822,3483
8:9:55,31.9,32.5,36.7,35.0,45,822,3475
8:10:55,32.1,32.5,36.7,35.0,45,822,3489
8:11:55,31.9,32.5,36.7,34.9,46,822,3480
8:12:55,32.0,32.5,36.7,34.8,45,818,3483
8:13:55,32.0,32.5,36.7,34.9,46,818,3475
8:14:55,31.9,32.4,36.6,34.9,46,818,3491
8:15:55,31.9,32.4,36.6,34.8,45,812,3489
8:16:55,31.8,32.6,36.6,34.9,46,812,3475
8:17:55,31.9,32.5,36.7,34.8,46,812,3475
8:18:55,32.0,32.4,36.7,34.9,45,812,3475
8:19:55,31.9,32.5,36.6,35.1,46,812,3491
8:20:55,31.9,32.5,36.5,35.0,46,812,3500
8:21:55,32.0,32.4,36.7,34.8,46,807,3486
8:22:55,31.9,32.3,36.6,34.9,46,807,3494
8:23:55,32.0,32.5,36.5,34.8,45,812,3475
8:24:55,31.9,32.4,36.6,34.8,46,807,3480
8:25:55,31.9,32.3,36.6,34.8,46,807,3483
8:26:55,31.8,32.4,36.6,34.8,46,807,3475
8:27:55,31.9,32.4,36.6,34.8,46,803,3472
8:28:55,31.8,32.4,36.6,34.8,45,807,3480
8:29:55,31.9,32.4,36.7,34.9,46,807,3500
8:30:55,31.9,32.4,36.6,34.8,46,803,3494
8:31:55,31.9,32.3,36.6,34.8,45,803,3478
8:32:55,31.8,32.4,36.6,34.8,46,797,3489
8:33:55,31.9,32.4,36.7,34.9,46,797,3494
8:34:55,31.9,32.3,36.5,34.8,46,797,3489
8:35:55,31.9,32.2,36.5,34.9,46,797,3500
8:36:55,31.9,32.3,36.6,34.9,46,797,3475
8:37:55,31.9,32.3,36.6,34.8,46,792,3464
8:38:55,31.8,32.3,36.6,34.8,45,803,3483
8:39:55,31.8,32.3,36.5,34.7,46,797,3475
8:40:55,31.8,32.3,36.6,34.9,46,792,3489
8:41:55,31.8,32.3,36.4,34.7,45,792,3486
8:42:55,31.8,32.2,36.5,34.7,46,792,3483
8:43:55,31.8,32.3,36.6,34.8,46,792,3472
8:44:55,31.7,32.2,36.6,34.7,46,792,3475
8:45:55,31.8,32.2,36.4,34.8,46,792,3500
8:46:55,31.8,32.1,36.5,34.7,46,784,3489
8:47:55,31.8,32.1,36.5,34.7,46,792,3483
8:48:55,31.8,32.2,36.7,34.8,46,784,3486
8:49:55,31.8,32.1,36.6,34.7,46,784,3486
8:50:55,31.7,32.2,36.7,34.7,46,779,3483
8:51:55,31.7,32.2,36.7,34.7,46,784,3489
8:52:56,31.7,32.2,36.6,34.7,46,784,3491
8:53:56,31.7,32.0,36.6,34.8,46,779,3491
8:54:56,31.6,32.1,36.6,34.7,46,779,3478
8:55:56,31.7,32.2,36.5,34.7,46,776,3489
8:56:56,31.7,32.0,36.5,34.8,46,779,3475
8:57:56,31.7,32.1,36.6,34.6,46,779,3475
8:58:56,31.7,32.0,36.6,34.6,46,779,3491
8:59:56,31.6,32.1,36.6,34.7,46,779,3480
9:0:56,31.7,32.0,36.5,34.6,46,779,3472
9:1:56,31.7,32.1,36.5,34.8,46,776,3461
9:2:56,31.7,32.2,36.5,34.7,46,776,3483
9:3:56,31.7,32.1,36.7,34.7,46,779,3480
9:4:56,31.8,32.1,36.6,34.7,46,776,3483
9:5:56,31.6,32.1,36.6,34.9,46,776,3478
9:6:56,31.6,32.2,36.6,34.6,46,776,3475
9:7:56,31.7,32.1,36.5,34.7,46,776,3469
9:8:56,31.7,32.2,36.6,34.7,46,776,3475
9:9:56,31.7,32.0,36.5,34.6,46,776,3475
9:10:56,31.7,32.1,36.6,34.8,46,776,3464
9:11:56,31.6,32.1,36.5,34.7,46,776,3500
9:12:56,31.5,32.1,36.6,34.8,46,776,3475
9:13:56,31.6,31.9,36.6,34.9,46,776,3483
9:14:56,31.6,32.1,36.6,34.7,46,776,3483
9:15:56,31.6,32.0,36.5,34.7,46,776,3475
9:16:56,31.7,32.1,36.5,34.7,46,776,3480
9:17:56,31.6,32.1,36.6,34.8,46,776,3472
9:18:56,31.7,32.0,36.5,34.7,46,776,3467
9:19:56,31.8,32.0,36.6,34.7,46,776,3475
9:20:56,31.7,32.0,36.6,34.6,46,776,3502
9:21:56,31.6,32.1,36.5,34.8,46,776,3489
9:22:57,31.7,32.0,36.5,34.6,46,776,3472
9:23:57,31.6,32.0,36.6,34.6,46,768,3475
9:24:57,31.6,31.9,36.5,34.7,47,776,3494
9:25:57,31.6,32.0,36.5,34.8,46,768,3486
9:26:57,31.7,32.0,36.5,34.6,46,768,3494
9:27:57,31.6,32.0,36.6,34.7,47,768,3480
9:28:57,31.5,32.1,36.6,34.7,47,768,3486
9:29:57,31.6,32.0,36.5,34.6,46,768,3478
9:30:57,31.5,32.0,36.5,34.6,46,768,3475
9:31:57,31.5,31.9,36.5,34.6,46,768,3494
9:32:57,31.6,31.9,36.5,34.7,46,768,3491
9:33:57,31.5,32.0,36.5,34.7,46,765,3480
9:34:57,31.6,31.9,36.5,34.5,46,768,3469
9:35:57,31.6,32.0,36.6,34.7,46,768,3475
9:36:57,31.5,31.9,36.4,34.7,46,765,3464
9:37:57,31.6,31.9,36.7,34.7,46,768,3489
9:38:57,31.5,31.9,36.4,34.6,47,765,3480
9:39:57,31.6,31.9,36.5,34.6,47,765,3486
9:40:57,31.5,32.0,36.5,34.6,47,765,3478
9:41:57,31.6,31.9,36.5,34.6,47,765,3480
9:42:58,31.5,32.0,36.5,34.7,47,765,3489
9:43:58,31.5,31.8,36.5,34.7,47,759,3486
9:44:58,31.5,32.0,36.5,34.6,47,765,3472
9:45:58,31.5,31.8,36.5,34.6,47,765,3478
9:46:58,31.5,31.9,36.5,34.7,47,765,3467
9:47:58,31.4,31.8,36.5,34.6,47,768,3475
9:48:58,31.5,31.9,36.4,34.6,47,765,3472
9:49:58,31.5,32.0,36.5,34.6,47,765,3475
9:50:58,31.3,31.8,36.5,34.7,47,765,3475
9:51:58,31.5,31.9,36.4,34.6,47,765,3464
9:52:58,31.5,32.0,36.7,34.6,47,765,3478
9:53:58,31.5,31.9,36.4,34.6,47,765,3475
9:54:58,31.4,31.8,36.4,34.7,47,765,3480
9:55:58,31.5,31.8,36.5,34.6,47,765,3483
9:56:58,31.4,31.9,36.5,34.6,47,765,3489
9:57:58,31.5,31.8,36.5,34.6,47,765,3472
9:58:58,31.5,31.9,36.5,34.6,47,768,3475
9:59:58,31.5,31.8,36.4,34.6,47,765,3486
10:0:59,31.4,31.9,36.4,34.6,47,768,3475
10:1:59,31.5,31.9,36.5,34.6,47,765,3491
10:2:59,31.4,31.8,36.5,34.6,47,765,3461
10:3:59,31.4,31.9,36.6,34.6,47,759,3489
10:4:59,31.5,31.9,36.4,34.7,47,768,3486
10:5:59,31.6,31.8,36.5,34.6,47,759,3469
10:6:59,31.5,31.9,36.5,34.6,47,765,3489
10:7:59,31.4,31.8,36.6,34.5,47,759,3480
10:8:59,31.5,31.8,36.4,34.6,47,759,3486
10:9:59,31.4,31.9,36.4,34.7,47,759,3491
10:10:59,31.3,31.8,36.5,34.6,47,765,3483
10:11:59,31.4,31.8,36.5,34.5,47,759,3478
10:12:59,31.4,31.8,36.4,34.7,47,765,3478
10:13:59,31.4,31.8,36.5,34.6,47,759,3500
10:14:59,31.4,31.8,36.4,34.5,47,759,3469
10:15:59,31.3,31.8,36.4,34.5,47,759,3464
10:16:59,31.3,31.9,36.5,34.6,47,759,3491
10:17:59,31.2,31.8,36.6,34.6,47,759,3486
10:19:0,31.4,31.8,36.4,34.6,47,759,3478
10:20:0,31.3,31.8,36.4,34.5,47,759,3467
10:21:0,31.4,31.7,36.4,34.6,47,759,3480
10:22:0,31.4,31.8,36.3,34.5,47,759,3494
10:23:0,31.3,31.7,36.5,34.7,47,759,3480
10:24:0,31.3,31.8,36.3,34.5,47,759,3491
10:25:0,31.4,31.7,36.4,34.5,47,754,3478
10:26:0,31.3,31.7,36.4,34.5,47,754,3491
10:27:0,31.2,31.8,36.3,34.7,47,754,3469
10:28:0,31.3,31.8,36.4,34.6,47,754,3489
10:29:0,31.4,31.7,36.4,34.5,47,754,3500
10:30:0,31.4,31.7,36.4,34.5,47,749,3486
10:31:0,31.3,31.7,36.3,34.5,47,749,3467
10:32:0,31.3,31.8,36.4,34.7,47,754,3486
10:33:1,31.2,31.7,36.5,34.5,47,749,3464
10:34:1,31.3,31.6,36.4,34.6,47,749,3491
10:35:1,31.3,31.7,36.4,34.6,47,754,3480
10:36:1,31.2,31.6,36.4,34.5,47,749,3472
10:37:1,31.3,31.6,36.5,34.5,47,754,3500
10:38:1,31.2,31.6,36.4,34.5,47,754,3464
10:39:1,31.2,31.6,36.5,34.6,47,749,3464
10:40:1,31.3,31.7,36.3,34.5,47,749,3472
10:41:1,31.3,31.6,36.4,34.5,47,749,3475
10:42:1,31.3,31.5,36.4,34.5,47,749,3491
10:43:1,31.2,31.6,36.4,34.5,47,749,3480
10:44:1,31.2,31.6,36.4,34.5,47,744,3478
10:45:1,31.2,31.7,36.4,34.5,47,744,3475
10:46:1,31.1,31.6,36.4,34.5,47,749,3489
10:47:2,31.3,31.5,36.4,34.5,48,754,3469
10:48:2,31.1,31.6,36.2,34.5,47,749,3486
10:49:2,31.2,31.6,36.4,34.4,47,754,3453
10:50:2,31.2,31.5,36.3,34.4,47,744,3483
10:51:2,31.2,31.5,36.4,34.4,47,744,3489
10:52:2,31.2,31.6,36.5,34.5,47,744,3478
10:53:2,31.2,31.5,36.4,34.5,47,744,3489
10:54:2,31.2,31.5,36.5,34.6,47,744,3469
10:55:2,31.2,31.4,36.4,34.6,47,744,3456
10:56:2,31.2,31.5,36.5,34.5,47,744,3494
10:57:2,31.2,31.5,36.4,34.6,47,744,3483
10:58:2,31.1,31.6,36.6,34.6,47,744,3472
10:59:2,31.2,31.5,36.5,34.6,47,744,3480
11:0:3,31.3,31.5,36.6,34.5,47,749,3489
11:1:3,31.2,31.5,36.5,34.5,47,749,3478
11:2:3,31.2,31.6,36.6,34.6,47,749,3475
11:3:3,31.2,31.5,36.5,34.5,47,754,3483
11:4:3,31.2,31.5,36.5,34.7,48,744,3489
11:5:3,31.3,31.6,36.6,34.5,47,749,3475
11:6:3,31.2,31.6,36.5,34.5,48,749,3475
11:7:3,31.3,31.6,36.5,34.6,48,754,3489
11:8:3,31.2,31.6,36.4,34.6,47,754,3472
11:9:3,31.2,31.5,36.3,34.5,47,754,3489
11:10:3,31.2,31.5,36.4,34.6,47,749,3469
11:11:3,31.2,31.6,36.5,34.6,48,754,3478
11:12:4,31.2,31.5,36.5,34.5,48,749,3483
11:13:4,31.2,31.5,36.5,34.6,48,749,3478
11:14:4,31.2,31.5,36.4,34.6,47,749,3478
11:15:4,31.2,31.5,36.6,34.5,48,754,3489
11:16:4,31.2,31.5,36.6,34.6,48,749,3464
11:17:4,31.3,31.5,36.7,34.6,48,754,3475
11:18:4,31.1,31.4,36.5,34.5,48,749,3480
11:19:4,31.2,31.5,36.6,34.6,48,754,3486
11:20:4,31.2,31.5,36.5,34.5,48,754,3483
11:21:4,31.3,31.5,36.5,34.6,48,749,3483
11:22:4,31.2,31.5,36.4,34.6,48,754,3475
11:23:4,31.2,31.5,36.5,34.7,48,749,3458
11:24:5,31.1,31.6,36.6,34.6,48,754,3478
11:25:5,31.3,31.6,36.6,34.7,48,749,3489
11:26:5,31.2,31.6,36.5,34.6,48,754,3475
11:27:5,31.3,31.5,36.5,34.5,48,754,3483
11:28:5,31.2,31.6,36.6,34.6,48,754,3491
11:29:5,31.2,31.6,36.5,34.7,48,754,3489
11:30:5,31.2,31.6,36.7,34.7,48,754,3475
11:31:5,31.3,31.6,36.7,34.6,48,754,3469
11:32:5,31.2,31.4,36.6,34.6,48,759,3480
11:33:5,31.2,31.5,36.6,34.6,48,759,3500
11:34:5,31.1,31.6,36.7,34.7,48,759,3500
11:35:5,31.3,31.5,36.6,34.7,48,759,3478
11:36:5,31.3,31.4,36.6,34.7,48,759,3478
11:37:6,31.3,31.4,36.8,34.6,48,759,3453
11:38:6,31.2,31.5,36.7,34.7,48,759,3475
11:39:6,31.2,31.5,36.7,34.6,48,765,3472
11:40:6,31.2,31.5,36.7,34.8,48,765,3497
11:41:6,31.2,31.4,36.7,34.7,48,765,3464
11:42:6,31.2,31.6,36.6,34.7,48,759,3475
11:43:6,31.3,31.6,36.7,34.7,48,759,3464
11:44:6,31.2,31.5,36.8,34.6,48,765,3461
11:45:6,31.3,31.4,36.6,34.7,48,765,3475
11:46:6,31.3,31.6,36.8,34.7,48,765,3491
11:47:6,31.2,31.6,36.7,34.6,48,765,3489
11:48:6,31.2,31.5,36.8,34.7,48,765,3500
11:49:6,31.4,31.5,36.8,34.7,48,765,3475
11:50:6,31.4,31.5,36.6,34.8,48,768,3472
11:51:7,31.2,31.5,36.7,34.8,48,768,3483
11:52:7,31.2,31.6,36.7,34.7,48,765,3469
11:53:7,31.2,31.6,36.8,34.6,48,768,3489
11:54:7,31.2,31.4,36.6,34.8,48,768,3478
11:55:7,31.3,31.5,36.7,34.8,48,768,3475
11:56:7,31.3,31.3,36.8,34.7,48,768,3486
11:57:7,31.3,31.4,36.7,34.8,48,768,3472
11:58:7,31.3,31.3,36.8,34.8,48,768,3500
11:59:7,31.3,31.2,36.8,34.8,48,768,3464
12:0:7,31.3,31.3,36.8,34.8,48,776,3469
12:1:7,31.2,31.2,36.8,34.7,48,768,3489
12:2:7,31.3,31.2,36.8,34.9,48,776,3500
12:3:7,31.4,31.3,37.0,34.9,48,768,3483
12:4:7,31.3,31.2,36.7,34.8,48,776,3491
12:5:7,31.2,31.1,36.8,34.8,48,776,3472
12:6:7,31.2,31.2,36.6,34.8,48,776,3480
12:7:8,31.2,31.2,36.9,34.8,48,776,3486
12:8:8,31.3,30.9,37.0,34.9,48,779,3475
12:9:8,31.3,30.9,37.0,34.8,48,779,3475
12:10:8,31.3,30.8,36.9,35.1,48,779,3472
12:11:8,31.4,30.9,37.0,34.9,48,784,3472
12:12:8,31.3,30.9,36.9,34.9,48,792,3469
12:13:8,31.3,31.0,36.9,35.0,49,792,3489
12:14:8,31.3,31.1,37.0,34.9,48,797,3478
12:15:8,31.4,31.1,36.9,35.0,48,792,3475
12:16:8,31.4,31.0,37.3,35.0,49,797,3486
12:17:8,31.4,31.1,37.2,35.1,48,797,3478
12:18:8,31.4,31.2,37.3,35.2,48,803,3467
12:19:8,31.4,31.4,37.2,35.2,49,803,3478
12:20:8,31.4,31.5,37.3,35.2,48,807,3478
12:21:8,31.4,31.5,37.3,35.1,48,807,3483
12:22:8,31.6,31.5,37.2,35.3,48,812,3480
12:23:8,31.5,31.5,37.3,35.3,48,818,3469
12:24:8,31.6,31.4,37.4,35.5,48,818,3475
12:25:8,31.5,31.5,37.4,35.3,49,822,3469
12:26:8,31.8,31.6,37.2,35.4,49,822,3472
12:27:8,31.6,31.9,37.3,35.3,49,822,3486
12:28:8,31.7,31.9,37.4,35.4,48,835,3480
12:29:8,31.7,31.9,37.5,35.4,49,830,3475
12:30:8,31.6,31.8,37.6,35.5,48,838,3489
12:31:8,31.7,31.9,37.4,35.3,49,847,3478
12:32:8,31.6,32.0,37.4,35.5,49,838,3491
12:33:8,31.8,32.0,37.4,35.5,49,847,3500
12:34:8,31.8,32.0,37.4,35.5,49,851,3486
12:35:8,31.7,32.0,37.5,35.6,49,857,3458
12:36:8,31.8,32.1,37.6,35.4,48,851,3486
12:37:8,31.8,32.0,37.6,35.6,49,872,3480
12:38:8,31.8,32.0,37.6,35.7,49,857,3472
12:39:8,31.8,32.1,37.4,35.5,49,864,3500
12:40:8,31.8,32.3,37.6,35.6,49,872,3480
12:41:8,31.9,32.2,37.6,35.6,49,864,3475
12:42:8,31.9,32.4,37.5,35.6,48,872,3480
12:43:8,31.8,32.4,37.6,35.7,49,878,3483
12:44:8,31.9,32.4,37.6,35.5,49,878,3491
12:45:8,31.9,32.5,37.5,35.6,49,882,3464
12:46:8,32.0,32.3,37.7,35.6,49,882,3475
12:47:8,32.0,32.4,37.7,35.7,49,889,3480
12:48:8,32.0,32.6,37.7,35.8,48,889,3480
12:49:8,31.9,32.4,37.2,35.5,49,878,3461
12:50:8,32.0,32.2,37.5,35.7,48,872,3478
12:51:8,31.9,32.3,37.7,36.1,48,882,3480
12:52:8,31.8,32.4,37.8,36.4,49,897,3464
12:53:8,31.9,32.5,37.8,36.6,49,902,3464
12:54:8,31.9,32.6,37.9,36.9,49,915,3494
12:55:8,32.1,32.8,37.9,37.2,49,920,3480
12:56:8,32.1,32.9,38.1,37.0,49,927,3478
12:57:7,32.3,33.0,38.1,37.0,49,939,3483
12:58:7,32.2,33.1,38.1,37.2,49,946,3486
12:59:7,32.4,33.4,38.1,37.4,49,956,3472
13:0:7,32.5,33.4,38.1,37.3,48,956,3472
13:1:7,32.5,33.5,38.2,37.4,48,966,3500
13:2:7,32.6,33.5,38.2,37.4,48,966,3480
13:3:7,32.6,33.7,38.2,37.4,48,985,3478
13:4:7,32.7,33.7,38.2,37.5,48,988,3489
13:5:6,32.7,33.7,38.3,37.5,48,995,3491
13:6:6,32.8,33.9,38.2,37.5,48,995,3472
13:7:6,32.9,34.0,38.3,37.4,48,1013,3472
13:8:6,32.9,34.0,38.3,37.5,48,1017,3483
13:9:6,32.9,34.1,38.4,37.5,48,1030,3480
13:10:5,33.0,34.2,38.3,37.6,48,1030,3480
13:11:5,33.1,34.2,38.3,37.6,48,1037,3469
13:12:5,33.0,34.2,38.3,37.6,48,1054,3467
13:13:5,33.0,34.3,38.4,37.5,48,1054,3475
13:14:5,33.1,34.3,38.4,37.7,48,1061,3486
13:15:5,33.2,34.5,38.5,37.6,48,1061,3472
13:16:4,33.1,34.5,38.4,37.6,48,1081,3486
13:17:4,33.1,34.5,38.5,37.7,48,1081,3486
13:18:4,33.3,34.5,38.4,37.7,48,1093,3489
13:19:4,33.3,34.5,38.4,37.6,48,1093,3478
13:20:3,33.3,34.5,38.5,37.6,48,1093,3489
13:21:3,33.2,34.4,38.5,37.6,48,1112,3467
13:22:3,33.3,34.4,38.6,37.5,48,1122,3472
13:23:3,33.3,34.5,38.6,37.6,48,1122,3500
13:24:3,33.2,34.4,38.5,37.7,48,1129,3475
13:25:2,33.2,34.6,38.5,37.7,48,1129,3478
13:26:2,33.3,34.5,38.7,37.6,48,1140,3475
13:27:2,33.3,34.5,38.6,37.7,48,1148,3510
13:28:2,33.3,34.5,38.5,37.7,48,1148,3486
13:29:1,33.3,34.5,38.5,37.6,48,1154,3489
13:30:1,33.4,34.6,38.5,37.6,48,1154,3472
13:31:1,33.3,34.5,38.5,37.6,48,1162,3480
13:32:1,33.4,34.6,38.5,37.6,48,1175,3464
13:33:0,33.4,34.4,38.5,37.6,48,1175,3500
13:34:0,33.4,34.7,38.6,37.6,48,1183,3480
13:35:0,33.3,34.6,38.5,37.8,48,1183,3497
13:36:0,33.4,34.7,38.5,37.7,48,1192,3475
13:36:59,33.4,34.6,38.5,37.7,48,1192,3500
13:37:59,33.4,34.7,38.6,37.6,48,1201,3489
13:38:59,33.4,34.6,38.6,37.8,48,1201,3502
13:39:59,33.5,34.6,38.7,37.7,48,1212,3480
13:40:59,33.3,34.5,38.5,37.2,48,1201,3472
13:41:58,32.9,33.9,38.4,36.9,48,1162,3469
13:42:58,32.4,33.3,38.4,37.0,47,1154,3489
13:43:58,32.4,32.9,38.5,37.0,48,1148,3486
13:44:58,32.2,32.6,38.5,36.8,48,1148,3480
13:45:58,32.0,32.5,38.5,36.8,48,1148,3469
13:46:58,31.9,32.5,38.4,36.8,48,1140,3478
13:47:57,31.8,32.3,38.3,36.7,49,1140,3472
13:48:57,31.7,32.2,38.4,36.6,49,1129,3467
13:49:57,31.6,32.0,38.4,36.6,49,1129,3467
13:50:57,31.6,32.0,38.2,36.4,49,1140,3475
13:51:57,31.6,32.0,38.2,36.4,50,1129,3475
13:52:57,31.5,31.9,38.2,36.3,50,1122,3469
13:53:57,31.5,31.9,38.2,36.3,50,1129,3453
13:54:57,31.5,31.9,38.2,36.3,50,1129,3469
13:55:57,31.4,31.8,38.1,36.2,50,1129,3478
13:56:57,31.3,31.6,37.7,35.8,50,1122,3461
13:57:57,31.6,31.0,36.7,37.2,51,1129,3467
13:58:57,31.9,30.7,36.4,37.8,51,1140,3448
13:59:57,32.0,30.6,36.0,38.1,52,1148,3450
14:0:57,32.1,30.3,36.1,38.0,52,1154,3478
14:1:56,32.3,30.3,36.0,38.1,52,1162,3458
14:2:56,32.3,30.3,35.9,38.1,53,1162,3458
14:3:56,32.4,30.3,35.7,38.2,53,1162,3458
14:4:56,32.4,30.3,35.8,38.1,53,1175,3464
14:5:56,32.4,30.3,35.7,38.1,53,1183,3472
14:6:56,32.4,30.2,35.8,38.0,53,1183,3453
14:7:56,32.3,30.3,35.6,38.1,54,1183,3456
14:8:56,32.4,30.1,35.8,38.1,53,1183,3464
14:9:56,32.4,30.1,35.7,38.1,54,779,3412
14:10:56,32.4,30.4,35.3,37.9,54,1192,3467
14:11:55,31.6,30.2,34.7,35.3,54,1100,3461
14:12:56,30.8,30.0,34.0,33.0,51,988,3448
14:13:56,29.9,29.4,33.0,31.5,49,897,3442
14:14:56,29.1,28.9,32.3,30.4,48,822,3467
14:15:57,28.3,28.3,31.7,29.5,49,759,3453
14:16:57,27.6,27.7,31.1,28.8,49,706,3461
14:17:58,26.9,27.1,30.4,27.9,50,652,3469
14:18:59,26.4,26.7,29.9,27.5,50,614,3445
14:20:0,25.7,26.1,29.4,27.0,51,573,3453
14:21:1,25.3,25.7,28.9,26.4,52,485,3456
14:22:2,24.8,25.2,28.5,26.0,52,493,3467
14:23:3,24.6,24.9,28.2,25.5,53,473,3458
14:24:4,24.2,24.7,27.9,25.3,54,447,3426
14:25:5,23.8,24.3,27.7,24.9,54,423,3431
14:26:6,23.6,23.9,27.3,24.9,55,406,3450
14:27:7,23.4,23.6,27.0,24.6,55,400,3453
14:28:9,23.3,23.4,26.7,24.4,56,400,3445
14:29:10,23.1,23.2,26.4,24.3,57,400,3434
14:30:11,22.9,23.1,26.2,24.1,58,400,3437
14:31:12,22.8,22.9,26.1,24.0,58,400,3450
14:32:14,22.7,22.7,25.8,23.7,59,400,3448
14:33:15,22.4,22.5,25.7,23.4,59,400,3428
14:34:17,22.2,22.4,25.5,23.4,60,400,3439
14:35:18,22.2,22.3,25.4,23.2,60,400,3439
14:36:19,22.0,22.1,25.2,22.9,61,400,3431
14:37:21,21.8,22.0,25.2,22.8,61,400,3445
14:38:22,21.9,21.8,25.0,22.8,61,400,3445
14:39:24,21.6,21.7,24.9,22.7,62,400,3450
14:40:25,21.6,21.6,24.7,22.6,62,400,3431
14:41:27,21.5,21.5,24.5,22.5,62,400,3428
14:42:28,21.3,21.5,24.4,22.4,63,400,3431
14:43:30,21.2,21.3,24.2,22.0,63,400,3431
14:44:31,21.0,21.3,24.2,21.8,64,400,3423
14:45:33,21.0,21.1,24.0,22.4,64,400,3393
14:46:34,27.4,24.1,23.8,22.5,65,700,3431
14:47:36,30.4,26.9,23.9,22.9,71,788,3437
14:48:37,31.9,28.8,24.2,23.4,76,886,3442
14:49:38,32.8,30.1,24.7,24.1,76,988,3445
14:50:38,33.4,31.0,25.1,24.7,74,1091,3445
14:51:39,33.9,31.8,25.7,25.4,73,1195,3431
14:52:39,34.4,32.4,26.2,25.9,71,1294,3453
14:53:40,34.6,32.8,26.8,26.4,70,1397,3439
14:54:40,35.0,33.2,27.2,27.0,68,1488,3456
14:55:41,35.0,33.5,27.6,27.4,67,1578,3461
14:56:41,35.3,33.8,28.1,27.8,66,1671,3448
14:57:41,35.6,34.1,28.4,28.2,64,1753,3450
14:58:41,35.7,34.4,28.7,28.6,64,1829,3456
14:59:42,35.7,34.6,29.0,28.9,63,1901,3442
15:0:42,35.8,34.7,29.3,29.2,62,1958,3448
15:1:42,36.0,34.9,29.5,29.5,61,2014,3478
15:2:42,36.1,35.2,29.8,29.7,61,2094,3453
15:3:42,36.2,35.2,29.9,30.0,60,2118,3461
15:4:42,36.5,35.3,30.1,30.2,60,2180,3480
15:5:42,36.6,35.6,30.3,30.4,59,2210,3453
15:6:42,36.4,35.6,30.4,30.6,59,2270,3472
15:7:42,36.5,35.7,30.5,30.6,58,2311,3464
15:8:42,36.8,35.7,30.7,30.8,58,2349,3469
15:9:42,36.8,35.9,30.7,31.0,57,2382,3467
15:10:42,36.8,35.8,30.9,31.1,57,2438,3464
15:11:42,36.9,36.0,31.1,31.2,57,2457,3475
15:12:42,36.9,36.0,31.0,31.3,57,2502,3467
15:13:42,36.9,36.1,31.2,31.5,57,2544,3467
15:14:41,36.9,36.2,31.2,31.5,57,2576,3483
15:15:41,37.0,36.3,31.4,31.7,56,2620,3467
15:16:41,37.1,36.3,31.4,31.7,56,2638,3467
15:17:41,37.2,36.3,31.5,31.7,56,2661,3469
15:18:41,37.1,36.3,31.4,31.9,56,2704,3478
15:19:41,37.1,36.4,31.5,31.9,56,2719,3469
15:20:41,37.2,36.4,31.6,32.0,56,2739,3478
15:21:41,37.2,36.5,31.7,31.9,56,2786,3464
15:22:40,37.2,36.6,31.6,31.9,55,2786,3458
15:23:41,36.6,36.1,31.6,31.0,56,2148,3442
15:24:40,35.1,36.2,33.5,30.9,55,2739,3461
15:25:40,34.0,36.2,34.3,30.9,56,2704,3467
15:26:40,33.1,36.3,34.8,30.6,55,2661,3472
15:27:40,32.6,36.3,35.0,30.6,55,2661,3480
15:28:40,32.1,36.1,35.1,30.4,55,2638,3469
15:29:40,31.9,36.1,35.3,30.3,55,2620,3472
15:30:40,31.8,35.9,35.4,30.2,55,2620,3461
15:31:41,31.8,35.9,35.5,30.2,55,2620,3475
15:32:41,31.5,35.9,35.6,30.0,56,2620,3489
15:33:41,31.5,35.9,35.7,30.0,56,2638,3461
15:34:41,31.3,35.9,35.5,30.0,56,2638,3491
15:35:41,31.4,35.8,35.4,29.9,56,2638,3467
15:36:41,31.3,35.9,35.5,30.0,57,2638,3483
15:37:41,31.3,35.7,35.3,29.9,57,2661,3472
15:38:42,31.3,35.9,35.5,29.9,57,2681,3456
15:39:42,31.3,35.8,35.5,29.8,57,2681,3464
15:40:42,31.3,35.8,35.4,29.9,57,2681,3472
15:41:42,31.3,35.6,35.4,29.8,57,2704,3489
15:42:42,31.3,35.7,35.5,29.8,57,2719,3469
15:43:42,31.2,35.8,35.6,29.7,58,2719,3483
15:44:42,31.4,35.6,35.5,29.8,57,2719,3475
15:45:43,31.2,35.8,35.4,29.7,58,2762,3464
15:46:43,31.2,35.6,35.5,29.7,58,2739,3458
15:47:43,31.3,35.7,35.6,29.8,58,2762,3472
15:48:43,31.2,35.7,35.4,29.7,58,2762,3461
15:49:43,31.3,35.8,35.6,29.7,58,2786,3458
15:50:43,31.2,35.8,35.5,29.7,58,2807,3467
15:51:43,31.3,35.9,35.5,29.7,58,2786,3475
15:52:44,31.3,35.8,35.4,29.7,58,2807,3480
15:53:44,31.1,35.6,35.5,29.7,58,2807,3461
15:54:44,31.2,35.9,35.4,29.7,58,2830,3478
15:55:44,31.3,35.8,35.4,29.8,58,2830,3467
15:56:44,31.3,35.7,35.7,29.7,58,2850,3478
15:57:44,31.3,35.7,35.4,29.6,58,2850,3478
15:58:45,31.3,35.8,35.5,29.7,58,2850,3464
15:59:45,31.5,35.7,35.4,29.7,58,2880,3461
16:0:45,31.3,35.7,35.4,29.7,58,2908,3475
16:1:45,31.2,35.8,35.4,29.7,59,2908,3453
16:2:45,31.4,35.7,35.5,29.6,58,2908,3458
16:3:45,31.4,35.7,35.5,29.7,59,2929,3469
16:4:45,31.3,35.8,35.4,29.7,59,2929,3469
16:5:45,31.3,35.7,35.4,29.7,59,2929,3475
16:6:46,31.4,35.7,35.5,29.7,59,2959,3478
16:7:46,31.3,35.7,35.5,29.7,59,2959,3475
16:8:46,31.3,35.7,35.6,29.7,59,2979,3469
16:9:46,31.3,35.8,35.6,29.7,59,2999,3475
16:10:46,31.2,35.6,35.5,29.7,58,2999,3467
16:11:46,31.3,35.6,35.5,29.7,59,2999,3500
16:12:46,31.3,35.6,35.4,29.7,59,3023,3478
16:13:47,31.3,35.7,35.6,29.8,59,3023,3478
16:14:47,31.3,35.7,35.4,29.7,59,3052,3478
16:15:47,31.3,35.6,35.6,29.8,59,3052,3458
16:16:47,31.4,35.7,35.5,29.7,59,3074,3464
16:17:47,31.3,35.7,35.5,29.8,59,3074,3464
16:18:47,31.4,35.6,35.5,29.7,59,3074,3467
16:19:47,31.3,35.6,35.5,29.9,59,3074,3478
16:20:48,31.3,35.6,35.6,29.7,59,3140,3467
16:21:48,31.3,35.7,35.5,29.8,59,3098,3472
16:22:48,31.3,35.6,35.5,29.7,59,3098,3480
16:23:48,31.4,35.7,35.4,29.7,59,3074,3469
16:24:48,31.4,35.7,35.5,29.8,59,3140,3464
16:25:48,31.5,35.7,35.6,29.7,59,3140,3489
16:26:48,31.4,35.6,35.7,29.8,59,3164,3461
16:27:49,31.4,35.8,35.7,29.8,59,3164,3478
16:28:49,31.4,35.6,35.6,29.8,59,3164,3478
16:29:49,31.4,35.9,35.6,29.7,59,3188,3472
16:30:49,31.3,35.6,35.6,29.7,59,3209,3494
16:31:49,31.4,35.7,35.7,29.8,59,3188,3478
16:32:49,31.4,35.9,35.6,29.8,59,3188,3467
16:33:49,31.5,35.8,35.7,29.8,59,3209,3467
16:34:49,31.4,35.8,35.6,29.9,59,3209,3467
16:35:50,31.4,35.7,35.6,29.8,59,3240,3472
16:36:50,31.4,35.7,35.7,29.9,59,3240,3458
16:37:50,31.5,35.7,35.6,29.9,59,3240,3478
16:38:50,31.4,35.7,35.6,29.8,59,3240,3472
16:39:50,31.4,35.7,35.5,29.9,59,3262,3469
16:40:50,31.4,35.7,35.3,29.8,59,3262,3478
16:41:50,31.2,34.9,34.6,29.9,59,3188,3467
16:42:51,30.7,34.9,35.4,30.1,57,3140,3475
16:43:51,30.3,34.8,35.7,30.0,58,3140,3489
16:44:51,30.2,34.9,36.0,30.1,58,3164,3483
16:45:51,30.3,35.0,36.2,30.1,58,3188,3480
16:46:51,30.0,35.1,36.2,30.3,57,3164,3478
16:47:51,30.1,35.0,36.2,30.3,57,3164,3472
16:48:51,30.1,35.0,36.2,30.5,57,3188,3472
16:49:52,30.1,35.1,36.2,30.5,57,3188,3472
16:50:52,30.2,35.3,36.2,30.5,57,3164,3472
16:51:52,30.1,35.0,36.2,30.6,57,3209,3467
16:52:52,30.2,35.1,36.2,30.5,57,3188,3469
16:53:52,30.2,35.2,36.3,30.6,57,3209,3472
16:54:52,30.2,35.3,36.3,30.7,57,3209,3469
16:55:52,30.2,35.1,36.4,30.6,57,3209,3453
16:56:53,30.2,35.2,36.2,30.8,57,3209,3472
16:57:53,30.2,35.2,36.3,30.8,57,3240,3453
16:58:53,30.2,35.2,36.4,30.8,57,3209,3469
16:59:53,30.3,35.2,36.4,30.9,57,3209,3480
17:0:53,30.4,35.3,36.4,30.7,56,3240,3483
17:1:53,30.3,35.3,36.4,30.8,57,3240,3472
17:2:53,30.3,35.3,36.4,30.8,57,3240,3472
17:3:53,30.3,35.4,36.3,30.9,57,3240,3467
17:4:54,30.5,35.3,36.2,30.9,57,3240,3469
17:5:54,30.5,35.4,36.3,30.9,57,3262,3489
17:6:54,30.4,35.2,36.3,31.0,57,3262,3475
17:7:54,30.4,35.4,36.3,31.0,57,3262,3472
17:8:54,30.4,35.4,36.5,31.1,57,3262,3500
17:9:54,30.5,35.4,35.9,30.7,57,3209,3475
17:10:54,30.2,35.0,35.9,30.7,56,3188,3469
17:11:54,30.2,34.8,35.8,30.7,56,3188,3472
17:12:54,30.2,34.7,35.8,30.7,57,3188,3478
17:13:55,30.2,34.7,35.9,30.6,57,3188,3467
17:14:55,30.1,34.7,35.9,30.7,57,3188,3478
17:15:55,30.1,34.7,35.9,30.7,57,3188,3467
17:16:55,30.1,34.6,36.0,30.8,57,3188,3467
17:17:55,30.2,34.7,36.0,30.8,57,3188,3475
17:18:55,30.2,34.6,36.0,30.8,57,3188,3472
17:19:55,30.2,34.7,36.1,30.9,57,3188,3472
17:20:56,30.1,34.6,36.1,30.9,57,3188,3475
17:21:56,30.1,34.6,35.9,30.8,57,3209,3472
17:22:56,30.1,34.7,35.9,30.9,57,3209,3489
17:23:56,30.1,34.6,35.9,31.0,57,3188,3464
17:24:56,30.2,34.6,35.9,30.9,57,3164,3469
17:25:56,30.2,34.7,36.0,31.0,58,3209,3467
17:26:57,30.2,34.7,35.9,30.8,57,3209,3480
17:27:57,30.2,34.8,36.2,31.0,57,3209,3478
17:28:57,30.2,34.6,36.0,31.0,57,3209,3478
17:29:57,30.1,34.7,36.0,31.0,57,3240,3464
17:30:57,30.2,34.8,36.0,31.1,58,3240,3467
17:31:57,30.1,34.7,36.1,31.0,58,3240,3475
17:32:57,30.2,34.8,36.1,31.0,58,3240,3453
17:33:57,30.2,34.7,36.1,31.1,58,3240,3475
17:34:58,30.3,34.6,36.0,31.0,58,3240,3475
17:35:58,30.3,34.7,36.1,31.1,58,3240,3472
17:36:58,30.2,34.8,36.0,31.0,58,3262,3483
17:37:58,30.3,34.7,35.9,31.0,58,3262,3480
17:38:58,30.3,34.8,36.0,31.1,58,3262,3469
17:39:58,30.3,34.8,36.1,31.1,58,3262,3480
17:40:58,30.4,34.8,36.1,31.0,58,3262,3478
17:41:58,30.3,34.7,36.2,31.1,58,3262,3453
17:42:59,30.4,34.7,36.1,31.1,57,3287,3461
17:43:59,30.3,34.7,36.1,31.1,58,3287,3472
17:44:59,30.3,34.8,36.1,31.1,58,3287,3478
17:45:59,30.3,34.8,36.2,31.1,58,3287,3467
17:46:59,30.3,34.7,36.1,31.1,58,3287,3475
17:47:59,30.3,34.7,36.2,31.1,58,3287,3478
17:48:59,30.3,34.9,36.2,31.1,58,3287,3472
17:49:59,30.5,34.8,36.3,31.1,58,3321,3453
17:51:0,30.4,34.9,36.3,31.0,58,3321,3483
17:52:0,30.4,34.8,36.2,31.1,57,3321,3480
17:53:0,31.1,35.0,34.7,30.4,58,3240,3486
17:54:0,32.4,36.2,33.7,30.2,55,3321,3442
17:55:0,33.4,36.4,33.2,29.9,58,3385,3464
17:56:0,34.0,36.6,32.7,29.9,59,3453,3478
17:57:0,34.5,36.7,32.4,30.0,59,3482,3469
17:58:0,34.8,36.8,32.2,30.1,60,3545,3453
17:59:0,34.8,36.6,32.1,30.0,60,3569,3475
18:0:0,34.9,36.9,32.0,30.0,60,3569,3458
18:1:0,35.1,36.8,32.0,30.0,60,3611,3475
18:2:0,35.2,36.9,31.9,30.1,60,3642,3475
18:3:0,35.2,36.8,31.9,30.2,60,3642,3478
18:4:0,35.1,36.8,32.0,30.1,60,3673,3478
18:5:0,35.2,36.7,31.9,30.1,60,3673,3453
18:6:0,35.3,36.8,31.9,30.0,60,3673,3483
18:7:0,35.2,36.9,31.8,30.3,59,3699,3469
18:8:0,35.2,36.8,31.9,30.2,59,3731,3486
18:9:0,35.3,36.9,31.9,30.2,59,3699,3475
18:10:0,35.3,36.8,31.8,30.1,59,3731,3469
18:11:0,35.2,36.9,31.9,30.2,59,3731,3469
18:12:0,35.2,36.8,31.8,30.2,59,3731,3458
18:13:0,35.1,36.9,31.9,30.1,59,3776,3475
18:14:0,35.3,36.9,31.9,30.2,59,3776,3472
18:15:0,35.2,36.8,31.8,30.2,59,3776,3469
18:16:0,35.2,36.8,31.8,30.1,59,3803,3486
18:17:0,35.3,36.8,31.9,30.2,59,3776,3464
18:18:0,35.0,36.8,31.9,30.0,59,3803,3475
18:19:0,35.3,36.7,31.8,30.1,59,3803,3469
18:20:0,35.2,36.8,32.0,30.1,59,3803,3469
18:21:0,35.3,36.8,31.8,30.1,59,3776,3472
18:22:0,35.3,36.8,31.8,30.1,59,3803,3483
18:23:0,35.2,36.7,31.8,30.2,59,3803,3469
18:24:0,35.2,36.7,31.9,30.2,59,3234,3472
18:25:0,35.2,36.7,31.9,30.2,59,3234,3469
18:26:0,35.2,36.7,31.9,30.1,59,3255,3456
18:27:0,35.1,36.6,31.8,30.0,59,3234,3480
18:28:0,35.3,36.8,31.8,30.1,59,3234,3461
18:28:59,35.0,36.7,31.8,30.1,59,3234,3472
18:29:59,35.2,36.7,31.8,30.2,58,3255,3478
18:30:59,35.2,36.9,31.7,30.3,59,3255,3478
18:31:59,35.1,36.8,31.8,30.2,59,3255,3469
18:32:59,35.3,36.9,31.8,30.2,59,3255,3442
18:33:59,35.2,36.7,31.8,30.2,58,3255,3461
18:34:59,35.3,36.8,31.9,30.1,59,3255,3453
18:35:59,35.2,36.7,31.8,30.2,58,3255,3461
18:36:59,35.1,36.8,31.9,30.3,59,3255,3472
18:37:59,35.2,36.8,31.8,30.2,59,3255,3469
18:38:59,35.2,36.8,31.9,30.2,59,3255,3480
18:39:59,35.3,36.8,31.9,30.2,59,3290,3478
18:40:59,35.2,36.9,31.9,30.2,58,3255,3475
18:41:59,35.3,36.7,31.8,30.2,59,3255,3475
18:42:59,35.3,36.7,31.8,30.1,59,3255,3475
18:43:59,35.3,36.8,31.9,30.1,58,3255,3464
18:44:59,35.2,36.6,31.9,30.2,59,3290,3478
18:45:59,35.3,36.8,31.9,30.2,58,3255,3467
18:46:59,35.3,36.6,31.9,30.2,58,3290,3467
18:47:59,35.2,36.8,31.8,30.2,58,3290,3478
18:48:59,35.3,36.7,31.8,30.3,59,3290,3464
18:49:59,35.2,36.8,31.9,30.2,58,3290,3450
18:50:59,35.3,36.7,31.9,30.3,59,3290,3472
18:51:59,35.2,36.9,31.9,30.2,58,3290,3472
18:52:59,35.3,36.7,31.8,30.2,58,3290,3458
18:53:59,35.3,36.7,31.9,30.2,58,3290,3486
18:54:59,35.3,36.6,31.8,30.2,58,3314,3478
18:55:59,35.3,36.7,31.9,30.3,58,3290,3461
18:56:59,35.4,36.6,31.9,30.2,58,3290,3458
18:57:58,35.3,36.8,31.8,30.3,58,3290,3453
18:58:58,35.2,36.8,31.8,30.3,58,3290,3469
18:59:58,35.3,36.7,31.8,30.2,58,3290,3456
19:0:58,35.3,36.6,31.8,30.2,58,3290,3469
19:1:58,35.2,36.6,31.8,30.2,58,3290,3478
19:2:58,35.3,36.7,31.8,30.2,58,3290,3480
19:3:58,35.2,36.6,31.8,30.2,58,3290,3448
19:4:58,35.2,36.7,31.8,30.1,58,3290,3461
19:5:58,35.3,36.8,31.8,30.2,58,3290,3467
19:6:58,35.2,36.6,31.7,30.1,58,2719,3412
19:7:58,35.1,35.6,31.4,30.7,58,2320,3437
19:8:58,35.1,34.8,31.7,34.8,56,3255,3458
19:9:58,35.5,34.3,32.3,36.6,57,3375,3472
19:10:58,35.8,34.1,32.8,37.3,58,3456,3467
19:11:58,36.0,34.1,33.1,37.6,59,3519,3483
19:12:57,36.1,34.1,33.6,37.8,59,3614,3464
19:13:57,36.3,34.1,34.0,37.8,59,3674,3475
19:14:57,36.3,34.1,34.2,37.9,58,3741,3469
19:15:57,36.5,34.2,34.5,38.0,58,3780,3478
19:16:56,36.5,34.4,34.6,38.0,57,3803,3469
19:17:56,36.6,34.3,34.9,38.0,57,3843,3461
19:18:56,36.6,34.3,35.0,38.2,57,3876,3472
19:19:55,36.6,34.4,35.2,38.0,57,3909,3475
19:20:55,36.7,34.5,35.1,38.1,56,3938,3472
19:21:55,36.6,34.5,35.2,38.3,56,3938,3461
19:22:54,36.7,34.4,35.3,38.2,56,3988,3453
19:23:54,36.7,34.4,35.2,38.4,55,3988,3467
19:24:53,36.7,34.5,35.4,38.3,56,4011,3458
19:25:53,36.8,34.4,35.4,38.3,55,4011,3464
19:26:53,36.8,34.5,35.3,38.4,55,4045,3458
19:27:52,36.7,34.5,35.4,38.3,55,4045,3489
19:28:52,36.8,34.5,35.4,38.3,55,4045,3469
19:29:51,36.7,34.4,35.5,38.3,55,4045,3453
19:30:51,36.8,34.5,35.4,38.4,55,4045,3469
19:31:51,36.7,34.5,35.4,38.4,54,4075,3467
19:32:50,36.9,34.5,35.4,38.3,54,4075,3486
19:33:50,36.7,34.4,35.4,38.3,54,4075,3480
19:34:50,36.7,34.6,35.4,38.2,54,4075,3475
19:35:49,36.7,34.3,35.4,38.3,54,4045,3478
19:36:49,36.9,34.5,35.3,38.4,54,4075,3467
19:37:48,36.8,34.3,35.2,38.3,54,4045,3478
19:38:48,36.7,34.2,35.3,38.4,54,4075,3489
19:39:48,36.6,34.3,35.2,38.4,54,4045,3480
19:40:47,36.8,34.2,35.3,38.3,54,4045,3456
19:41:47,36.7,34.3,35.3,38.4,54,4045,3464
19:42:47,36.8,34.3,35.1,38.2,54,4045,3456
19:43:46,36.7,34.2,35.2,38.4,54,4045,3472
19:44:46,36.7,34.1,35.2,38.3,54,4045,3467
19:45:45,36.6,34.2,35.2,38.5,54,4045,3475
19:46:45,36.8,34.3,35.2,38.4,53,4045,3467
19:47:45,36.7,34.1,34.9,38.3,53,4011,3456
19:48:44,36.4,33.9,34.5,37.7,53,3876,3456
19:49:44,36.8,33.6,33.6,37.0,52,3702,3467
19:50:44,37.5,33.5,32.9,36.8,52,3639,3458
19:51:44,37.6,33.5,32.4,36.7,52,3614,3442
19:52:43,37.4,33.5,32.2,36.5,53,3545,3469
19:53:43,37.5,33.5,32.0,36.5,53,3519,3469
19:54:43,37.5,33.4,31.8,36.3,54,3489,3464
19:55:43,37.5,33.3,31.9,36.2,53,3427,3478
19:56:42,37.5,33.3,31.6,36.3,54,3427,3478
19:57:42,37.3,33.3,31.7,36.2,54,3400,3464
19:58:42,37.4,33.3,31.7,36.2,54,3334,3458
19:59:42,37.4,33.4,31.6,36.2,54,3314,3475
20:0:42,37.4,33.3,31.5,36.2,53,3290,3464
20:1:41,37.3,33.4,31.6,36.1,54,3255,3464
20:2:41,37.3,33.3,31.6,36.1,54,3255,3467
20:3:41,37.4,33.3,31.5,36.1,54,3234,3467
20:4:41,37.2,33.4,31.5,36.1,54,3212,3478
20:5:41,37.3,33.3,31.5,36.1,54,3212,3467
20:6:41,37.2,33.2,31.5,36.2,54,3179,3469
20:7:40,37.4,33.4,31.5,36.0,54,3152,3478
20:8:40,37.3,33.3,31.5,36.2,54,3152,3453
20:9:40,37.3,33.3,31.5,36.2,54,3128,3464
20:10:40,37.2,33.2,31.5,36.1,54,3107,3467
20:11:40,37.3,33.3,31.5,36.1,54,3107,3458
20:12:39,37.3,33.2,31.5,36.0,54,3107,3469
20:13:39,37.3,33.2,31.6,36.1,53,3083,3464
20:14:39,37.3,33.3,31.5,35.9,54,3050,3469
20:15:39,37.3,33.3,31.5,35.9,54,3050,3469
20:16:39,37.3,33.2,31.5,36.0,54,3030,3464
20:17:38,37.3,33.3,31.5,36.0,54,3050,3475
20:18:38,37.3,33.2,31.5,36.0,54,3001,3461
20:19:38,37.3,33.2,31.6,36.1,53,3001,3467
20:20:38,37.4,33.2,31.5,35.9,53,2977,3464
20:21:38,37.4,33.2,31.5,36.0,53,2959,3478
20:22:38,37.3,33.3,31.5,36.0,53,2959,3472
20:23:37,37.4,33.3,31.5,36.0,53,2959,3478
20:24:37,37.4,33.3,31.5,36.0,53,2927,3472
20:25:37,37.4,33.3,31.5,36.0,53,2927,3469
20:26:37,37.3,33.3,31.5,36.0,53,2906,3480
20:27:37,37.3,33.3,31.5,36.0,53,2880,3467
20:28:37,37.4,33.3,31.5,35.9,53,2906,3453
20:29:36,37.4,33.2,31.5,35.9,53,2880,3469
20:30:36,37.3,33.3,31.5,36.0,53,2855,3456
20:31:36,37.3,33.2,31.5,36.0,53,2880,3475
20:32:36,37.2,33.3,31.6,36.0,53,2855,3472
20:33:36,37.4,33.3,31.4,36.0,53,2855,3464
20:34:35,37.4,33.2,31.5,36.0,53,2845,3478
20:35:35,37.3,33.3,31.7,36.1,53,2845,3472
20:36:35,37.3,33.3,31.5,36.1,53,2845,3478
20:37:35,37.3,33.2,31.6,35.9,53,2822,3478
20:38:35,37.4,33.3,31.5,35.9,53,2822,3469
20:39:35,37.3,33.2,31.6,36.0,53,2822,3469
20:40:34,37.4,33.2,31.5,35.9,53,2801,3472
20:41:34,37.3,33.1,31.5,36.0,53,2783,3467
20:42:34,37.3,33.0,31.5,35.9,53,2783,3467
20:43:34,37.2,33.1,31.4,35.8,53,2757,3489
20:44:34,37.3,33.1,31.4,35.8,53,2757,3467
20:45:34,37.0,33.3,31.4,35.8,53,2757,3467
20:46:33,37.2,33.1,31.5,35.8,53,2739,3469
20:47:33,37.2,33.2,31.4,35.6,53,2739,3467
20:48:33,37.2,33.2,31.5,35.8,53,2719,3469
20:49:33,37.3,32.9,31.4,35.7,53,2719,3483
20:50:33,37.3,33.1,31.5,35.8,53,2719,3458
20:51:33,37.1,33.0,31.3,35.7,53,2704,3453
20:52:32,37.2,33.0,31.4,35.8,53,2704,3467
20:53:32,37.2,33.0,31.3,35.7,53,2671,3478
20:54:32,37.3,33.0,31.4,35.7,53,2671,3469
20:55:32,37.2,33.1,31.4,35.8,53,2671,3464
20:56:32,37.3,33.0,31.4,35.7,53,2650,3464
20:57:32,37.2,33.0,31.4,35.7,53,2650,3478
20:58:31,37.3,33.1,31.5,35.7,53,2650,3475
20:59:31,37.0,32.9,31.4,35.6,53,2630,3467
21:0:31,37.0,33.1,31.3,35.7,53,2630,3464
21:1:31,37.2,33.0,31.4,35.8,53,2630,3453
21:2:31,37.1,33.0,31.4,35.7,53,2630,3469
21:3:31,37.2,33.0,31.4,35.7,53,2610,3467
21:4:30,37.0,33.0,31.5,35.7,53,2610,3467
21:5:30,37.2,33.0,31.3,35.9,53,2610,3461
21:6:30,37.2,33.1,31.4,35.8,53,2593,3453
21:7:30,37.3,33.0,31.5,35.7,53,2593,3453
21:8:30,37.2,32.9,31.4,35.7,52,2576,3464
21:9:30,37.2,33.0,31.4,35.8,52,2576,3480
21:10:30,37.2,32.9,31.4,35.8,52,2576,3478
21:11:29,37.2,32.9,31.4,35.6,53,2556,3475
21:12:29,37.2,33.0,31.3,35.6,53,2556,3467
21:13:29,37.1,33.0,31.4,35.6,52,2556,3489
21:14:29,37.2,33.1,31.4,35.5,53,2535,3467
21:15:29,37.0,32.9,31.4,35.4,52,2535,3483
21:16:29,37.2,33.0,31.3,35.6,52,2516,3472
21:17:29,37.2,33.0,31.3,35.5,53,2516,3453
21:18:28,37.2,32.9,31.4,35.7,53,2516,3469
21:19:28,37.2,32.9,31.4,35.6,53,2516,3480
21:20:28,37.2,33.0,31.3,35.6,52,2516,3467
21:21:28,37.2,33.0,31.4,35.6,53,2501,3461
21:22:28,37.0,32.9,31.3,35.4,53,2476,3478
21:23:28,37.0,33.0,31.3,35.6,53,2501,3469
21:24:27,37.0,32.9,31.4,35.5,52,2476,3475
21:25:27,37.0,32.9,31.3,35.5,53,2459,3464
21:26:27,37.0,32.9,31.4,35.5,53,2459,3464
21:27:27,37.1,33.0,31.3,35.6,52,2459,3467
21:28:27,37.0,32.8,31.3,35.4,53,2370,3450
21:29:27,37.2,32.9,31.4,35.5,52,2459,3469
21:30:27,37.2,32.8,31.3,35.5,53,2442,3469
21:31:26,37.2,32.9,31.3,35.5,52,2442,3456
21:32:26,37.0,32.8,31.3,35.6,52,2423,3469
21:33:26,37.2,32.9,31.3,35.5,52,2423,3456
21:34:26,37.2,32.8,31.2,35.5,52,2402,3461
21:35:26,37.0,32.8,31.2,35.5,52,2402,3464
21:36:26,37.0,32.7,31.2,35.6,52,2402,3469
21:37:26,37.0,32.8,31.4,35.5,52,2386,3453
21:38:26,37.0,32.8,31.3,35.3,52,2386,3475
21:39:25,37.0,32.8,31.4,35.5,52,2386,3478
21:40:25,37.1,32.8,31.2,35.6,53,2386,3467
21:41:25,37.0,32.7,31.2,35.4,52,2386,3464
21:42:25,37.1,32.7,31.2,35.5,52,2370,3458
21:43:25,37.0,32.9,31.1,35.4,52,2370,3456
21:44:25,37.2,32.8,31.2,35.5,52,2357,3467
21:45:25,37.0,32.8,31.2,35.4,52,2370,3456
21:46:24,37.1,32.9,31.2,35.4,52,2370,3467
21:47:24,37.2,32.7,31.3,35.4,52,2357,3480
21:48:24,37.1,32.6,31.2,35.4,52,2338,3453
21:49:24,37.1,32.6,31.2,35.4,52,2338,3469
21:50:24,37.1,32.7,31.3,35.4,52,2338,3461
21:51:24,37.2,32.7,31.2,35.4,52,2320,3461
21:52:24,37.0,32.7,31.3,35.4,52,2320,3464
21:53:24,37.0,32.8,31.3,35.4,52,2320,3461
21:54:23,37.0,32.7,31.2,35.2,52,2287,3478
21:55:23,36.4,33.2,31.3,33.8,52,2269,3489
21:56:23,36.4,34.4,31.4,33.2,52,2269,3475
21:57:23,36.4,35.1,31.4,32.8,52,2269,3464
21:58:23,36.2,35.5,31.4,32.5,52,2269,3475
21:59:23,36.2,35.8,31.5,32.3,52,2287,3467
22:0:23,36.3,35.8,31.6,32.2,52,2287,3469
22:1:23,36.3,36.1,31.6,32.0,52,2269,3453
22:2:23,36.2,36.0,31.8,32.1,51,2287,3458
22:3:23,36.4,36.0,31.7,32.0,51,2287,3480
22:4:23,36.2,36.0,31.7,31.9,51,2287,3469
22:5:23,36.3,36.1,31.9,31.8,51,2287,3469
22:6:23,36.4,36.0,31.8,31.9,51,2269,3472
22:7:23,36.3,36.1,31.8,31.8,51,2269,3467
22:8:23,36.3,36.0,31.8,31.9,51,2269,3469
22:9:22,36.2,36.1,31.8,31.8,51,2269,3448
22:10:22,36.2,36.1,31.8,31.8,51,2269,3469
22:11:22,36.2,36.0,31.8,31.8,51,2269,3461
22:12:22,36.2,36.1,31.9,31.8,50,2255,3464
22:13:22,36.0,35.8,31.7,31.5,50,2242,3450
22:14:22,36.1,35.4,31.5,31.5,50,2191,3472
22:15:22,36.6,35.2,31.1,31.6,50,2178,3453
22:16:22,36.8,34.9,31.0,31.7,50,2178,3453
22:17:22,36.7,34.9,30.8,31.9,51,2178,3461
22:18:22,36.8,34.9,30.8,32.0,51,2191,3472
22:19:22,36.9,34.7,30.7,32.0,51,2178,3458
22:20:22,36.7,34.8,30.8,32.1,52,2178,3478
22:21:22,36.7,34.8,30.5,32.0,52,2178,3478
22:22:22,36.9,34.8,30.7,32.2,52,2178,3461
22:23:22,36.8,34.9,30.7,31.9,52,2156,3467
22:24:22,36.9,34.8,30.5,32.1,52,2178,3461
22:25:22,36.8,34.6,30.6,32.1,52,2178,3467
22:26:22,36.8,34.8,30.6,32.0,52,2178,3461
22:27:22,36.9,34.8,30.6,32.1,52,2156,3478
22:28:22,36.7,34.7,30.7,32.1,52,2156,3467
22:29:22,36.8,34.8,30.6,32.0,52,2140,3461
22:30:22,36.7,34.7,30.7,32.1,52,2178,3472
22:31:22,36.7,34.9,30.6,32.1,52,2178,3478
22:32:22,36.7,34.8,30.7,32.1,53,2178,3458
22:33:22,36.8,34.7,30.7,32.1,52,2156,3453
22:34:21,36.7,34.8,30.6,32.2,52,2178,3478
22:35:21,36.7,34.7,30.5,32.2,52,2156,3453
22:36:21,36.7,34.8,30.6,32.2,52,2156,3456
22:37:21,36.7,34.7,30.6,32.2,52,2156,3469
22:38:21,36.8,34.9,30.5,32.1,52,2156,3467
22:39:21,36.7,34.8,30.7,32.3,52,2156,3458
22:40:21,36.8,34.9,30.7,32.2,53,2156,3478
22:41:21,36.8,34.8,30.6,32.1,52,2156,3461
22:42:21,36.7,34.8,30.6,32.1,52,2140,3478
22:43:21,36.9,34.8,30.6,32.1,52,2140,3450
22:44:21,36.7,34.8,30.7,32.1,53,2156,3461
22:45:21,36.7,34.8,30.6,32.1,52,2156,3467
22:46:21,36.6,34.8,30.6,32.1,52,2140,3450
22:47:21,36.7,34.7,30.6,32.1,52,2140,3464
22:48:21,36.7,34.9,30.7,32.1,53,2140,3464
22:49:21,36.7,34.9,30.7,32.1,52,2140,3464
22:50:21,36.8,34.7,30.6,32.2,52,2156,3475
22:51:21,36.8,34.7,30.6,32.2,52,2140,3478
22:52:21,36.7,34.8,30.6,32.0,53,2140,3453
22:53:21,36.7,34.7,30.5,32.2,52,2140,3453
22:54:21,36.7,34.8,30.6,32.1,52,2140,3467
22:55:21,36.8,34.7,30.6,32.0,52,2140,3456
22:56:21,36.6,34.8,30.5,32.1,52,2126,3453
22:57:21,36.7,34.8,30.7,32.1,52,2126,3442
22:58:21,36.7,34.8,30.7,32.1,52,2126,3469
22:59:21,36.5,34.7,30.7,32.1,52,2118,3464
23:0:21,36.7,34.8,30.7,32.3,52,2126,3467
23:1:21,36.8,34.9,30.7,32.1,52,2126,3467
23:2:21,36.8,34.8,30.6,32.1,52,2118,3475
23:3:21,36.7,34.7,30.6,32.2,52,2126,3458
23:4:21,36.7,34.8,30.6,32.1,52,2118,3464
23:5:21,36.6,34.7,30.5,32.1,52,2118,3467
23:6:21,36.7,34.7,30.6,32.1,52,2118,3456
23:7:21,36.8,34.8,30.6,32.2,53,2118,3453
23:8:21,36.6,34.7,30.4,32.1,52,2118,3472
23:9:21,36.7,34.7,30.6,32.1,52,2118,3464
23:10:21,36.4,34.7,30.6,32.1,52,2118,3464
23:11:21,36.7,34.7,30.5,32.1,52,2096,3478
23:12:21,36.6,34.7,30.6,31.9,52,2118,3458
23:13:20,36.6,34.6,30.7,32.1,52,2118,3467
23:14:20,36.6,34.7,30.5,32.0,52,2118,3453
23:15:20,36.5,34.6,30.6,32.1,52,2096,3448
23:16:20,36.7,34.7,30.6,32.1,52,2096,3469
23:17:20,36.8,34.7,30.6,32.0,52,2096,3472
23:18:20,36.7,34.7,30.5,32.1,52,2096,3458
23:19:20,36.7,34.7,30.6,32.1,52,2096,3453
23:20:20,36.5,34.7,30.5,32.0,52,2096,3467
23:21:20,36.6,34.8,30.6,32.0,52,2096,3472
23:22:20,36.6,34.9,30.6,32.1,52,2096,3467
23:23:20,36.7,34.7,30.6,32.0,52,2096,3448
23:24:20,36.6,34.7,30.6,32.2,52,2084,3464
23:25:20,36.6,34.8,30.6,32.1,52,2084,3456
23:26:20,36.7,34.8,30.7,32.1,52,2084,3478
23:27:20,36.7,34.8,30.6,32.1,52,2096,3467
23:28:20,36.6,34.7,30.7,32.1,52,2084,3453
23:29:20,36.7,34.8,30.6,32.1,52,2084,3453
23:30:20,36.7,34.7,30.6,32.0,52,2054,3448
23:31:20,36.7,34.7,30.6,32.1,52,2084,3450
23:32:20,36.8,34.8,30.6,32.1,52,2084,3458
23:33:20,36.7,34.8,30.7,32.1,52,2084,3453
23:34:20,36.8,34.7,30.6,32.1,52,2084,3448
23:35:20,36.7,34.8,30.6,32.1,52,2084,3467
23:36:20,36.8,34.7,30.7,32.1,52,2070,3464
23:37:20,36.7,34.8,30.6,32.1,52,2084,3453
23:38:20,36.6,34.9,30.6,32.1,52,2070,3469
23:39:20,36.7,34.7,30.7,32.1,52,2070,3456
23:40:20,36.6,34.7,30.6,32.2,52,2084,3456
23:41:20,36.6,34.7,30.6,32.1,52,2070,3467
23:42:20,36.7,34.8,30.6,32.1,52,2070,3461
23:43:20,36.7,34.9,30.7,32.1,52,2084,3437
23:44:20,36.7,34.7,30.5,32.0,52,2070,3458
23:45:20,36.6,34.8,30.6,32.0,52,2070,3467
23:46:20,36.6,34.7,30.6,32.1,52,2070,3453
23:47:20,36.7,34.7,30.5,32.1,52,2070,3461
23:48:20,36.7,34.7,30.6,32.1,52,2070,3442
23:49:20,36.7,34.8,30.6,32.2,52,2070,3469
23:50:20,36.7,34.8,30.6,32.0,52,2070,3461
23:51:20,36.7,34.8,30.6,32.1,52,2070,3464
23:52:20,36.7,34.8,30.6,32.2,52,2070,3456
23:53:20,36.7,34.7,30.7,31.9,52,2070,3461
23:54:19,36.7,34.7,30.7,32.1,52,2054,3453
23:55:19,36.7,34.8,30.5,31.9,52,2070,3456
23:56:19,36.7,34.7,30.6,32.2,52,2054,3464
23:57:19,36.7,34.8,30.6,32.1,52,2070,3453
23:58:19,36.7,34.9,30.4,32.0,52,2054,3448
23:59:19,36.6,34.7,30.6,32.1,52,2054,3464
0:0:19,36.8,34.8,30.7,32.1,52,2054,3461
