0:1:18,33.5,37.2,35.5,32.3,45,1666,3508
0:2:18,33.6,37.2,35.6,32.3,45,1644,3516
0:3:17,33.6,37.2,35.6,32.3,45,1644,3500
0:4:17,33.6,37.0,35.6,32.2,45,1644,3513
0:5:17,33.6,37.2,35.7,32.2,44,1627,3502
0:6:17,33.4,37.2,35.8,32.3,44,1627,3527
0:7:17,33.4,37.2,35.9,32.1,44,1603,3502
0:8:17,33.4,37.2,35.7,32.1,44,1603,3505
0:9:17,33.4,37.0,35.8,32.1,44,1603,3502
0:10:17,33.4,37.1,35.7,32.0,44,1603,3505
0:11:17,33.4,37.3,35.6,32.1,44,1588,3510
0:12:17,33.4,37.3,35.7,32.0,44,1603,3519
0:13:17,33.4,37.2,35.9,32.2,44,1588,3521
0:14:17,33.5,37.3,35.7,31.9,44,1588,3491
0:15:17,33.4,37.3,35.7,31.9,44,1569,3500
0:16:17,33.4,37.1,35.8,31.9,44,1569,3510
0:17:17,33.3,37.3,35.8,31.8,44,1549,3505
0:18:17,33.2,37.0,35.6,31.8,44,1549,3500
0:19:17,33.3,37.1,35.7,31.8,44,1549,3524
0:20:17,33.2,37.1,35.6,31.8,44,1549,3502
0:21:16,33.1,37.0,35.8,31.7,44,1541,3513
0:22:16,33.3,37.2,35.5,31.7,44,1522,3502
0:23:16,33.3,37.1,35.5,31.6,44,1522,3500
0:24:16,33.2,37.3,35.7,31.7,44,1522,3510
0:25:16,33.2,37.1,35.6,31.6,44,1522,3502
0:26:16,33.2,37.0,35.6,31.7,44,1522,3521
0:27:16,33.1,37.2,35.6,31.6,44,1506,3521
0:28:16,33.2,37.1,35.5,31.5,44,1506,3510
0:29:16,33.2,37.2,35.5,31.6,44,1491,3497
0:30:16,33.2,37.0,35.6,31.6,44,1506,3510
0:31:16,33.1,37.1,35.6,31.5,44,1506,3505
0:32:16,33.2,36.5,35.0,31.5,44,1472,3500
0:33:16,34.8,35.4,33.9,32.0,44,1457,3505
0:34:16,36.2,35.1,33.2,32.3,44,1457,3527
0:35:16,36.7,34.8,32.7,32.7,45,1472,3500
0:36:16,36.9,34.6,32.3,32.9,46,1472,3505
0:37:16,37.0,34.6,32.2,33.1,46,1472,3510
0:38:16,37.0,34.5,31.9,33.2,46,1491,3508
0:39:16,37.0,34.5,31.9,33.2,46,1472,3516
0:40:16,37.0,34.5,31.8,33.2,46,1472,3502
0:41:15,37.0,34.5,31.7,33.4,46,1472,3505
0:42:15,37.0,34.4,31.7,33.3,46,1457,3510
0:43:15,37.0,34.4,31.7,33.4,47,1457,3505
0:44:15,37.0,34.3,31.6,33.4,46,1438,3519
0:45:15,37.1,34.3,31.7,33.3,46,1438,3502
0:46:15,37.0,34.4,31.6,33.3,46,1438,3497
0:47:15,37.0,34.4,31.7,33.3,46,1438,3510
0:48:15,37.2,34.4,31.5,33.4,46,1424,3510
0:49:15,37.1,34.3,31.7,33.5,47,1438,3497
0:50:15,37.0,34.3,31.5,33.2,46,1424,3513
0:51:15,36.9,34.3,31.6,33.3,46,1424,3497
0:52:15,37.0,34.4,31.5,33.3,46,1400,3500
0:53:14,37.2,34.3,31.5,33.4,46,1400,3510
0:54:14,37.1,34.3,31.5,33.4,46,1400,3505
0:55:14,36.9,34.4,31.5,33.3,46,1384,3521
0:56:14,37.1,34.3,31.5,33.4,47,1384,3505
0:57:14,36.9,34.3,31.5,33.4,46,1384,3516
0:58:14,37.2,34.3,31.6,33.4,46,1384,3494
0:59:14,37.0,34.3,31.5,33.3,46,1384,3516
1:0:14,37.1,34.4,31.5,33.4,46,1369,3519
1:1:14,36.9,34.3,31.5,33.3,47,1369,3497
1:2:14,36.9,34.2,31.5,33.5,46,1369,3508
1:3:14,36.9,34.2,31.5,33.4,46,1369,3497
1:4:14,36.9,34.2,31.5,33.4,46,1369,3508
1:5:14,36.8,34.2,31.5,33.3,46,1352,3500
1:6:13,36.9,34.3,31.5,33.3,47,1352,3505
1:7:13,36.9,34.2,31.4,33.3,47,1352,3521
1:8:13,36.9,34.3,31.5,33.3,47,1352,3521
1:9:13,36.9,34.2,31.4,33.4,46,1352,3510
1:10:13,36.8,34.2,31.4,33.3,47,1338,3516
1:11:13,36.9,34.1,31.5,33.2,46,1338,3505
1:12:13,36.8,34.2,31.5,33.3,46,1338,3483
1:13:13,36.9,34.1,31.5,33.3,46,1323,3500
1:14:13,37.0,34.2,31.4,33.3,46,1323,3510
1:15:13,36.8,34.2,31.5,33.4,46,1323,3500
1:16:13,37.0,34.3,31.4,33.3,47,1323,3505
1:17:13,36.9,34.2,31.4,33.3,47,1323,3516
1:18:13,37.1,34.1,31.6,33.2,46,1323,3502
1:19:13,36.8,34.3,31.5,33.3,46,1323,3510
1:20:13,36.9,34.2,31.5,33.2,46,1323,3508
1:21:13,37.0,34.3,31.5,33.3,46,1310,3516
1:22:12,36.8,34.3,31.5,33.3,46,1323,3500
1:23:12,36.9,34.2,31.5,33.4,47,1310,3497
1:24:12,36.9,34.2,31.4,33.1,47,1310,3519
1:25:12,37.0,34.1,31.4,33.2,46,1310,3508
1:26:12,36.6,34.4,31.5,33.0,47,1310,3500
1:27:12,35.7,36.5,32.2,32.2,47,1352,3505
1:28:12,35.3,37.1,32.9,31.8,48,1369,3497
1:29:12,35.0,37.4,33.2,31.3,47,1400,3508
1:30:12,35.0,37.5,33.7,31.3,47,1438,3510
1:31:12,34.9,37.5,33.9,30.9,46,1438,3505
1:32:12,34.9,37.6,34.1,31.0,46,1457,3497
1:33:12,34.8,37.5,34.1,30.8,46,1457,3500
1:34:12,34.8,37.6,34.2,30.7,46,1472,3486
1:35:12,34.8,37.6,34.2,30.6,46,1491,3508
1:36:12,34.8,37.6,34.2,30.7,46,1491,3510
1:37:11,34.8,37.5,34.3,30.6,46,1491,3491
1:38:11,34.7,37.5,34.3,30.6,46,1506,3513
1:39:11,34.8,37.6,34.2,30.6,46,1506,3505
1:40:11,34.8,37.6,34.2,30.5,46,1506,3497
1:41:11,34.8,37.5,34.4,30.5,46,1522,3491
1:42:11,34.8,37.5,34.2,30.4,46,1522,3510
1:43:11,34.7,37.6,34.4,30.5,46,1541,3510
1:44:11,34.7,37.6,34.3,30.6,46,1541,3494
1:45:11,34.7,37.5,34.3,30.5,46,1541,3521
1:46:11,34.8,37.6,34.4,30.4,46,1541,3500
1:47:11,34.7,37.6,34.5,30.4,46,1549,3510
1:48:11,34.8,37.6,34.3,30.3,46,1549,3502
1:49:11,34.8,37.6,34.3,30.4,46,1549,3502
1:50:11,34.9,37.6,34.3,30.3,46,1549,3510
1:51:10,34.9,37.6,34.4,30.4,46,1569,3516
1:52:10,34.7,37.6,34.4,30.4,46,1569,3494
1:53:10,34.9,37.6,34.3,30.4,46,1569,3505
1:54:10,34.8,37.5,34.3,30.5,46,1588,3486
1:55:10,34.8,37.6,34.2,30.3,46,1588,3508
1:56:10,34.9,37.6,34.4,30.3,46,1588,3500
1:57:10,34.8,37.5,34.4,30.4,46,1603,3497
1:58:10,34.7,37.5,34.3,30.4,46,1603,3494
1:59:10,34.9,37.5,34.3,30.3,46,1603,3500
2:0:10,34.8,37.5,34.3,30.4,46,1588,3505
2:1:10,34.7,37.5,34.3,30.4,46,1644,3497
2:2:10,34.8,37.6,34.3,30.4,46,1627,3491
2:3:10,34.8,37.6,34.3,30.4,46,1603,3513
2:4:9,34.9,37.6,34.4,30.4,46,1627,3505
2:5:9,34.9,37.6,34.3,30.4,46,1627,3510
2:6:9,34.8,37.5,34.5,30.5,46,1627,3502
2:7:9,34.9,37.6,34.3,30.4,46,1644,3502
2:8:9,34.5,37.3,34.5,31.0,46,1627,3510
2:9:9,33.6,36.5,36.2,31.9,46,1603,3513
2:10:9,33.2,35.9,37.3,32.5,46,1627,3513
2:11:9,32.6,35.8,37.6,32.9,46,1627,3497
2:12:9,32.3,35.6,37.6,33.4,46,1644,3494
2:13:9,32.0,35.6,37.6,33.6,46,1644,3486
2:14:9,32.0,35.5,37.7,33.7,46,1666,3513
2:15:9,31.8,35.5,37.7,33.8,46,1666,3510
2:16:9,31.7,35.3,37.7,33.8,46,1666,3513
2:17:9,31.6,35.4,37.6,33.8,46,1666,3505
2:18:9,31.5,35.4,37.7,34.0,46,1644,3508
2:19:9,31.5,35.4,37.6,33.8,46,1644,3497
2:20:8,31.5,35.3,37.6,33.9,46,1644,3505
2:21:8,31.5,35.4,37.5,33.9,46,1644,3497
2:22:8,31.3,35.3,37.5,33.9,46,1644,3505
2:23:8,31.4,35.3,37.5,33.8,46,1644,3505
2:24:8,31.4,35.4,37.5,33.8,46,1666,3508
2:25:8,31.4,35.2,37.6,33.7,46,1666,3510
2:26:8,31.2,35.3,37.5,33.6,46,1644,3521
2:27:8,31.3,35.3,37.6,33.7,46,1644,3516
2:28:8,31.3,35.2,37.5,33.6,46,1644,3508
2:29:8,31.3,35.4,37.6,33.6,46,1644,3513
2:30:8,31.2,35.4,37.6,33.6,46,1644,3494
2:31:8,31.2,35.2,37.6,33.7,46,1644,3505
2:32:8,31.1,35.3,37.6,33.7,46,1644,3508
2:33:8,31.2,35.2,37.6,33.6,46,1644,3508
2:34:8,31.2,35.2,37.6,33.6,46,1644,3500
2:35:8,31.2,35.2,37.5,33.6,46,1644,3516
2:36:8,31.2,35.3,37.6,33.6,46,1644,3508
2:37:8,31.1,35.4,37.6,33.6,46,1644,3510
2:38:8,31.2,35.2,37.6,33.6,46,1644,3510
2:39:8,31.2,35.2,37.5,33.6,46,1644,3521
2:40:8,31.2,35.2,37.6,33.5,46,1644,3519
2:41:8,31.1,35.3,37.5,33.6,46,1644,3519
2:42:8,31.2,35.2,37.5,33.6,46,1644,3505
2:43:8,31.2,35.1,37.6,33.5,46,1644,3516
2:44:8,31.2,35.2,37.6,33.5,46,1644,3513
2:45:8,31.1,35.0,37.6,33.6,46,1644,3532
2:46:8,31.2,35.2,37.6,33.6,46,1644,3510
2:47:8,31.1,35.2,37.6,33.7,46,1644,3521
2:48:8,31.1,35.1,37.5,33.6,46,1644,3516
2:49:8,31.2,35.2,37.5,33.6,46,1644,3516
2:50:8,31.1,35.2,37.5,33.5,46,1666,3505
2:51:8,31.1,35.2,37.5,33.6,46,1644,3508
2:52:8,31.2,35.2,37.7,33.6,46,1666,3491
2:53:8,31.1,35.2,37.6,33.6,46,1644,3513
2:54:8,31.0,35.2,37.5,33.5,46,1666,3502
2:55:7,31.1,35.2,37.6,33.6,46,1666,3516
2:56:7,31.1,35.1,37.5,33.5,46,1644,3502
2:57:7,31.1,35.1,37.6,33.6,46,1666,3502
2:58:7,31.2,35.1,37.5,33.7,46,1666,3497
2:59:7,31.0,35.2,37.6,33.5,46,1666,3516
3:0:7,31.1,35.1,37.6,33.6,46,1666,3521
3:1:7,31.0,35.0,37.5,33.4,46,1666,3521
3:2:7,31.1,35.2,37.6,33.5,46,1666,3521
3:3:7,31.1,35.2,37.6,33.6,46,1688,3497
3:4:7,31.1,35.2,37.6,33.6,46,1666,3508
3:5:7,31.1,35.0,37.5,33.6,46,1666,3513
3:6:7,31.1,35.2,37.6,33.6,46,1666,3508
3:7:7,31.2,35.2,37.6,33.5,46,1666,3502
3:8:7,31.2,35.1,37.5,33.5,46,1666,3497
3:9:7,31.1,35.2,37.6,33.6,46,1688,3508
3:10:7,31.1,35.2,37.6,33.6,46,1688,3502
3:11:7,31.1,35.2,37.6,33.6,46,1688,3508
3:12:7,31.1,35.2,37.7,33.6,46,1688,3516
3:13:7,31.1,35.2,37.6,33.5,46,1688,3505
3:14:7,31.6,34.9,37.3,33.8,46,1706,3497
3:15:7,32.0,34.4,36.8,36.6,46,1756,3510
3:16:7,32.1,33.7,36.8,37.5,47,1774,3494
3:17:7,32.4,33.3,36.6,37.7,47,1791,3510
3:18:7,32.4,33.0,36.8,37.8,47,1816,3505
3:19:7,32.4,32.7,36.9,37.9,47,1791,3502
3:20:6,32.2,32.5,36.9,37.8,47,1816,3510
3:21:6,32.3,32.4,36.7,37.9,47,1816,3508
3:22:6,32.3,32.3,36.8,37.8,47,1816,3505
3:23:6,32.3,32.1,36.8,37.8,48,1816,3510
3:24:6,32.3,32.3,36.7,37.7,47,1816,3502
3:25:6,32.2,32.0,36.8,37.7,47,1816,3497
3:26:6,32.1,32.0,36.8,37.8,47,1816,3510
3:27:6,32.3,32.1,36.8,37.8,47,1816,3516
3:28:5,32.2,32.0,36.7,37.8,47,1816,3513
3:29:5,32.1,32.0,36.7,37.8,47,1816,3505
3:30:5,32.3,31.9,36.7,37.9,47,1816,3510
3:31:5,32.2,32.0,36.7,37.8,47,1791,3502
3:32:5,32.1,32.0,36.8,37.7,47,1791,3500
3:33:5,32.0,31.9,36.6,37.8,47,1816,3494
3:34:5,32.2,31.9,36.8,37.7,47,1791,3486
3:35:5,32.2,31.9,36.7,37.8,47,1791,3505
3:36:4,32.1,31.9,36.6,37.8,47,1791,3521
3:37:4,32.0,31.9,36.7,37.7,47,1791,3497
3:38:4,32.0,31.9,36.7,37.8,47,1791,3500
3:39:4,32.1,31.9,36.6,37.8,47,1774,3516
3:40:4,32.0,31.9,36.7,37.8,47,1791,3519
3:41:4,32.1,31.9,36.7,37.6,47,1774,3505
3:42:4,32.1,31.9,36.6,37.7,47,1791,3513
3:43:4,32.0,31.9,36.7,37.8,47,1774,3489
3:44:4,32.0,31.8,36.6,37.8,47,1774,3502
3:45:4,32.1,31.8,36.5,37.6,48,1791,3494
3:46:4,32.1,31.9,36.6,37.8,47,1774,3475
3:47:3,32.0,31.8,36.7,37.8,47,1791,3521
3:48:3,32.0,31.8,36.8,37.8,47,1774,3516
3:49:3,32.1,31.9,36.6,37.8,47,1791,3497
3:50:3,32.0,32.0,36.6,37.8,47,1791,3521
3:51:3,32.1,31.8,36.6,37.8,47,1774,3502
3:52:3,32.1,31.9,36.7,37.8,47,1791,3500
3:53:3,32.0,31.8,36.6,37.9,47,1774,3519
3:54:3,32.1,31.8,36.6,37.8,47,1774,3491
3:55:3,31.9,31.7,36.6,37.7,47,1774,3505
3:56:3,32.0,31.9,36.6,37.8,48,1774,3500
3:57:2,32.0,31.7,36.6,37.8,47,1774,3486
3:58:2,32.0,31.8,36.6,37.8,47,1774,3497
3:59:2,31.9,31.7,36.5,37.9,47,1774,3521
4:0:2,32.0,31.8,36.7,37.8,47,1774,3516
4:1:2,31.9,31.8,36.7,37.9,47,1774,3516
4:2:2,31.9,31.9,36.6,37.7,47,1774,3519
4:3:2,31.9,31.8,36.6,37.8,47,1774,3505
4:4:2,31.9,31.9,36.6,37.8,47,1774,3505
4:5:2,31.9,31.8,36.6,37.8,48,1774,3483
4:6:2,32.1,31.8,36.6,37.8,47,1774,3500
4:7:2,32.0,31.9,36.6,37.9,47,1774,3516
4:8:1,31.9,31.8,36.6,37.8,47,1774,3497
4:9:1,31.9,31.8,36.6,37.9,47,1791,3500
4:10:1,32.0,31.8,36.6,37.8,47,1774,3502
4:11:1,31.9,31.8,36.5,37.9,47,1774,3502
4:12:1,31.9,31.8,36.6,37.9,47,1774,3497
4:13:1,32.0,31.8,36.5,37.8,47,1774,3500
4:14:1,32.0,31.7,36.6,37.8,47,1774,3489
4:15:1,31.9,31.7,36.4,37.8,47,1774,3510
4:16:1,32.0,31.8,36.7,37.9,47,1774,3500
4:17:1,31.9,31.7,36.5,37.9,47,1774,3497
4:18:0,31.9,31.7,36.6,37.9,47,1774,3502
4:19:0,31.9,31.7,36.7,38.0,47,1774,3497
4:20:0,31.9,31.8,36.6,38.0,47,1774,3510
4:21:0,31.9,31.8,36.6,37.9,47,1774,3508
4:22:0,32.0,31.8,36.6,38.1,47,1774,3500
4:23:0,31.9,31.8,36.7,38.0,47,1774,3510
4:24:0,32.0,31.8,36.7,38.0,47,1774,3505
4:25:0,32.0,31.8,36.7,37.9,47,1774,3494
4:26:0,31.9,31.8,36.7,37.9,47,1774,3500
4:27:0,31.9,31.8,36.7,37.9,47,1774,3502
4:27:59,31.9,31.8,36.8,38.1,47,1774,3521
4:28:59,31.9,31.8,36.7,38.0,47,1774,3491
4:29:59,32.0,31.9,36.7,38.0,47,1791,3510
4:30:59,31.9,31.9,36.7,37.9,47,1774,3510
4:31:59,31.9,31.8,36.7,38.0,47,1791,3480
4:32:59,32.0,31.8,36.7,37.9,47,1791,3497
4:33:59,32.1,31.8,36.6,37.9,47,1791,3491
4:34:59,31.9,31.8,36.8,37.9,47,1791,3502
4:35:59,31.9,31.8,36.8,38.0,47,1791,3510
4:36:59,31.9,31.8,36.9,38.0,47,1791,3497
4:37:58,31.9,31.8,36.8,38.1,47,1816,3502
4:38:58,32.1,31.8,36.7,37.8,47,1791,3508
4:39:58,32.5,32.4,37.1,36.8,47,1843,3510
4:40:58,32.1,32.6,37.6,36.4,48,1862,3521
4:41:58,32.0,32.9,37.6,36.4,48,1882,3491
4:42:58,31.9,33.0,37.8,36.4,48,1912,3510
4:43:58,31.6,33.0,37.8,36.4,48,1912,3494
4:44:58,31.5,33.0,37.9,36.2,48,1932,3497
4:45:58,31.5,33.1,37.9,36.4,48,1951,3486
4:46:57,31.5,33.1,37.9,36.3,48,1951,3494
4:47:57,31.6,33.2,37.9,36.4,48,1951,3497
4:48:57,31.3,33.2,37.9,36.4,49,1987,3521
4:49:57,31.6,33.2,37.9,36.3,48,1987,3508
4:50:57,31.4,33.3,37.8,36.4,48,1987,3500
4:51:57,31.5,33.1,37.9,36.5,48,1987,3500
4:52:57,31.3,33.2,37.8,36.3,48,2008,3497
4:53:57,31.4,33.2,37.9,36.3,48,2033,3508
4:54:57,31.4,33.3,38.0,36.2,49,2008,3497
4:55:57,31.4,33.1,37.9,36.2,49,2008,3497
4:56:56,31.4,33.2,37.9,36.4,48,2033,3508
4:57:56,31.4,33.1,37.9,36.3,49,2033,3497
4:58:56,31.4,33.3,37.9,36.4,49,2062,3502
4:59:56,31.3,33.3,38.0,36.3,48,2062,3519
5:0:56,31.3,33.2,38.0,36.2,49,2062,3508
5:1:56,31.4,33.3,37.9,36.3,49,2062,3502
5:2:56,31.4,33.2,37.9,36.3,49,2096,3500
5:3:56,31.4,33.1,37.9,36.3,49,2062,3497
5:4:56,31.3,33.2,37.9,36.2,49,2096,3519
5:5:56,31.3,33.2,38.1,36.3,49,2096,3502
5:6:55,31.5,33.2,37.8,36.2,49,2096,3505
5:7:55,31.3,33.2,37.9,36.3,49,2096,3510
5:8:55,31.3,33.2,37.9,36.1,49,2096,3510
5:9:55,31.4,33.3,37.9,36.3,49,2122,3494
5:10:55,31.4,33.3,37.9,36.3,48,2122,3502
5:11:55,31.4,33.3,38.1,36.3,49,2122,3502
5:12:55,31.4,33.2,38.0,36.3,49,2144,3508
5:13:55,31.4,33.2,38.0,36.3,49,2144,3508
5:14:55,31.5,33.2,37.8,36.4,49,2170,3497
5:15:54,31.4,33.2,38.0,36.3,49,2170,3510
5:16:54,31.3,33.2,38.2,36.3,49,2170,3494
5:17:54,31.4,33.3,38.0,36.4,49,2170,3500
5:18:54,31.3,33.2,37.9,36.5,49,2170,3508
5:19:54,31.3,33.2,38.1,36.3,49,2170,3502
5:20:54,31.4,33.2,38.1,36.4,49,2170,3521
5:21:54,31.5,33.2,38.0,36.3,49,2170,3508
5:22:54,31.4,33.2,38.0,36.3,49,2170,3497
5:23:54,31.5,33.8,37.5,35.6,49,2170,3494
5:24:53,34.1,36.5,36.5,34.6,48,2287,3510
5:25:53,35.3,37.5,35.7,33.6,49,2359,3524
5:26:53,36.0,37.8,35.1,33.1,49,2382,3508
5:27:53,36.3,37.9,34.8,32.9,49,2420,3510
5:28:53,36.4,38.1,34.6,32.6,49,2420,3505
5:29:52,36.7,38.1,34.6,32.4,48,2456,3505
5:30:52,36.7,38.1,34.4,32.2,48,2456,3516
5:31:52,36.8,38.2,34.4,32.1,48,2456,3502
5:32:52,36.8,38.1,34.4,32.2,48,2456,3497
5:33:51,36.6,38.2,34.3,32.2,48,2487,3500
5:34:51,36.8,38.2,34.2,32.0,48,2487,3513
5:35:51,36.8,38.2,34.4,31.9,48,2487,3516
5:36:51,36.8,38.1,34.2,32.0,48,2487,3508
5:37:51,36.8,38.1,34.3,32.0,48,2456,3502
5:38:50,36.9,38.1,34.2,32.0,48,2487,3502
5:39:50,36.8,38.1,34.1,31.9,48,2456,3500
5:40:50,36.8,38.1,34.3,31.8,48,2487,3500
5:41:50,36.9,38.1,34.2,31.9,48,2456,3513
5:42:49,36.7,38.2,34.2,31.8,48,2487,3510
5:43:49,36.8,38.1,34.2,31.8,48,2487,3500
5:44:49,36.8,38.1,34.1,31.8,48,2487,3516
5:45:49,36.7,38.1,34.2,31.8,48,2456,3510
5:46:48,36.8,38.2,34.2,31.8,48,2487,3513
5:47:48,36.8,38.3,34.2,31.8,48,2487,3513
5:48:48,36.9,38.1,34.0,31.8,48,2487,3508
5:49:48,36.7,38.0,33.9,31.9,48,2456,3516
5:50:48,36.9,38.1,34.0,31.7,48,2487,3502
5:51:47,36.9,38.2,34.0,31.8,48,2487,3497
5:52:47,36.9,38.1,34.0,31.8,48,2487,3505
5:53:47,36.8,38.1,34.0,31.8,48,2456,3513
5:54:47,36.8,38.1,34.0,31.6,48,2487,3508
5:55:46,36.8,38.1,34.0,31.6,48,2487,3510
5:56:46,36.8,38.1,33.9,31.6,48,2456,3500
5:57:46,36.8,38.1,33.8,31.7,48,2456,3510
5:58:46,36.9,38.2,33.9,31.6,48,2487,3516
5:59:46,36.9,38.2,33.9,31.6,48,2487,3500
6:0:45,36.7,37.7,33.8,31.7,48,2456,3475
6:1:45,37.2,37.9,34.0,31.9,47,2456,3494
6:2:45,37.3,37.9,34.0,32.1,48,2487,3475
6:3:45,37.4,38.1,33.9,32.2,48,2511,3494
6:4:45,37.4,38.1,33.9,32.4,48,2584,3500
6:5:44,37.6,38.1,33.8,32.3,49,2618,3491
6:6:44,37.5,37.5,33.7,32.7,49,2618,3491
6:7:44,37.5,37.3,33.6,33.0,49,2618,3494
6:8:44,37.6,37.0,33.6,33.1,49,2694,3516
6:9:43,37.6,37.1,33.4,33.3,49,2694,3505
6:10:43,37.5,37.0,33.3,33.4,49,2694,3494
6:11:43,37.6,36.9,33.2,33.4,49,2694,3491
6:12:43,37.5,36.9,33.1,33.4,49,2694,3502
6:13:42,37.5,36.8,33.1,33.3,49,2694,3497
6:14:42,37.6,36.8,33.1,33.4,49,2694,3500
6:15:42,37.4,36.6,33.1,33.3,49,2694,3486
6:16:42,37.5,36.7,33.0,33.2,49,2645,3480
6:17:42,37.6,36.8,33.0,33.3,49,2694,3489
6:18:41,37.5,36.6,32.9,33.2,49,2645,3500
6:19:41,37.3,37.2,32.8,32.9,49,2584,3494
6:20:41,37.4,37.5,32.8,32.6,48,2511,3500
6:21:41,37.5,37.7,32.7,32.4,48,2456,3486
6:22:41,37.4,37.8,32.7,32.3,48,2420,3494
6:23:40,37.5,37.8,32.7,32.3,48,2359,3486
6:24:40,37.5,37.8,32.6,32.2,48,2322,3494
6:25:40,37.4,37.7,32.5,32.0,48,2287,3513
6:26:40,37.5,37.7,32.5,31.9,48,2287,3500
6:27:40,37.5,37.7,32.5,31.9,48,2263,3489
6:28:40,37.5,37.6,32.5,32.0,48,2226,3486
6:29:40,37.6,37.8,32.5,32.0,48,2226,3489
6:30:39,37.6,37.8,32.4,32.1,49,2205,3500
6:31:39,37.5,37.9,32.4,31.9,48,2205,3510
6:32:39,37.5,37.7,32.5,31.9,49,2170,3502
6:33:39,37.5,37.7,32.6,31.9,49,2205,3497
6:34:39,37.4,37.7,32.5,32.0,49,2170,3505
6:35:39,37.5,37.7,32.4,31.9,49,2144,3500
6:36:39,37.6,37.8,32.5,31.9,49,2144,3489
6:37:38,37.5,37.8,32.6,32.0,49,2144,3497
6:38:38,37.5,37.6,32.5,31.9,48,2144,3510
6:39:38,37.5,37.8,32.6,31.9,49,2122,3510
6:40:38,37.5,37.9,32.6,32.0,49,2144,3494
6:41:38,37.6,37.9,32.6,31.9,49,2122,3497
6:42:38,37.6,37.9,32.6,32.1,49,2122,3497
6:43:38,37.6,37.8,32.6,32.0,49,2122,3491
6:44:38,37.7,37.8,32.7,31.9,49,2096,3491
6:45:37,37.6,37.8,32.6,32.0,49,2096,3521
6:46:37,37.6,37.8,32.7,32.1,49,2096,3516
6:47:37,37.6,37.7,32.6,32.1,49,2096,3480
6:48:37,37.5,37.8,32.6,31.9,49,2062,3486
6:49:37,37.5,37.7,32.6,32.0,49,2096,3489
6:50:37,37.5,37.8,32.7,32.1,49,2062,3505
6:51:37,37.6,37.6,32.6,32.1,49,2062,3513
6:52:36,37.5,37.7,32.5,32.0,49,2062,3489
6:53:36,37.5,37.7,32.5,32.0,49,2033,3497
6:54:36,37.4,37.7,32.6,32.0,49,2033,3500
6:55:36,37.3,37.6,32.6,32.1,49,2033,3500
6:56:36,37.5,37.7,32.7,31.9,49,2033,3508
6:57:36,37.5,37.6,32.7,32.0,49,2033,3497
6:58:36,37.4,37.7,32.6,32.1,49,2008,3502
6:59:36,37.3,37.6,32.6,31.9,49,2008,3505
7:0:35,37.5,37.6,32.7,31.9,49,2008,3502
7:1:35,37.5,37.7,32.6,32.0,49,2008,3500
7:2:35,37.4,37.6,32.7,32.0,49,2008,3502
7:3:35,37.5,37.7,32.5,31.9,49,2008,3510
7:4:35,37.5,37.6,32.7,32.0,49,2008,3497
7:5:35,37.4,37.6,32.6,32.0,49,1987,3500
7:6:35,37.5,37.7,32.6,32.0,49,2008,3491
7:7:35,37.4,37.7,32.7,31.9,49,2008,3486
7:8:34,37.5,37.6,32.6,32.1,49,2008,3510
7:9:34,37.4,37.7,32.6,32.0,49,1987,3491
7:10:34,37.4,37.6,32.5,32.0,49,2008,3500
7:11:34,37.4,36.5,32.4,34.2,49,2033,3521
7:12:34,37.6,35.8,32.4,35.8,49,2144,3486
7:13:34,37.7,35.3,32.4,36.6,50,2205,3497
7:14:33,37.8,35.0,32.4,37.1,50,2263,3486
7:15:33,37.9,34.7,32.4,37.2,51,2287,3475
7:16:33,37.9,34.7,32.5,37.5,51,2322,3483
7:17:32,37.8,34.6,32.6,37.5,51,2322,3508
7:18:32,38.0,34.5,32.5,37.5,51,2359,3502
7:19:32,37.9,34.4,32.5,37.6,51,2359,3502
7:20:32,37.8,34.4,32.6,37.6,51,2359,3508
7:21:31,37.9,34.3,32.5,37.6,51,2382,3491
7:22:31,37.9,34.4,32.5,37.7,51,2382,3510
7:23:31,37.8,34.2,32.5,37.7,50,2382,3489
7:24:30,37.8,34.2,32.5,37.6,51,2382,3494
7:25:30,37.8,34.1,32.5,37.7,51,2382,3486
7:26:30,37.9,34.3,32.5,37.7,51,2382,3483
7:27:30,37.7,34.4,32.5,37.7,51,2420,3486
7:28:29,37.8,34.4,32.4,37.6,51,2420,3486
7:29:29,37.8,34.3,32.4,37.6,51,2420,3497
7:30:29,37.8,34.2,32.5,37.6,51,2420,3508
7:31:28,37.8,34.1,32.5,37.5,51,2420,3497
7:32:28,37.7,34.0,32.4,37.6,51,2382,3491
7:33:28,37.7,34.1,32.4,37.7,51,2382,3502
7:34:28,37.7,34.2,32.5,37.6,50,2420,3500
7:35:27,37.7,34.2,32.4,37.6,51,2382,3486
7:36:27,37.7,34.4,32.4,37.5,51,2420,3491
7:37:27,37.7,34.4,32.3,37.7,50,2382,3500
7:38:27,37.7,34.4,32.3,37.6,51,2382,3483
7:39:26,37.6,34.4,32.4,37.5,50,2420,3486
7:40:26,37.7,34.6,32.4,37.6,51,2420,3510
7:41:26,37.6,34.4,32.4,37.6,51,2420,3486
7:42:25,37.8,34.5,32.4,37.6,50,2420,3491
7:43:25,37.6,34.4,32.3,37.5,50,2420,3497
7:44:25,37.7,34.4,32.4,37.6,50,2382,3500
7:45:25,37.6,34.4,32.3,37.5,50,2382,3510
7:46:24,37.8,34.4,32.4,37.6,50,2420,3505
7:47:24,37.7,34.5,32.4,37.6,50,2420,3500
7:48:24,37.7,34.5,32.4,37.6,50,2382,3497
7:49:24,37.8,34.4,32.3,37.6,50,2420,3505
7:50:23,37.6,34.4,32.4,37.5,50,2420,3508
7:51:23,37.8,34.5,32.3,37.5,50,2420,3491
7:52:23,37.8,34.5,32.4,37.6,50,2420,3486
7:53:22,37.7,34.5,32.4,37.6,50,2420,3480
7:54:22,37.8,34.4,32.3,37.6,51,2382,3497
7:55:22,37.9,34.7,32.5,37.5,51,2420,3491
7:56:22,36.8,34.5,33.0,37.7,50,2359,3510
7:57:21,36.2,33.5,33.4,38.1,50,2382,3502
7:58:21,35.9,33.1,33.7,38.2,50,2382,3489
7:59:21,35.6,32.6,33.8,38.3,50,2382,3475
8:0:20,35.6,32.3,34.0,38.4,50,2382,3505
8:1:20,35.4,32.2,34.1,38.4,50,2382,3491
8:2:20,35.4,32.1,34.1,38.3,50,2382,3489
8:3:20,35.4,32.0,34.2,38.4,50,2359,3491
8:4:19,35.3,31.8,34.1,38.5,50,2359,3494
8:5:19,35.3,31.7,34.1,38.3,50,2322,3494
8:6:19,35.1,31.7,34.1,38.2,50,2322,3472
8:7:19,35.1,31.5,34.0,38.4,50,2322,3510
8:8:18,35.1,31.5,34.1,38.2,50,2322,3486
8:9:18,35.1,31.5,34.0,38.2,50,2287,3497
8:10:18,35.0,31.5,34.0,38.3,50,2287,3500
8:11:18,35.1,31.5,34.0,38.3,50,2287,3497
8:12:17,35.0,31.6,33.9,38.3,50,2287,3494
8:13:17,34.9,31.4,33.8,38.2,50,2263,3489
8:14:17,34.9,31.5,34.0,38.3,50,2263,3500
8:15:17,34.9,31.3,33.9,38.2,51,2287,3500
8:16:17,34.9,31.3,34.0,38.3,51,2263,3500
8:17:16,34.8,31.3,33.8,38.2,51,2226,3486
8:18:16,34.9,31.4,33.8,38.2,51,2226,3500
8:19:16,34.8,31.4,33.7,38.3,51,2226,3500
8:20:16,34.9,31.3,33.7,38.1,51,2226,3497
8:21:16,34.9,31.3,33.7,38.1,51,2205,3494
8:22:15,34.8,31.3,33.7,38.2,51,2226,3494
8:23:15,34.7,31.2,33.7,38.1,51,2205,3510
8:24:15,34.8,31.1,33.7,38.1,50,2205,3486
8:25:15,34.7,31.2,33.7,38.2,51,2205,3494
8:26:15,34.7,31.3,33.8,38.2,51,2205,3502
8:27:14,34.7,31.2,33.7,38.3,51,2205,3502
8:28:14,34.9,31.3,33.7,38.1,51,2170,3500
8:29:14,34.8,31.2,33.7,38.2,50,2170,3475
8:30:14,34.6,31.2,33.8,38.2,51,2144,3491
8:31:13,34.7,31.1,33.8,38.1,51,2122,3494
8:32:13,34.8,31.1,33.9,38.2,50,2096,3502
8:33:13,34.8,31.0,33.9,38.3,50,2062,3500
8:34:13,34.6,31.0,33.9,38.2,50,2033,3475
8:35:13,34.6,30.9,33.9,38.2,50,2033,3475
8:36:13,34.6,30.9,34.0,38.2,50,1987,3500
8:37:13,34.6,30.8,33.9,38.2,50,1987,3508
8:38:12,34.5,30.9,34.0,38.1,50,1951,3500
8:39:12,34.6,30.9,34.1,38.1,50,1932,3486
8:40:12,34.5,30.8,34.0,38.2,50,1932,3486
8:41:12,34.5,30.9,34.0,38.2,50,1932,3491
8:42:12,34.6,30.8,34.0,38.1,50,1932,3491
8:43:12,34.5,31.0,34.1,38.2,50,1912,3510
8:44:12,34.3,31.1,34.2,38.1,50,1932,3489
8:45:12,34.4,31.1,34.4,38.3,51,1932,3494
8:46:11,34.3,31.1,34.5,38.2,51,1932,3500
8:47:11,34.3,31.2,34.5,38.3,51,1951,3486
8:48:11,34.3,31.3,34.6,38.4,50,1932,3500
8:49:11,34.2,31.3,34.7,38.5,50,1951,3505
8:50:11,34.2,31.2,34.7,38.5,51,1951,3505
8:51:11,34.2,31.4,34.7,38.3,50,1951,3502
8:52:10,34.3,31.4,34.7,38.4,50,1951,3494
8:53:10,34.2,31.4,34.8,38.4,51,1951,3494
8:54:10,34.3,31.4,34.8,38.5,51,1951,3500
8:55:10,34.2,31.3,34.8,38.4,50,1932,3500
8:56:10,34.2,31.4,34.9,38.5,50,1932,3500
8:57:10,34.3,31.4,34.8,38.4,50,1932,3510
8:58:9,34.3,31.4,34.7,38.3,51,1932,3491
8:59:9,33.8,31.8,36.2,37.9,50,1912,3500
9:0:9,33.2,32.2,37.0,37.7,50,1912,3494
9:1:9,33.0,32.4,37.3,37.5,50,1882,3500
9:2:9,32.8,32.5,37.4,37.4,50,1882,3510
9:3:9,32.6,32.6,37.4,37.4,49,1882,3491
9:4:9,32.5,32.8,37.5,37.2,49,1862,3497
9:5:9,32.5,33.0,37.2,36.5,49,1843,3483
9:6:8,32.5,33.2,37.5,36.2,49,1843,3475
9:7:8,32.2,33.3,37.7,36.0,49,1882,3483
9:8:8,32.3,33.2,37.7,35.9,49,1882,3491
9:9:8,32.2,33.4,37.8,36.0,49,1882,3494
9:10:8,32.1,33.5,37.8,36.0,48,1882,3497
9:11:8,32.2,33.4,37.9,35.9,48,1912,3510
9:12:8,32.1,33.5,37.9,36.0,48,1912,3500
9:13:8,32.3,33.7,37.8,35.2,48,1912,3497
9:14:7,32.2,33.6,38.1,34.9,48,1912,3500
9:15:7,32.3,33.6,38.0,34.9,48,1932,3486
9:16:7,32.2,33.7,38.0,34.8,49,1932,3494
9:17:7,32.2,33.7,38.0,34.8,49,1932,3491
9:18:7,32.2,33.7,38.0,34.9,49,1932,3521
9:19:7,32.1,33.6,38.1,35.0,48,1932,3500
9:20:7,32.0,33.8,38.0,35.0,49,1932,3510
9:21:7,31.9,33.6,38.1,35.1,49,1932,3510
9:22:6,32.0,33.6,38.1,35.1,49,1932,3500
9:23:6,32.0,33.7,38.1,35.1,49,1932,3494
9:24:6,31.9,33.7,38.1,35.2,49,1932,3494
9:25:6,32.5,33.3,37.4,37.2,49,2033,3505
9:26:6,33.2,33.1,36.9,38.0,49,2170,3502
9:27:6,33.7,33.0,36.7,38.3,50,2263,3497
9:28:5,34.1,32.9,36.6,38.5,51,2322,3491
9:29:5,34.3,32.9,36.6,38.6,51,2382,3480
9:30:5,34.5,33.0,36.5,38.7,51,2456,3494
9:31:4,34.7,33.0,36.5,38.6,51,2487,3483
9:32:4,34.8,32.9,36.5,38.8,51,2556,3500
9:33:4,34.8,32.9,36.5,38.7,51,2556,3486
9:34:3,34.9,32.9,36.5,38.7,50,2584,3486
9:35:3,35.1,32.9,36.4,38.8,50,2618,3491
9:36:3,35.0,33.1,36.5,38.9,50,2645,3486
9:37:2,35.0,32.9,36.5,38.8,50,2645,3480
9:38:2,35.0,32.9,36.3,38.9,50,2694,3489
9:39:2,35.0,33.0,36.4,38.9,50,2694,3486
9:40:1,34.9,32.9,36.5,38.9,50,2727,3513
9:41:1,35.0,33.0,36.5,38.8,50,2727,3486
9:42:1,35.0,32.9,36.5,38.8,50,2755,3500
9:43:0,35.0,33.0,36.5,38.8,50,2806,3500
9:44:0,35.0,32.9,36.4,38.9,50,2806,3494
9:45:0,35.1,36.0,36.5,36.9,50,2727,3472
9:45:59,35.3,37.6,36.4,35.5,49,2645,3475
9:46:59,35.2,38.0,36.5,34.5,49,2584,3500
9:47:59,35.3,38.3,36.6,33.8,48,2556,3505
9:48:59,35.2,38.3,36.6,33.3,48,2511,3486
9:49:58,35.1,38.3,36.5,33.0,47,2456,3502
9:50:58,35.2,38.3,36.4,32.8,47,2382,3494
9:51:58,35.1,38.3,36.3,32.4,47,2359,3508
9:52:58,35.1,38.3,36.2,32.4,47,2322,3500
9:53:58,34.9,38.3,36.2,32.2,47,2287,3486
9:54:57,35.1,38.3,36.1,32.1,47,2263,3502
9:55:57,35.0,38.1,36.3,31.9,47,2226,3500
9:56:57,35.1,38.1,36.1,32.0,48,2205,3500
9:57:57,35.0,38.2,36.0,31.8,47,2205,3508
9:58:57,35.0,38.2,36.0,31.8,47,2170,3500
9:59:57,35.0,38.1,36.0,31.6,47,2170,3491
10:0:57,34.9,38.3,35.9,31.6,48,2144,3497
10:1:57,34.9,38.2,35.7,31.7,47,2122,3497
10:2:57,34.9,38.1,35.9,31.6,47,2122,3500
10:3:56,34.7,38.1,35.8,31.6,48,2096,3510
10:4:56,34.7,38.1,35.9,31.6,48,2062,3486
10:5:56,34.7,38.1,35.9,31.5,48,2062,3508
10:6:56,34.6,38.1,35.9,31.5,48,2062,3478
10:7:56,34.6,38.0,35.7,31.4,48,2033,3480
10:8:56,34.7,38.1,35.8,31.5,48,2033,3497
10:9:56,34.6,38.1,35.7,31.5,48,2008,3491
10:10:56,34.6,38.0,35.8,31.3,48,2033,3508
10:11:56,34.6,38.0,35.8,31.4,48,2008,3491
10:12:56,34.6,38.1,35.9,31.4,48,2008,3486
10:13:56,34.6,37.9,35.9,31.4,48,2008,3480
10:14:55,34.6,38.2,35.8,31.4,48,1987,3486
10:15:55,34.6,37.9,35.8,31.4,48,1987,3500
10:16:55,34.5,38.0,35.7,31.4,48,1951,3491
10:17:55,34.7,37.9,35.9,31.4,48,1987,3497
10:18:55,34.6,38.0,35.7,31.3,48,1987,3500
10:19:55,34.7,38.1,35.8,31.4,48,1987,3500
10:20:55,34.6,37.9,35.7,31.2,48,1951,3510
10:21:55,34.8,38.1,35.8,31.3,48,1951,3486
10:22:55,34.8,37.9,35.8,31.3,48,1932,3500
10:23:55,34.6,37.9,35.6,31.4,48,1951,3483
10:24:55,34.6,38.0,35.7,31.3,48,1951,3505
10:25:55,34.7,38.0,35.8,31.3,48,1932,3510
10:26:54,34.8,37.7,35.8,31.7,48,1951,3491
10:27:54,34.7,38.0,36.4,31.7,48,1951,3475
10:28:54,34.6,38.0,36.7,31.7,48,1951,3505
10:29:54,34.5,38.0,36.9,31.6,48,1951,3489
10:30:54,34.5,38.0,37.0,31.7,48,1987,3508
10:31:54,34.5,37.9,36.9,31.7,48,1987,3494
10:32:54,34.5,38.0,36.9,31.7,48,1951,3510
10:33:54,34.4,38.0,36.8,31.7,48,1951,3500
10:34:54,34.4,38.0,37.0,31.7,48,1951,3475
10:35:54,34.4,38.1,37.1,31.7,48,1987,3500
10:36:54,34.5,37.9,37.0,31.7,48,1987,3500
10:37:53,34.4,38.1,37.2,31.8,48,1987,3494
10:38:53,34.4,37.9,37.1,31.7,48,1987,3491
10:39:53,34.6,38.0,37.0,31.8,48,1987,3486
10:40:53,34.5,37.9,36.9,31.7,48,1987,3497
10:41:53,34.3,38.1,37.0,31.8,48,1987,3497
10:42:53,34.3,38.0,36.9,31.8,48,1987,3491
10:43:53,34.3,37.9,37.0,31.9,48,1987,3486
10:44:53,34.3,38.0,37.1,31.8,48,1987,3494
10:45:53,34.2,38.0,36.8,31.8,48,1987,3500
10:46:53,34.2,38.0,37.1,31.7,48,2008,3478
10:47:53,34.3,38.0,37.0,31.7,48,1987,3494
10:48:52,34.3,38.0,37.0,31.7,48,1987,3500
10:49:52,34.5,38.0,37.0,31.7,48,1987,3483
10:50:52,34.4,38.0,36.9,31.7,48,2008,3494
10:51:52,34.5,38.0,37.0,31.7,48,2008,3505
10:52:52,34.6,38.1,37.0,31.8,48,2008,3505
10:53:52,34.6,38.0,37.1,31.8,48,2033,3491
10:54:52,34.9,38.0,37.0,31.7,48,2033,3508
10:55:52,35.0,38.0,36.9,31.8,48,2033,3505
10:56:52,35.0,37.9,36.9,31.8,48,2033,3502
10:57:52,35.1,38.0,37.0,31.8,48,2033,3489
10:58:52,35.2,38.0,37.0,31.8,48,2033,3497
10:59:51,35.3,37.9,36.8,31.9,49,2033,3491
11:0:51,34.9,37.8,36.5,31.9,48,2062,3510
11:1:51,35.2,37.9,35.9,31.7,48,2122,3500
11:2:51,35.3,38.0,35.4,31.7,48,2144,3505
11:3:51,35.7,38.0,35.2,31.7,49,2170,3497
11:4:51,35.8,38.0,34.8,31.6,49,2170,3500
11:5:50,35.8,38.0,34.8,31.6,49,2205,3505
11:6:50,36.0,38.1,34.5,31.5,49,2205,3489
11:7:50,36.0,37.9,34.5,31.5,49,2226,3505
11:8:50,36.1,38.0,34.6,31.5,49,2263,3500
11:9:50,36.1,37.9,34.4,31.6,49,2263,3505
11:10:50,36.2,37.9,34.4,31.6,50,2287,3502
11:11:49,36.1,37.9,34.3,31.5,49,2287,3521
11:12:49,36.1,37.9,34.4,31.5,49,2287,3494
11:13:49,36.1,37.8,34.3,31.5,50,2287,3500
11:14:49,36.1,37.9,34.3,31.4,49,2322,3491
11:15:49,36.1,37.9,34.3,31.5,49,2322,3497
11:16:48,36.1,37.6,34.4,31.5,49,2322,3513
11:17:48,35.8,37.8,34.2,31.7,49,2287,3502
11:18:48,35.9,37.8,34.0,31.6,49,2287,3500
11:19:48,35.8,37.8,34.0,31.6,49,2287,3505
11:20:48,36.0,37.8,33.9,31.5,49,2263,3508
11:21:48,35.8,37.7,33.9,31.5,49,2263,3486
11:22:47,35.9,37.8,33.9,31.6,49,2226,3505
11:23:47,35.8,37.9,33.8,31.4,49,2226,3508
11:24:47,35.8,37.7,33.8,31.4,49,2226,3508
11:25:47,35.7,37.7,33.7,31.4,49,2205,3491
11:26:47,35.7,37.6,33.6,31.4,49,2205,3480
11:27:47,35.9,37.6,33.7,31.4,49,2205,3505
11:28:47,35.6,37.6,33.6,31.2,49,2205,3494
11:29:47,35.5,37.6,33.6,31.4,49,2170,3486
11:30:46,35.7,37.5,33.6,31.3,49,2144,3500
11:31:46,35.6,37.6,33.5,31.2,49,2170,3500
11:32:46,35.6,37.6,33.6,31.3,50,2170,3497
11:33:46,35.6,37.5,33.5,31.3,49,2144,3494
11:34:46,35.5,37.4,33.5,31.3,49,2170,3494
11:35:46,35.6,37.5,33.5,31.3,50,2144,3510
11:36:46,35.6,37.5,33.6,31.1,50,2144,3494
11:37:46,35.6,37.5,33.5,31.2,50,2144,3491
11:38:45,35.5,37.4,33.4,31.1,50,2144,3491
11:39:45,35.6,37.5,33.5,31.2,49,2144,3497
11:40:45,35.6,37.5,33.4,31.1,50,2144,3486
11:41:45,35.5,37.5,33.5,31.1,50,2122,3510
11:42:45,35.5,37.6,33.4,31.1,50,2144,3500
11:43:45,35.6,37.5,33.5,31.1,49,2170,3489
11:44:45,35.5,37.6,33.5,31.2,49,2170,3497
11:45:45,35.1,36.7,34.9,32.5,50,2122,3489
11:46:45,34.3,35.7,36.6,34.4,49,2122,3510
11:47:45,33.9,35.1,37.3,35.6,49,2122,3491
11:48:44,33.4,34.4,37.5,36.2,49,2122,3497
11:49:44,33.3,34.2,37.6,36.6,49,2122,3505
11:50:44,33.1,33.9,37.7,36.9,49,2122,3505
11:51:44,33.0,33.7,37.7,36.8,49,2096,3478
11:52:44,32.8,33.6,37.7,36.9,49,2096,3502
11:53:44,32.7,33.5,37.6,37.0,49,2062,3494
11:54:44,32.8,33.5,37.7,36.9,49,2062,3505
11:55:43,32.7,33.4,37.7,37.0,49,2062,3497
11:56:43,32.7,33.2,37.6,37.0,49,2033,3510
11:57:43,32.6,33.2,37.6,36.9,49,2033,3521
11:58:43,32.5,33.1,37.5,36.9,49,2008,3519
11:59:43,32.5,33.2,37.5,36.8,49,2033,3502
12:0:43,32.6,33.1,37.6,36.8,49,2008,3505
12:1:43,32.5,33.0,37.5,36.9,49,2008,3500
12:2:43,32.5,33.1,37.6,36.9,49,1987,3494
12:3:43,32.4,33.1,37.5,36.9,49,1987,3510
12:4:42,32.3,33.1,37.5,36.8,49,1951,3505
12:5:42,32.2,33.0,37.5,36.8,49,1987,3500
12:6:42,32.4,32.9,37.5,36.9,49,1951,3508
12:7:42,32.4,32.9,37.5,36.8,49,1951,3486
12:8:42,32.3,33.0,37.7,37.0,49,1932,3497
12:9:42,32.4,32.9,37.6,37.0,49,1951,3486
12:10:42,32.3,33.0,37.6,36.9,50,1932,3500
12:11:42,32.4,32.9,37.5,37.0,49,1932,3510
12:12:42,32.3,33.0,37.6,37.0,49,1932,3516
12:13:42,32.4,33.0,37.7,36.8,49,1932,3508
12:14:41,32.4,33.0,37.5,37.0,49,1932,3497
12:15:41,32.3,32.9,37.6,37.0,49,1912,3500
12:16:41,32.4,32.8,37.5,37.0,49,1912,3521
12:17:41,32.4,32.8,37.6,36.8,49,1912,3491
12:18:41,32.3,32.9,37.6,36.8,50,1912,3500
12:19:41,32.4,32.9,37.5,36.8,49,1912,3510
12:20:41,32.4,33.0,37.6,36.9,49,1912,3500
12:21:41,32.3,33.0,37.6,37.0,49,1912,3497
12:22:41,32.4,32.9,37.6,37.0,49,1912,3494
12:23:41,32.3,32.9,37.7,36.9,49,1912,3516
12:24:41,32.3,32.9,37.7,37.0,49,1912,3502
12:25:40,32.4,32.8,37.5,37.0,49,1912,3500
12:26:40,32.4,33.0,37.7,36.9,49,1912,3521
12:27:40,32.4,33.0,37.6,37.0,50,1912,3510
12:28:40,32.3,32.9,37.6,37.1,50,1912,3491
12:29:40,32.4,32.8,37.4,37.1,50,1912,3497
12:30:40,32.5,32.6,37.4,37.2,49,1912,3508
12:31:40,32.6,32.6,37.3,37.3,50,1882,3510
12:32:40,32.7,32.5,37.4,37.3,49,1912,3516
12:33:40,32.6,32.5,37.2,37.4,50,1882,3510
12:34:40,32.7,32.5,37.2,37.4,50,1882,3502
12:35:39,32.7,32.3,37.0,37.4,50,1882,3500
12:36:39,33.1,32.9,36.8,36.9,50,1932,3500
12:37:39,36.2,34.3,35.4,36.0,50,2096,3505
12:38:39,37.4,35.4,34.5,35.5,52,2226,3508
12:39:39,37.9,36.1,33.9,35.2,53,2287,3486
12:40:38,38.0,36.3,33.7,35.1,52,2359,3491
12:41:38,38.1,36.5,33.4,34.8,52,2420,3502
12:42:38,38.1,36.6,33.2,34.8,52,2456,3502
12:43:37,38.0,36.5,32.9,34.8,52,2456,3491
12:44:37,38.2,36.3,32.9,34.9,52,2511,3497
12:45:37,38.1,36.3,32.7,34.9,51,2556,3508
12:46:37,38.2,36.1,32.6,35.0,51,2556,3508
12:47:36,38.2,36.2,32.5,35.2,51,2584,3508
12:48:36,38.2,36.1,32.5,35.1,51,2584,3480
12:49:36,38.2,36.0,32.4,35.1,51,2618,3500
12:50:35,38.2,36.1,32.4,35.0,51,2618,3500
12:51:35,38.2,36.0,32.4,35.1,51,2618,3486
12:52:35,38.1,35.9,32.3,35.1,51,2618,3510
12:53:34,38.2,36.2,32.3,35.2,51,2645,3486
12:54:34,38.2,36.0,32.3,35.1,51,2694,3480
12:55:34,38.1,36.0,32.3,35.1,51,2645,3519
12:56:33,38.1,36.1,32.3,35.0,51,2645,3500
12:57:33,38.1,36.1,32.3,35.0,50,2645,3513
12:58:33,38.0,36.1,32.3,34.8,51,2645,3480
12:59:32,38.2,36.1,32.4,34.6,50,2694,3497
13:0:32,37.8,35.9,32.6,34.5,51,2618,3486
13:1:32,36.3,35.8,32.7,33.9,50,2359,3489
13:2:32,34.8,35.5,32.7,33.2,48,2144,3500
13:3:32,33.8,35.1,32.4,32.7,47,1932,3521
13:4:32,33.0,34.7,32.3,32.2,46,1791,3486
13:5:32,32.2,34.2,32.0,31.7,46,1666,3497
13:6:32,31.6,33.8,31.6,31.2,46,1541,3486
13:7:32,31.0,33.5,31.2,30.7,46,1438,3489
13:8:33,30.6,33.0,31.0,30.3,46,1338,3489
13:9:33,30.0,32.7,30.6,30.0,47,1268,3500
13:10:33,29.7,32.3,30.3,29.7,47,1182,3475
13:11:34,29.4,32.0,29.9,29.4,47,1123,3494
13:12:34,29.1,31.8,29.6,29.1,47,1066,3500
13:13:35,28.7,31.5,29.3,28.8,48,1032,3483
13:14:35,28.6,31.2,29.1,28.6,48,960,3500
13:15:36,28.3,31.0,28.8,28.3,49,920,3489
13:16:37,28.0,30.8,28.5,28.1,49,874,3483
13:17:37,27.8,30.5,28.4,27.8,49,834,3489
13:18:38,27.6,30.3,28.2,27.7,50,801,3500
13:19:39,27.4,30.1,27.9,27.4,50,770,3494
13:20:39,27.3,29.9,27.7,27.1,50,741,3475
13:21:40,27.1,29.6,27.5,27.1,50,708,3500
13:22:41,27.0,29.4,27.3,26.9,51,691,3489
13:23:42,26.8,29.3,27.2,26.7,51,665,3489
13:24:43,26.7,29.1,27.0,26.6,52,645,3480
13:25:43,26.7,29.0,26.8,26.5,52,632,3483
13:26:44,26.5,28.8,26.7,26.4,53,611,3489
13:27:45,26.5,28.7,26.7,26.3,53,593,3475
13:28:46,26.5,28.6,26.5,26.2,53,581,3494
13:29:47,26.2,28.5,26.4,26.1,53,563,3494
13:30:48,26.2,28.3,26.3,25.9,54,547,3475
13:31:49,26.1,28.2,26.2,25.9,53,534,3480
13:32:50,25.9,28.1,26.1,25.7,54,525,3469
13:33:51,26.0,28.0,25.9,25.7,54,505,3475
13:34:52,25.8,27.8,25.9,25.6,55,501,3483
13:35:53,25.6,27.7,25.8,25.5,55,486,3478
13:36:54,26.7,27.3,25.5,28.6,55,486,3480
13:37:54,30.1,27.0,25.5,33.1,55,525,3489
13:38:55,31.7,27.0,25.5,34.5,56,563,3469
13:39:56,32.6,27.2,25.9,35.1,57,593,3472
13:40:56,33.2,27.5,26.3,35.7,58,624,3478
13:41:57,33.6,27.7,26.5,35.9,58,656,3478
13:42:57,34.0,28.1,26.9,36.0,59,682,3480
13:43:58,34.4,28.3,27.3,36.3,58,705,3472
13:44:58,34.6,28.7,27.7,36.6,59,741,3486
13:45:58,34.8,29.0,27.9,36.6,59,770,3480
13:46:58,35.1,29.3,28.4,36.7,59,785,3489
13:47:59,35.1,29.6,28.5,36.9,59,812,3486
13:48:59,35.3,29.8,28.8,36.9,59,846,3491
13:49:59,35.4,30.1,29.1,37.1,58,871,3480
13:50:59,35.6,30.2,29.5,37.0,58,892,3478
13:51:59,35.7,30.4,29.5,37.1,58,910,3489
13:52:59,35.7,30.6,29.7,37.1,58,940,3494
13:53:59,35.9,30.7,29.9,37.3,58,970,3486
13:54:59,35.9,30.8,30.1,37.3,58,985,3480
13:55:59,36.0,31.0,30.2,37.4,58,1001,3489
13:56:59,36.1,31.2,30.3,37.4,57,1042,3497
13:57:59,36.2,31.2,30.4,37.5,57,1052,3497
13:58:59,36.2,31.4,30.6,37.5,57,1077,3510
13:59:59,36.3,31.4,30.7,37.5,57,1096,3500
14:0:59,36.2,31.6,30.7,37.6,57,1109,3505
14:1:59,36.3,31.6,30.9,37.6,57,1133,3505
14:2:59,36.4,31.7,31.0,37.7,57,1145,3502
14:3:59,36.4,31.8,31.1,37.7,56,1159,3500
14:4:59,36.5,31.8,31.1,37.6,56,1182,3497
14:5:59,36.5,31.9,31.3,37.8,56,1194,3516
14:6:59,36.5,32.2,31.3,37.8,56,1209,3505
14:7:59,36.5,32.1,31.4,37.7,56,1223,3502
14:8:59,36.6,32.1,31.3,37.7,56,1235,3508
14:9:59,36.7,32.1,31.4,37.8,56,1248,3491
14:10:59,36.5,32.2,31.5,37.8,55,1268,3505
14:11:59,36.6,32.2,31.5,37.8,55,1281,3516
14:12:59,36.6,32.3,31.5,37.9,55,1310,3502
14:13:58,36.8,32.2,31.6,37.8,55,1310,3502
14:14:58,36.7,32.4,31.6,37.9,56,1310,3513
14:15:58,36.7,32.2,31.7,37.9,55,1323,3502
14:16:58,36.6,32.4,31.7,37.8,55,1338,3510
14:17:58,36.6,32.4,31.6,37.8,55,1338,3510
14:18:58,36.6,32.4,31.6,37.9,55,1369,3521
14:19:58,36.6,32.4,31.7,38.0,55,1369,3497
14:20:58,36.6,32.5,31.6,37.9,55,1369,3486
14:21:58,36.7,32.4,31.7,38.0,55,1384,3497
14:22:57,36.8,32.4,31.7,38.0,55,1400,3502
14:23:57,36.6,32.4,31.7,38.0,55,1400,3516
14:24:57,36.7,32.5,31.7,37.9,55,1424,3475
14:25:57,36.7,32.5,31.5,37.9,55,1424,3491
14:26:57,36.8,32.5,31.7,37.9,55,1438,3505
14:27:57,36.6,32.4,31.5,38.0,55,1438,3500
14:28:57,36.7,32.3,31.5,37.9,55,1457,3502
14:29:56,36.7,32.4,31.5,37.9,55,1457,3502
14:30:56,36.6,32.5,31.7,38.1,55,1457,3497
14:31:56,36.8,32.4,31.6,38.0,55,1491,3513
14:32:56,36.8,32.5,31.6,38.0,55,1491,3486
14:33:56,36.8,32.4,31.6,37.9,55,1491,3494
14:34:56,36.7,32.5,31.5,37.9,55,1491,3502
14:35:56,36.7,32.4,31.6,37.9,54,1491,3491
14:36:56,36.6,32.5,31.6,37.9,54,1491,3505
14:37:55,36.5,32.4,31.5,38.0,54,1506,3508
14:38:55,36.6,32.4,31.6,37.9,54,1506,3500
14:39:55,36.6,32.4,31.5,38.0,55,1522,3497
14:40:55,36.7,32.4,31.6,37.9,54,1522,3497
14:41:55,36.6,32.4,31.5,37.9,54,1522,3513
14:42:55,36.6,32.4,31.5,37.9,55,1522,3508
14:43:55,36.6,32.3,31.5,37.9,54,1522,3491
14:44:55,36.6,32.4,31.5,37.9,54,1522,3500
14:45:54,36.7,32.3,31.4,37.9,54,1522,3502
14:46:54,36.7,32.2,31.5,37.9,54,1522,3500
14:47:54,36.5,32.4,31.5,37.7,54,1522,3491
14:48:54,36.7,32.3,31.5,37.8,54,1541,3491
14:49:54,36.6,32.3,31.5,37.9,54,1541,3502
14:50:54,36.6,32.2,31.4,37.9,54,1541,3497
14:51:54,36.7,32.4,31.5,37.9,54,1541,3516
14:52:54,36.5,32.4,31.4,37.9,54,1541,3494
14:53:53,36.6,32.2,31.4,38.0,54,1541,3505
14:54:53,36.6,32.3,31.5,38.0,54,1549,3519
14:55:53,36.7,32.2,31.5,38.0,54,1541,3510
14:56:53,36.7,32.3,31.5,37.9,54,1549,3491
14:57:53,36.8,32.2,31.5,38.0,54,1549,3505
14:58:53,36.6,32.3,31.4,37.9,54,1549,3494
14:59:53,36.6,32.3,31.4,38.1,54,1549,3494
15:0:53,36.6,32.2,31.4,38.0,54,1549,3510
15:1:52,36.6,32.2,31.5,38.0,54,1549,3500
15:2:52,36.6,32.2,31.4,38.0,54,1549,3489
15:3:52,36.6,32.3,31.4,37.9,54,1549,3513
15:4:52,36.6,32.2,31.4,37.8,54,1549,3500
15:5:52,36.5,32.4,31.4,37.9,54,1549,3497
15:6:52,36.7,32.2,31.4,37.9,54,1549,3500
15:7:52,36.6,32.3,31.5,37.9,54,1549,3500
15:8:52,36.5,32.1,31.4,37.9,54,1549,3510
15:9:51,36.6,32.1,31.4,37.9,54,1549,3500
15:10:51,36.6,32.2,31.3,37.9,54,1549,3491
15:11:51,36.4,32.2,31.4,38.0,54,1549,3500
15:12:51,36.5,32.2,31.3,38.0,54,1549,3489
15:13:51,36.7,32.2,31.4,37.8,54,1569,3497
15:14:51,36.6,32.1,31.4,37.9,54,1549,3486
15:15:51,36.7,32.2,31.4,37.9,54,1549,3486
15:16:50,36.6,32.2,31.4,38.0,54,1569,3502
15:17:50,36.6,32.1,31.4,37.9,54,1549,3497
15:18:50,36.6,32.1,31.4,38.0,54,1549,3483
15:19:50,36.6,32.2,31.4,37.9,54,1549,3491
15:20:50,36.5,32.2,31.4,37.9,54,1549,3497
15:21:50,36.6,32.2,31.4,37.9,54,1569,3500
15:22:50,36.6,32.1,31.3,37.9,54,1549,3508
15:23:50,36.6,32.2,31.4,37.9,54,1549,3486
15:24:49,36.6,32.2,31.3,37.9,54,1569,3502
15:25:49,36.5,32.2,31.4,37.9,54,1549,3505
15:26:49,36.6,32.1,31.4,38.0,54,1569,3502
15:27:49,36.7,32.1,31.4,37.8,54,1569,3502
15:28:49,36.6,32.2,31.4,37.8,54,1549,3497
15:29:49,36.6,32.3,31.5,37.9,54,1549,3489
15:30:49,36.6,32.2,31.4,37.9,54,1569,3491
15:31:49,36.6,32.1,31.4,37.9,54,1569,3502
15:32:48,36.5,32.2,31.4,37.9,54,1569,3505
15:33:48,36.6,32.3,31.4,37.8,54,1569,3489
15:34:48,36.7,32.0,31.3,37.9,54,1569,3486
15:35:48,36.5,32.2,31.4,37.9,54,1569,3486
15:36:48,36.5,32.4,31.4,36.7,54,1569,3502
15:37:48,37.0,33.3,31.4,35.5,54,1588,3494
15:38:48,37.3,34.1,31.4,34.8,55,1627,3510
15:39:48,37.4,34.6,31.5,34.3,55,1666,3508
15:40:47,37.5,35.0,31.5,33.9,55,1688,3502
15:41:47,37.6,35.3,31.6,33.7,55,1735,3491
15:42:47,37.5,35.5,31.6,33.6,55,1756,3510
15:43:47,37.5,35.6,31.8,33.5,54,1774,3505
15:44:47,37.6,35.7,31.7,33.5,54,1774,3491
15:45:47,37.5,35.9,31.8,33.4,54,1791,3500
15:46:46,37.6,35.8,31.9,33.4,54,1791,3480
15:47:46,37.5,35.9,31.8,33.3,54,1816,3502
15:48:46,37.6,35.9,31.9,33.5,54,1843,3500
15:49:46,37.7,36.0,31.9,33.3,53,1843,3491
15:50:46,37.7,36.0,31.9,33.4,54,1843,3497
15:51:46,37.6,36.0,32.0,33.4,53,1862,3500
15:52:45,37.8,35.9,31.9,33.4,53,1862,3497
15:53:45,37.6,36.0,31.9,33.4,53,1882,3500
15:54:45,37.6,36.1,31.9,33.4,53,1882,3494
15:55:45,37.6,36.0,32.1,33.3,53,1882,3486
15:56:45,37.6,36.1,31.9,33.3,53,1882,3491
15:57:45,37.7,36.1,32.1,33.5,53,1882,3505
15:58:44,37.7,36.0,31.9,33.4,53,1912,3502
15:59:44,37.7,36.2,32.0,33.4,53,1912,3502
16:0:44,37.7,36.2,32.0,33.5,53,1912,3502
16:1:44,37.7,36.0,32.1,33.3,53,1932,3508
16:2:44,37.8,36.2,32.0,33.3,53,1932,3494
16:3:44,37.7,36.1,32.0,33.4,53,1951,3505
16:4:43,37.7,36.1,32.1,33.3,53,1932,3502
16:5:43,37.8,36.2,32.1,33.5,53,1932,3497
16:6:43,37.7,36.2,32.1,33.4,53,1951,3502
16:7:43,37.9,36.0,31.9,33.5,52,1951,3508
16:8:43,37.9,36.2,32.1,33.5,53,1951,3502
16:9:42,37.7,36.2,31.9,33.6,53,1987,3502
16:10:42,37.6,35.9,32.2,33.7,53,1987,3502
16:11:42,37.6,36.2,32.3,33.7,53,2008,3497
16:12:42,37.8,36.6,32.3,33.7,53,2062,3483
16:13:42,37.9,36.8,32.4,33.7,54,2122,3502
16:14:41,37.8,36.9,32.5,33.7,54,2170,3513
16:15:41,38.0,36.9,32.4,33.7,54,2170,3486
16:16:41,37.9,36.9,32.4,33.6,53,2205,3502
16:17:41,37.9,37.0,32.5,33.6,53,2226,3505
16:18:41,37.9,37.1,32.5,33.5,53,2226,3497
16:19:40,37.9,37.0,32.5,33.6,53,2263,3502
16:20:40,38.0,37.2,32.5,33.6,53,2263,3500
16:21:40,38.0,37.2,32.6,33.7,53,2287,3497
16:22:40,37.9,37.2,32.6,33.5,53,2287,3502
16:23:39,37.7,37.8,32.8,33.3,53,2322,3486
16:24:39,37.7,37.9,32.9,33.0,53,2322,3500
16:25:39,37.6,38.1,32.9,33.0,53,2359,3510
16:26:39,37.6,38.2,33.1,33.0,53,2382,3508
16:27:38,37.5,38.2,33.2,32.8,52,2420,3500
16:28:38,37.6,38.2,33.2,32.9,52,2420,3500
16:29:38,37.5,38.2,33.3,32.9,52,2420,3500
16:30:38,37.6,38.2,33.3,32.9,52,2456,3480
16:31:37,37.7,38.2,33.4,32.8,52,2487,3516
16:32:37,37.6,38.2,33.5,32.8,52,2487,3505
16:33:37,37.7,38.2,33.5,32.8,52,2487,3497
16:34:37,37.4,37.8,33.4,32.8,52,2456,3497
16:35:36,37.1,36.5,33.1,34.3,51,2382,3489
16:36:36,37.4,35.4,33.0,35.7,50,2420,3500
16:37:36,37.3,34.7,32.6,36.5,51,2382,3494
16:38:35,37.4,34.3,32.8,37.2,51,2382,3502
16:39:35,37.4,33.8,32.8,37.4,51,2382,3494
16:40:35,37.3,33.6,32.9,37.5,52,2382,3483
16:41:35,37.3,33.4,32.8,37.7,52,2359,3494
16:42:34,37.3,33.3,32.8,37.7,52,2359,3502
16:43:34,37.4,33.3,32.8,37.7,52,2359,3480
16:44:34,37.2,33.2,32.9,37.8,52,2322,3494
16:45:34,37.2,33.1,32.8,37.7,51,2322,3483
16:46:33,36.9,33.0,32.9,37.7,52,2287,3500
16:47:33,36.6,32.9,33.0,38.1,51,2287,3500
16:48:33,36.5,32.7,33.1,38.1,51,2287,3497
16:49:33,36.3,32.8,33.2,38.1,51,2287,3510
16:50:32,36.2,32.6,33.2,38.2,51,2287,3497
16:51:32,36.2,32.7,33.2,38.1,51,2263,3505
16:52:32,36.2,32.6,33.3,37.9,51,2263,3486
16:53:32,36.0,32.6,33.1,38.0,51,2263,3494
16:54:31,36.0,32.5,33.3,37.9,51,2226,3505
16:55:31,36.1,32.6,33.2,37.7,51,2226,3486
16:56:31,35.9,32.2,33.3,38.3,51,2226,3475
16:57:31,35.9,32.3,33.5,38.4,51,2226,3497
16:58:30,35.7,32.0,33.8,38.5,51,2226,3500
16:59:30,35.7,32.1,33.8,38.5,51,2226,3505
17:0:30,35.8,32.1,33.8,38.5,51,2226,3483
17:1:30,35.8,32.2,34.0,38.6,51,2263,3486
17:2:29,35.7,32.1,34.1,38.6,51,2263,3491
17:3:29,35.5,32.0,33.9,38.6,51,2263,3500
17:4:29,35.6,32.0,34.1,38.2,51,2226,3472
17:5:29,37.2,32.5,33.7,37.6,51,2226,3483
17:6:28,37.7,32.9,33.4,37.2,51,2226,3491
17:7:28,37.9,33.3,33.4,36.8,51,2226,3483
17:8:28,37.9,33.5,33.3,36.6,51,2263,3502
17:9:28,37.9,33.9,33.4,36.7,51,2263,3497
17:10:27,37.9,34.0,33.4,36.6,51,2263,3500
17:11:27,38.1,34.1,33.5,36.6,51,2287,3502
17:12:27,38.1,34.2,33.6,36.6,51,2263,3500
17:13:26,38.1,34.3,33.6,36.7,51,2287,3500
17:14:26,38.1,34.5,33.7,36.7,51,2287,3475
17:15:26,38.0,34.4,33.8,36.6,51,2287,3491
17:16:25,38.2,34.5,33.8,36.7,51,2287,3486
17:17:25,38.2,34.6,33.8,36.7,51,2287,3491
17:18:25,38.1,34.4,33.9,36.7,51,2322,3516
17:19:25,38.2,34.6,33.8,36.8,51,2322,3497
17:20:24,38.2,34.6,33.9,36.8,51,2322,3505
17:21:24,38.2,34.6,34.0,36.9,51,2322,3497
17:22:24,38.3,34.7,33.9,36.9,50,2322,3497
17:23:23,38.3,34.6,33.8,36.6,51,2322,3475
17:24:23,37.1,34.2,34.3,37.5,50,2263,3505
17:25:23,36.2,33.8,34.7,38.0,50,2205,3500
17:26:22,35.4,33.5,34.5,37.7,50,2170,3494
17:27:22,35.4,33.1,34.4,38.4,50,2144,3500
17:28:22,35.7,32.9,34.3,38.6,49,2170,3491
17:29:22,35.9,32.8,34.3,38.5,50,2170,3505
17:30:21,35.8,32.6,34.0,38.5,50,2170,3494
17:31:21,35.9,32.6,34.0,38.7,50,2170,3491
17:32:21,36.1,32.6,33.9,38.6,50,2144,3500
17:33:21,36.0,32.6,34.0,38.6,50,2144,3494
17:34:20,35.7,32.5,33.6,37.5,50,2062,3489
17:35:20,34.2,32.6,33.1,35.9,50,1816,3508
17:36:20,33.0,32.5,32.5,34.5,48,1603,3497
17:37:20,32.0,32.3,31.9,33.4,47,1457,3505
17:38:20,31.1,32.0,31.4,32.6,47,1310,3494
17:39:21,30.5,31.5,30.9,31.9,47,1182,3500
17:40:21,29.9,31.0,30.3,31.0,47,1085,3494
17:41:22,29.4,30.6,29.9,30.4,48,1001,3497
17:42:22,28.7,30.1,29.3,29.8,48,920,3497
17:43:23,28.1,29.8,28.9,29.1,49,855,3502
17:44:23,27.8,29.5,28.6,28.8,50,801,3505
17:45:24,27.5,29.0,28.1,28.4,50,747,3500
17:46:25,27.1,28.7,27.8,28.0,50,705,3480
17:47:26,26.7,28.3,27.4,27.7,51,665,3505
17:48:27,26.6,28.1,27.0,27.5,52,632,3464
17:49:27,26.3,27.7,26.8,27.2,52,603,3478
17:50:28,25.9,27.5,26.5,26.9,53,573,3478
17:51:29,25.7,27.3,26.3,26.7,53,541,3480
17:52:30,25.5,27.0,26.1,26.4,54,529,3480
17:53:31,25.6,26.8,25.8,26.2,55,505,3475
17:54:32,25.4,26.7,25.6,26.1,55,481,3480
17:55:33,25.0,26.5,25.3,25.9,56,460,3458
17:56:34,25.0,26.3,25.4,25.7,56,446,3469
17:57:36,24.9,26.1,25.1,25.5,56,428,3483
17:58:37,24.7,25.8,25.0,25.4,57,415,3464
17:59:38,24.5,25.7,24.8,25.3,57,404,3478
18:0:39,24.5,25.5,24.7,25.1,58,400,3453
18:1:40,24.3,25.4,24.6,25.0,58,400,3467
18:2:41,24.2,25.3,24.5,24.9,59,400,3467
18:3:43,24.1,25.2,24.3,24.7,59,400,3472
18:4:44,23.9,25.0,24.3,24.7,59,400,3478
18:5:45,23.9,25.0,24.1,24.6,60,400,3472
18:6:46,23.8,24.9,23.9,24.5,60,400,3478
18:7:48,23.6,24.8,23.9,24.4,60,400,3467
18:8:49,23.5,24.8,23.8,24.3,60,400,3475
18:9:50,23.4,24.6,23.6,24.0,61,400,3478
18:10:51,23.3,24.6,23.4,23.9,61,400,3472
18:11:53,23.4,24.9,28.9,24.1,61,421,3478
18:12:54,23.4,26.2,32.4,24.6,64,475,3478
18:13:55,23.8,27.7,33.8,25.0,66,540,3475
18:14:56,24.4,28.8,34.5,25.7,65,600,3464
18:15:57,25.0,29.7,34.9,26.3,63,669,3483
18:16:58,25.4,30.4,35.3,27.0,62,737,3475
18:17:58,25.9,31.0,35.7,27.6,61,799,3486
18:18:59,26.5,31.4,35.8,28.2,61,871,3486
18:19:59,27.0,31.9,36.1,28.6,60,929,3472
18:21:0,27.4,32.3,36.2,29.1,60,995,3500
18:22:0,27.7,32.5,36.4,29.5,59,1060,3491
18:23:1,28.2,32.8,36.6,29.8,59,1107,3497
18:24:1,28.4,33.2,36.6,30.1,58,1173,3486
18:25:1,28.8,33.4,36.7,30.4,58,1230,3480
18:26:2,29.1,33.6,37.1,30.7,57,1281,3478
18:27:2,29.3,33.7,37.0,31.1,57,1349,3489
18:28:2,29.4,34.0,37.1,31.2,57,1400,3500
18:29:2,29.7,34.2,37.2,31.5,56,1450,3486
18:30:2,29.9,34.3,37.0,31.6,56,1495,3491
18:31:2,29.9,34.5,37.3,31.8,56,1526,3491
18:32:3,30.2,34.6,37.3,31.9,55,1574,3489
18:33:3,30.4,34.6,37.5,32.2,55,1496,3483
18:34:3,30.5,34.7,37.5,32.2,55,1545,3500
18:35:3,30.6,34.7,37.5,32.4,54,1559,3486
18:36:3,30.8,34.9,37.6,32.5,54,1599,3494
18:37:3,30.8,35.0,37.6,32.7,54,1634,3497
18:38:3,31.0,35.0,37.6,32.8,53,1666,3508
18:39:3,31.1,35.1,37.7,32.9,53,1703,3486
18:40:3,31.1,35.2,37.7,32.9,53,1740,3497
18:41:3,31.2,35.2,37.7,33.1,53,1768,3497
18:42:3,31.3,35.1,37.8,33.0,53,1768,3500
18:43:3,31.4,35.2,37.8,33.1,53,1803,3500
18:44:3,31.4,35.2,37.7,33.2,52,1821,3489
18:45:3,31.5,35.3,37.8,33.3,52,1843,3489
18:46:3,31.6,35.4,37.7,33.4,52,1860,3502
18:47:3,31.6,35.5,37.8,33.4,52,1880,3500
18:48:3,31.7,35.4,37.8,33.4,52,1904,3502
18:49:3,31.5,35.6,37.8,33.4,51,1913,3505
18:50:3,31.7,35.7,37.9,33.4,51,1936,3510
18:51:3,31.8,35.6,37.7,33.5,51,1936,3469
18:51:3,31.8,35.6,37.8,33.5,51,1936,3486
18:52:3,32.0,35.2,37.8,34.7,51,1974,3489
18:53:3,32.0,35.0,37.6,35.0,51,2003,3491
18:54:2,32.0,35.0,37.8,35.2,51,2003,3497
18:55:2,32.0,35.0,37.8,35.4,50,2022,3480
18:56:2,32.2,35.1,37.7,35.5,50,2022,3500
18:57:2,32.3,35.1,37.8,35.4,50,2056,3502
18:58:2,32.4,35.3,37.8,35.6,49,2056,3497
18:59:2,32.4,35.3,38.0,35.5,49,2082,3489
19:0:2,32.4,35.4,37.9,35.4,49,2082,3497
19:1:2,32.3,35.4,37.9,35.6,49,2082,3489
19:2:2,32.4,35.4,37.8,35.4,49,2100,3486
19:3:2,32.4,35.4,37.9,35.5,48,2100,3500
19:4:1,32.6,35.4,37.9,35.5,48,2100,3500
19:5:1,32.5,35.5,37.8,35.5,48,2100,3486
19:6:1,32.4,35.5,37.9,35.5,48,2132,3500
19:7:1,32.6,35.5,37.9,35.4,48,2100,3510
19:8:1,32.5,35.6,37.8,35.4,48,2132,3475
19:9:1,32.5,35.6,37.9,35.5,48,2132,3494
19:10:1,32.7,35.7,37.9,35.4,48,2132,3497
19:11:1,32.5,35.6,37.8,35.5,48,2132,3491
19:12:0,32.6,35.6,37.8,35.5,47,2132,3497
19:13:0,32.9,36.2,37.3,34.7,47,2100,3478
19:14:0,34.5,37.4,36.4,34.0,47,2180,3505
19:15:0,35.5,37.7,36.0,33.3,48,2226,3475
19:16:0,36.0,37.9,35.8,33.2,49,2261,3494
19:17:0,36.2,38.1,35.7,32.9,49,2306,3475
19:17:59,36.6,38.0,35.6,32.8,49,2306,3510
19:18:59,36.6,38.0,35.4,32.8,49,2340,3500
19:19:59,36.8,37.9,35.4,32.6,49,2340,3502
19:20:59,36.7,38.1,35.4,32.7,49,2363,3500
19:21:59,36.8,38.1,35.3,32.7,49,2363,3494
19:22:58,36.8,37.9,35.3,32.7,49,2386,3497
19:23:58,36.7,38.1,35.3,32.6,49,2386,3500
19:24:58,36.7,38.1,35.3,32.6,49,2428,3502
19:25:58,36.8,38.0,35.2,32.5,49,2428,3494
19:26:58,36.8,38.0,35.3,32.6,49,2428,3486
19:27:57,36.9,38.1,35.4,32.6,49,2456,3483
19:28:57,36.9,38.0,35.3,32.6,49,2456,3486
19:29:57,36.8,38.0,35.2,32.7,49,2456,3502
19:30:57,36.8,38.0,35.2,32.6,49,2456,3497
19:31:56,36.8,37.9,35.3,32.5,49,2485,3497
19:32:56,36.8,37.9,35.2,32.6,49,2485,3505
19:33:56,36.8,38.0,35.3,32.6,49,2485,3486
19:34:56,36.9,37.9,35.2,32.7,48,2485,3494
19:35:56,36.7,37.8,35.1,32.6,48,2485,3491
19:36:55,36.9,37.8,35.2,32.6,49,2485,3486
19:37:55,36.8,37.8,35.0,32.7,49,2485,3486
19:38:55,36.9,37.8,35.0,32.7,48,2508,3502
19:39:55,36.7,37.9,35.1,32.5,49,2485,3483
19:40:55,36.9,37.9,35.0,32.6,49,2508,3491
19:41:54,36.8,37.8,35.0,32.6,49,2508,3502
19:42:54,36.9,37.9,35.1,32.6,49,2508,3500
19:43:54,36.8,37.8,35.1,32.6,49,2508,3497
19:44:54,36.9,37.8,34.9,32.6,49,2508,3491
19:45:53,36.8,37.8,35.1,32.5,48,2508,3505
19:46:53,36.7,37.8,35.0,32.7,49,2508,3497
19:47:53,36.6,37.8,34.9,32.6,49,2508,3486
19:48:53,36.8,37.8,35.0,32.6,48,2508,3502
19:49:53,36.8,37.7,35.0,32.5,48,2508,3486
19:50:52,36.8,37.9,34.9,32.6,48,2508,3500
19:51:52,36.8,37.8,34.9,32.6,48,2508,3494
19:52:52,36.8,37.7,34.9,32.5,48,2508,3494
19:53:52,36.7,37.8,34.7,32.6,48,2508,3489
19:54:52,36.8,37.7,34.9,32.5,48,2508,3510
19:55:51,36.7,37.7,34.8,32.6,48,2508,3494
19:56:51,36.7,37.9,34.7,32.6,48,2508,3510
19:57:51,36.8,37.8,34.8,32.5,48,2508,3491
19:58:51,36.7,37.8,34.8,32.6,49,2508,3497
19:59:51,36.7,37.6,34.6,32.5,48,2485,3489
20:0:50,36.8,37.8,34.6,32.5,48,2508,3489
20:1:50,36.8,37.6,34.7,32.5,48,2485,3500
20:2:50,36.7,37.5,34.8,32.5,48,2485,3491
20:3:50,36.8,37.7,34.6,32.5,48,2485,3510
20:4:50,36.7,37.7,34.6,32.5,48,2485,3475
20:5:49,36.6,37.6,34.8,32.4,48,2485,3516
20:6:49,36.7,37.6,34.6,32.4,48,2485,3497
20:7:49,36.7,37.5,34.6,32.5,48,2485,3505
20:8:49,36.7,37.7,34.6,32.4,48,2456,3486
20:9:49,36.6,37.6,34.5,32.5,48,2456,3486
20:10:49,36.7,37.5,34.6,32.4,48,2456,3502
20:11:48,36.7,37.6,34.4,32.4,48,2456,3491
20:12:48,36.6,37.6,34.4,32.4,48,2428,3494
20:13:48,36.5,37.5,34.3,32.3,48,2428,3491
20:14:48,36.6,37.6,34.3,32.4,48,2428,3486
20:15:48,36.5,37.5,34.3,32.4,48,2428,3483
20:16:47,36.7,37.4,34.3,32.3,48,2386,3510
20:17:47,36.5,37.6,34.2,32.3,48,2386,3508
20:18:47,36.7,37.5,34.2,32.4,48,2386,3502
20:19:47,36.5,37.5,34.2,32.3,48,2386,3480
20:20:47,36.6,37.4,34.3,32.4,48,2386,3489
20:21:47,36.5,37.5,34.2,32.3,48,2363,3497
20:22:46,36.5,37.5,34.2,32.3,48,2386,3486
20:23:46,36.5,37.6,34.1,32.3,48,2363,3494
20:24:46,36.7,37.5,34.0,32.2,48,2340,3472
20:25:46,35.3,36.7,35.8,32.5,48,2306,3500
20:26:46,34.4,36.2,37.0,33.1,48,2283,3508
20:27:46,33.8,35.8,37.4,33.6,48,2306,3500
20:28:46,33.4,35.6,37.7,33.9,48,2283,3483
20:29:46,33.2,35.4,37.7,34.3,48,2283,3505
20:30:45,32.9,35.4,37.7,34.6,48,2283,3497
20:31:45,32.8,35.3,37.7,34.6,48,2283,3521
20:32:45,32.7,35.3,37.8,34.6,48,2283,3489
20:33:45,32.6,35.2,37.9,34.8,48,2283,3502
20:34:45,32.5,35.0,37.7,34.8,48,2283,3510
20:35:45,32.5,35.2,37.8,34.9,48,2261,3491
20:36:45,32.4,35.1,37.8,34.9,48,2261,3505
20:37:45,32.4,35.0,37.8,34.8,48,2261,3500
20:38:45,32.4,35.1,37.8,34.8,49,2261,3500
20:39:45,32.4,35.0,37.8,34.8,48,2261,3502
20:40:44,32.3,35.1,37.8,34.8,49,2261,3480
20:41:44,32.4,35.1,37.8,34.8,49,2261,3491
20:42:44,32.4,35.0,37.7,34.7,49,2261,3505
20:43:44,32.2,35.0,37.6,34.8,49,2226,3494
20:44:44,32.2,35.1,37.6,34.8,49,2226,3486
20:45:44,32.3,34.9,37.8,34.8,49,2226,3491
20:46:44,32.1,35.0,37.7,34.7,49,2226,3510
20:47:44,32.3,34.9,37.7,34.6,49,2226,3475
20:48:44,32.2,35.0,37.6,34.7,49,2201,3486
20:49:44,34.6,35.3,36.4,34.4,49,2306,3491
20:50:44,36.5,36.0,35.3,34.3,49,2428,3500
20:51:43,36.9,36.5,34.9,34.2,50,2485,3500
20:52:43,37.4,36.8,34.5,34.1,50,2508,3510
20:53:43,37.5,37.2,34.5,34.0,50,2576,3491
20:54:43,37.8,37.1,34.4,34.0,49,2601,3486
20:55:42,37.6,37.1,34.3,34.1,49,2632,3483
20:56:42,37.7,37.2,34.3,34.0,49,2632,3500
20:57:42,37.7,37.1,34.2,34.0,49,2632,3497
20:58:41,37.8,37.1,34.2,34.0,49,2676,3483
20:59:41,37.7,37.0,34.3,34.2,49,2676,3483
21:0:41,37.7,37.1,34.2,34.0,48,2676,3480
21:1:41,37.8,37.0,34.2,34.0,48,2676,3505
21:2:40,37.7,37.2,34.1,34.0,48,2699,3494
21:3:40,37.8,37.2,34.1,34.0,48,2699,3500
21:4:40,37.9,37.2,34.0,34.0,48,2699,3502
21:5:39,37.7,37.0,34.1,34.0,48,2699,3489
21:6:39,37.7,37.1,33.9,34.0,48,2699,3489
21:7:39,37.6,37.0,33.9,33.9,48,2699,3513
21:8:39,37.6,37.0,34.0,34.0,48,2699,3489
21:9:38,37.7,37.0,34.0,33.9,47,2699,3497
21:10:38,37.7,37.2,33.9,33.9,48,2676,3494
21:11:38,37.6,37.0,33.9,34.0,48,2699,3516
21:12:38,37.6,37.0,33.8,33.9,47,2699,3505
21:13:37,37.7,37.1,33.8,33.9,47,2699,3500
21:14:37,37.6,37.0,33.8,33.9,47,2676,3500
21:15:37,37.6,37.0,33.9,33.9,47,2676,3486
21:16:36,37.7,37.0,33.7,33.8,47,2676,3500
21:17:36,37.5,37.0,33.8,33.9,47,2632,3500
21:18:36,37.5,36.9,33.6,33.8,47,2676,3483
21:19:36,37.6,37.0,33.7,33.8,47,2632,3497
21:20:35,37.6,37.0,33.6,33.9,47,2632,3510
21:21:35,37.6,37.0,33.7,33.7,47,2632,3486
21:22:35,37.6,36.9,33.6,33.7,47,2632,3489
21:23:35,37.5,36.8,33.6,33.7,47,2601,3475
21:24:34,37.7,36.8,33.6,33.8,47,2601,3502
21:25:34,37.6,36.9,33.6,33.8,47,2601,3505
21:26:34,37.6,37.0,33.6,33.6,47,2576,3500
21:27:34,37.5,36.9,33.5,33.7,47,2576,3491
21:28:33,37.5,36.8,33.5,33.7,47,2601,3497
21:29:33,37.4,36.8,33.4,33.6,47,2576,3491
21:30:33,37.5,37.0,33.6,33.8,47,2576,3500
21:31:33,37.5,36.9,33.4,33.6,47,2576,3505
21:32:32,37.5,36.9,33.4,33.6,47,2544,3486
21:33:32,37.4,36.8,33.5,33.6,47,2544,3497
21:34:32,37.0,36.6,33.1,33.4,47,2456,3486
21:35:32,36.3,37.2,33.2,33.1,46,2386,3500
21:36:32,35.9,37.3,33.4,32.7,46,2340,3486
21:37:31,35.7,37.4,33.4,32.6,46,2283,3497
21:38:31,35.6,37.5,33.5,32.3,46,2261,3486
21:39:31,35.5,37.4,33.5,32.1,46,2226,3497
21:40:31,35.4,37.4,33.6,32.1,46,2201,3508
21:41:31,35.5,37.4,33.6,32.0,46,2180,3497
21:42:31,35.4,37.3,33.6,31.9,46,2158,3486
21:43:31,35.2,37.3,33.6,31.9,46,2132,3500
21:44:31,35.2,37.5,33.6,31.8,46,2132,3483
21:45:31,35.2,37.3,33.4,31.8,47,2082,3491
21:46:31,35.2,37.3,33.5,31.7,46,2082,3486
21:47:30,35.3,37.3,33.4,31.7,46,2082,3497
21:48:30,35.1,37.2,33.4,31.7,46,2056,3494
21:49:30,35.1,37.4,33.4,31.6,47,2022,3486
21:50:30,35.3,37.3,33.4,31.7,47,2022,3500
21:51:30,35.2,37.4,33.4,31.6,47,2003,3500
21:52:30,35.2,37.3,33.3,31.5,47,1974,3494
21:53:30,35.1,37.2,33.4,31.5,47,1974,3502
21:54:30,35.1,37.3,33.3,31.5,47,1974,3486
21:55:30,35.1,37.4,33.4,31.5,47,1955,3502
21:56:30,35.2,37.3,33.3,31.5,47,1955,3491
21:57:30,35.1,37.2,33.3,31.5,47,1936,3483
21:58:30,35.1,37.3,33.3,31.4,47,1936,3502
21:59:30,34.9,37.3,33.3,31.6,47,1913,3483
22:0:30,35.0,37.3,33.3,31.5,47,1913,3491
22:1:30,35.1,37.2,33.2,31.5,47,1913,3500
22:2:30,35.1,37.2,33.3,31.3,47,1904,3491
22:3:30,35.0,37.2,33.3,31.4,47,1904,3500
22:4:29,35.0,37.3,33.2,31.4,47,1904,3489
22:5:29,35.0,37.1,33.1,31.4,47,1683,3453
22:6:29,34.7,35.8,34.3,34.2,47,1880,3508
22:7:29,34.4,34.9,35.7,36.3,47,1936,3502
22:8:29,34.4,34.3,36.5,37.0,48,2003,3497
22:9:29,34.4,34.1,36.8,37.5,48,2056,3475
22:10:29,34.5,34.0,37.0,37.6,48,2100,3502
22:11:29,34.5,34.0,37.0,37.7,48,2132,3497
22:12:28,34.5,33.8,37.1,37.8,48,2158,3500
22:13:28,34.6,33.7,37.2,37.7,48,2180,3513
22:14:28,34.7,33.7,37.3,37.8,48,2201,3500
22:15:28,34.6,33.7,37.2,37.8,48,2226,3494
22:16:27,34.6,33.8,37.3,37.8,48,2226,3505
22:17:27,34.7,33.9,37.2,37.8,48,2261,3502
22:18:27,34.6,33.7,37.3,37.9,48,2283,3486
22:19:27,34.7,33.8,37.3,37.9,48,2283,3486
22:20:26,34.7,33.8,37.3,38.0,48,2283,3494
22:21:26,34.6,33.7,37.4,37.9,48,2306,3497
22:22:26,34.7,33.8,37.4,37.9,47,2306,3489
22:23:26,34.6,33.7,37.2,37.9,48,2306,3500
22:24:25,34.6,33.7,37.3,37.8,48,2306,3500
22:25:25,34.6,33.8,37.3,37.9,47,2340,3502
22:26:25,34.5,33.7,37.2,37.8,48,2306,3497
22:27:25,34.6,33.7,37.2,37.9,48,2340,3491
22:28:24,34.6,33.6,37.3,38.0,47,2340,3491
22:29:24,34.5,33.6,37.3,37.9,47,2340,3494
22:30:24,34.6,33.6,37.2,37.9,48,2340,3494
22:31:24,34.6,33.7,37.3,37.9,48,2340,3502
22:32:23,34.6,33.6,37.3,37.9,47,2340,3508
22:33:23,34.5,33.6,37.3,37.9,48,2340,3500
22:34:23,34.5,33.7,37.3,37.9,48,2363,3486
22:35:23,34.4,33.7,37.2,37.9,47,2340,3497
22:36:22,34.4,33.6,37.4,37.9,47,2340,3502
22:37:22,34.4,33.6,37.2,37.9,47,2340,3508
22:38:22,34.2,33.5,37.3,37.9,48,2340,3502
22:39:22,34.3,33.5,37.3,37.9,47,2340,3494
22:40:21,34.3,33.6,37.3,37.8,47,2363,3502
22:41:21,34.3,33.5,37.3,37.9,47,2340,3486
22:42:21,34.4,33.5,37.3,37.9,47,2340,3491
22:43:21,34.4,33.6,37.3,37.9,47,2340,3521
22:44:20,34.4,33.5,37.2,37.9,47,2340,3494
22:45:20,34.4,33.6,37.2,37.8,47,2340,3521
22:46:20,34.4,33.5,37.2,37.9,47,2340,3500
22:47:20,34.2,33.5,37.2,37.8,47,2306,3497
22:48:20,34.3,33.4,37.0,37.7,47,2340,3508
22:49:19,34.3,33.5,37.2,37.9,47,2306,3500
22:50:19,34.3,33.3,37.2,37.8,47,2306,3491
22:51:19,34.3,33.5,37.3,37.9,47,2306,3480
22:52:19,34.4,33.3,37.1,37.9,47,2306,3489
22:53:18,34.3,33.4,37.3,37.9,47,2340,3494
22:54:18,34.2,33.4,37.1,37.9,47,2340,3510
22:55:18,34.3,33.5,37.2,37.8,47,2306,3486
22:56:18,34.3,33.4,37.3,37.9,47,2306,3486
22:57:18,34.3,33.4,37.3,37.8,47,2306,3500
22:58:17,34.2,33.4,37.2,37.9,47,2283,3502
22:59:17,34.2,33.3,37.1,37.7,48,2283,3494
23:0:17,34.2,33.4,37.3,37.8,47,2283,3491
23:1:17,34.3,33.4,37.2,37.8,47,2283,3494
23:2:17,34.2,33.4,37.3,37.9,47,2283,3500
23:3:16,34.2,33.3,37.2,37.8,47,2283,3489
23:4:16,34.4,33.4,37.2,37.9,48,2283,3486
23:5:16,34.2,33.3,37.2,37.9,47,2283,3494
23:6:16,34.2,33.4,37.2,37.9,47,2261,3486
23:7:15,34.1,33.3,37.2,37.9,47,2283,3491
23:8:15,34.3,33.3,37.1,37.8,47,2283,3486
23:9:15,34.4,33.3,37.2,37.8,47,2261,3505
23:10:15,34.2,33.3,37.0,37.8,47,2261,3497
23:11:15,34.2,33.3,37.2,37.9,47,2283,3494
23:12:14,34.2,33.4,37.2,37.9,47,2261,3500
23:13:14,34.2,33.2,37.2,37.8,47,2261,3483
23:14:14,34.2,33.4,37.2,37.8,47,2261,3486
23:15:14,34.2,33.3,37.2,38.0,47,2261,3505
23:16:13,34.2,33.3,37.1,37.9,47,2261,3502
23:17:13,34.3,33.3,37.1,37.8,47,2226,3497
23:18:13,34.2,33.2,37.2,37.9,47,2226,3486
23:19:13,34.3,33.2,37.2,37.9,47,2226,3489
23:20:13,34.2,33.0,36.5,37.2,46,1904,3442
23:21:12,33.9,33.1,36.8,36.9,47,2158,3497
23:22:12,33.6,33.3,37.0,36.8,47,2132,3486
23:23:12,33.4,33.5,37.1,36.7,47,2132,3508
23:24:12,33.1,33.5,37.1,36.6,47,2132,3486
23:25:12,33.2,33.6,37.2,36.6,47,2132,3500
23:26:12,33.1,33.7,37.2,36.5,47,2132,3486
23:27:11,33.0,33.7,37.2,36.5,47,2100,3486
23:28:11,32.9,33.7,37.2,36.3,47,2132,3489
23:29:11,32.9,33.7,37.0,36.5,47,2100,3489
23:30:11,32.9,33.7,37.0,36.4,47,2100,3500
23:31:11,32.8,33.8,37.2,36.4,47,2100,3500
23:32:11,32.9,33.8,37.3,36.2,47,2082,3497
23:33:11,32.6,33.7,37.2,36.4,47,2082,3500
23:34:10,32.8,33.7,37.3,36.3,46,2082,3486
23:35:10,32.7,33.8,37.1,36.5,46,2056,3497
23:36:10,32.7,33.5,37.2,36.3,46,2056,3491
23:37:10,32.7,33.7,37.0,36.4,46,2056,3491
23:38:10,32.6,33.6,37.0,36.3,46,2056,3500
23:39:10,32.8,33.6,37.2,36.3,46,2022,3505
23:40:10,32.7,33.6,37.2,36.3,46,2003,3483
23:41:10,32.5,33.6,37.2,36.2,46,2003,3510
23:42:9,32.6,33.6,37.2,36.3,46,2003,3502
23:43:9,32.7,33.6,37.2,36.3,46,1974,3483
23:44:9,32.6,33.4,37.1,36.2,46,2003,3502
23:45:9,32.6,33.5,37.0,36.3,46,1974,3502
23:46:9,32.7,33.5,37.1,36.3,46,1974,3510
23:47:9,32.6,33.5,37.0,36.3,46,1974,3508
23:48:9,32.6,33.6,37.1,36.2,46,1955,3508
23:49:8,32.6,33.5,37.1,36.4,46,1974,3500
23:50:8,32.6,33.5,37.2,36.3,46,1955,3491
23:51:8,32.6,33.6,37.1,36.3,46,1955,3494
23:52:8,32.5,33.6,37.2,36.2,46,1955,3505
23:53:8,32.5,33.5,36.9,36.2,46,1955,3500
23:54:8,32.6,33.6,37.0,36.3,46,1955,3510
23:55:8,32.5,33.5,37.1,36.2,46,1936,3497
23:56:8,32.6,33.5,37.0,36.2,46,1955,3510
23:57:7,32.6,33.5,37.1,36.3,46,1936,3500
23:58:7,32.6,33.6,37.1,36.3,46,1936,3489
23:59:7,32.6,33.5,37.0,36.3,46,1913,3516
0:0:7,32.6,33.6,37.2,36.3,46,1913,3486
