0:1:18,17.3,17.2,17.3,17.3,58,402,3483
0:2:20,17.4,17.2,17.3,17.3,57,402,3469
0:3:22,17.3,17.2,17.4,17.2,58,402,3478
0:4:24,17.3,17.3,17.3,17.3,58,400,3475
0:5:27,17.4,17.3,17.3,17.4,58,402,3472
0:6:29,17.3,17.2,17.3,17.3,58,400,3478
0:7:31,17.4,17.3,17.3,17.4,58,402,3480
0:8:33,17.4,17.3,17.3,17.4,58,402,3469
0:9:35,17.2,17.3,17.4,17.2,58,402,3461
0:10:37,17.4,17.2,17.4,17.4,58,400,3467
0:11:39,17.3,17.4,17.4,17.2,58,410,3475
0:12:41,17.3,17.3,17.3,17.3,58,410,3475
0:13:44,17.3,17.4,17.2,17.2,58,402,3458
0:14:46,17.3,17.2,17.2,17.4,58,406,3467
0:15:48,17.3,17.2,17.2,17.3,58,402,3467
0:16:50,17.4,17.3,17.3,17.3,57,402,3469
0:17:52,17.2,17.4,17.3,17.2,58,406,3469
0:18:54,17.4,17.3,17.4,17.4,58,406,3469
0:19:56,17.2,17.4,17.3,17.4,58,402,3489
0:20:58,17.3,17.3,17.4,17.3,58,402,3483
0:22:1,17.4,17.2,17.2,17.2,58,402,3472
0:23:3,17.3,17.3,17.3,17.3,58,402,3475
0:24:5,17.3,17.3,17.3,17.3,58,402,3480
0:25:7,17.3,17.4,17.2,17.3,58,400,3475
0:26:9,17.3,17.2,17.2,17.4,58,402,3475
0:27:11,17.4,17.3,17.2,17.2,58,400,3475
0:28:13,17.3,17.3,17.3,17.3,58,402,3469
0:29:15,17.4,17.4,17.4,17.2,58,400,3475
0:30:18,17.3,17.2,17.3,17.3,58,402,3483
0:31:20,17.3,17.4,17.2,17.3,58,402,3489
0:32:22,17.3,17.2,17.3,17.4,58,402,3469
0:33:24,17.4,17.3,17.2,17.3,58,400,3480
0:34:26,17.2,17.3,17.4,17.3,58,402,3464
0:35:28,17.3,17.3,17.2,17.2,58,402,3467
0:36:30,17.2,17.2,17.2,17.3,58,400,3478
0:37:32,17.3,17.3,17.3,17.3,57,400,3475
0:38:34,17.3,17.2,17.2,17.2,58,402,3489
0:39:37,17.2,17.4,17.3,17.4,58,402,3469
0:40:39,17.2,17.2,17.2,17.3,58,402,3469
0:41:41,17.3,17.2,17.3,17.3,58,400,3472
0:42:43,17.2,17.3,17.4,17.3,58,402,3464
0:43:45,17.2,17.2,17.3,17.2,58,402,3478
0:44:47,17.3,17.2,17.4,17.3,58,400,3458
0:45:49,17.3,17.3,17.4,17.3,58,402,3467
0:46:51,17.2,17.4,17.2,17.3,58,400,3469
0:47:54,17.3,17.3,17.2,17.2,58,400,3472
0:48:56,17.3,17.2,17.2,17.3,58,402,3472
0:49:58,17.3,17.2,17.4,17.2,58,400,3475
0:51:0,17.2,17.2,17.2,17.3,58,402,3483
0:52:2,17.2,17.3,17.2,17.3,58,402,3464
0:53:4,17.2,17.2,17.3,17.3,58,400,3472
0:54:6,17.2,17.2,17.3,17.3,58,400,3472
0:55:8,17.4,17.2,17.3,17.3,58,402,3475
0:56:11,17.3,17.2,17.2,17.3,58,400,3486
0:57:13,17.4,17.2,17.2,17.3,58,403,3472
0:58:15,17.3,17.3,17.2,17.3,58,406,3478
0:59:17,17.3,17.3,17.3,17.2,58,403,3469
1:0:19,17.3,17.3,17.3,17.4,58,406,3478
1:1:21,17.2,17.3,17.2,17.3,58,403,3480
1:2:23,17.3,17.3,17.3,17.3,58,406,3458
1:3:25,17.4,17.2,17.2,17.2,58,406,3467
1:4:28,17.3,17.3,17.2,17.2,58,403,3464
1:5:30,17.3,17.2,17.3,17.2,58,403,3458
1:6:32,17.2,17.2,17.3,17.3,58,406,3480
1:7:34,17.2,17.2,17.3,17.3,58,403,3472
1:8:36,17.3,17.2,17.3,17.2,58,406,3486
1:9:38,17.3,17.2,17.3,17.3,58,403,3467
1:10:40,17.2,17.3,17.2,17.3,58,406,3489
1:11:42,17.2,17.3,17.2,17.2,58,403,3467
1:12:45,17.2,17.2,17.3,17.3,58,406,3483
1:13:47,17.2,17.2,17.2,17.2,58,406,3475
1:14:49,17.3,17.2,17.3,17.3,58,406,3450
1:15:51,17.3,17.3,17.3,17.3,58,406,3469
1:16:53,17.2,17.3,17.2,17.4,58,403,3469
1:17:55,17.3,17.3,17.3,17.3,58,406,3464
1:18:57,17.3,17.2,17.3,17.3,58,403,3464
1:19:59,17.4,17.3,17.2,17.3,58,406,3464
1:21:2,17.2,17.2,17.2,17.2,58,406,3472
1:22:4,17.3,17.4,17.3,17.2,58,406,3453
1:23:6,17.3,17.2,17.4,17.4,58,406,3483
1:24:8,17.3,17.2,17.3,17.2,58,406,3469
1:25:10,17.3,17.2,17.2,17.2,58,406,3478
1:26:12,17.3,17.2,17.2,17.4,58,403,3469
1:27:14,17.2,17.2,17.2,17.3,58,406,3478
1:28:16,17.3,17.2,17.3,17.2,58,403,3480
1:29:19,17.2,17.3,17.3,17.2,58,400,3453
1:30:21,17.2,17.3,17.2,17.2,58,406,3489
1:31:23,17.2,17.3,17.2,17.3,58,403,3467
1:32:25,17.3,17.3,17.2,17.3,58,403,3472
1:33:27,17.4,17.2,17.2,17.3,58,406,3467
1:34:29,17.3,17.3,17.2,17.2,58,406,3453
1:35:31,17.2,17.3,17.2,17.3,58,406,3472
1:36:33,17.3,17.2,17.2,17.3,58,406,3478
1:37:35,17.3,17.3,17.2,17.2,58,403,3464
1:38:38,17.3,17.3,17.3,17.2,58,406,3464
1:39:40,17.2,17.3,17.2,17.3,58,403,3475
1:40:42,17.3,17.2,17.2,17.3,58,406,3453
1:41:44,17.3,17.3,17.2,17.3,58,406,3467
1:42:46,17.2,17.2,17.3,17.2,58,406,3469
1:43:48,17.3,17.2,17.2,17.3,58,403,3461
1:44:50,17.4,17.2,17.2,17.4,58,403,3469
1:45:53,17.2,17.3,17.3,17.3,58,409,3475
1:46:55,17.3,17.2,17.2,17.2,58,409,3489
1:47:57,17.2,17.2,17.2,17.3,58,406,3475
1:48:59,17.2,17.3,17.2,17.2,58,409,3480
1:50:1,17.2,17.2,17.2,17.3,58,406,3478
1:51:3,17.3,17.2,17.2,17.2,58,403,3467
1:52:5,17.2,17.3,17.2,17.3,58,406,3464
1:53:7,17.2,17.2,17.1,17.2,58,406,3464
1:54:10,17.2,17.2,17.2,17.3,58,403,3483
1:55:12,17.3,17.2,17.2,17.3,58,406,3453
1:56:14,17.2,17.2,17.2,17.3,58,403,3453
1:57:16,17.2,17.3,17.2,17.2,58,406,3458
1:58:18,17.2,17.3,17.2,17.2,58,403,3480
1:59:20,17.3,17.3,17.2,17.3,58,406,3478
2:0:22,17.1,17.3,17.2,17.2,58,403,3480
2:1:25,17.2,17.1,17.2,17.2,58,406,3453
2:2:27,17.3,17.3,17.3,17.2,58,406,3478
2:3:29,17.2,17.2,17.3,17.4,58,406,3472
2:4:31,17.3,17.2,17.2,17.2,58,406,3478
2:5:33,17.3,17.2,17.2,17.3,58,406,3480
2:6:35,17.2,17.3,17.2,17.3,58,406,3467
2:7:37,17.3,17.2,17.2,17.2,58,406,3475
2:8:39,17.3,17.2,17.2,17.3,58,406,3467
2:9:42,17.3,17.2,17.2,17.2,58,406,3450
2:10:44,17.2,17.3,17.2,17.3,58,406,3469
2:11:46,17.2,17.2,17.2,17.2,58,406,3472
2:12:48,17.2,17.2,17.2,17.2,58,406,3469
2:13:50,17.3,17.3,17.2,17.4,58,406,3486
2:14:52,17.3,17.2,17.1,17.2,58,409,3453
2:15:54,17.2,17.3,17.2,17.3,58,406,3467
2:16:56,17.2,17.2,17.2,17.3,58,406,3472
2:17:59,17.2,17.2,17.2,17.3,58,406,3478
2:19:1,17.3,17.3,17.2,17.2,58,409,3467
2:20:3,17.3,17.2,17.3,17.2,58,409,3453
2:21:5,17.3,17.2,17.2,17.3,58,406,3453
2:22:7,17.2,17.3,17.2,17.2,58,406,3494
2:23:9,17.3,17.2,17.2,17.2,58,409,3450
2:24:11,17.2,17.3,17.2,17.2,58,409,3475
2:25:13,17.2,17.3,17.2,17.3,58,409,3458
2:26:16,17.3,17.2,17.2,17.3,58,409,3461
2:27:18,17.2,17.3,17.2,17.2,58,409,3461
2:28:20,17.3,17.1,17.2,17.2,58,409,3464
2:29:22,17.3,17.3,17.2,17.2,58,409,3480
2:30:24,17.2,17.3,17.2,17.3,58,414,3467
2:31:26,17.2,17.2,17.2,17.3,58,414,3464
2:32:28,17.2,17.2,17.2,17.2,58,409,3467
2:33:30,17.2,17.2,17.3,17.3,58,409,3467
2:34:33,17.2,17.2,17.2,17.2,58,414,3475
2:35:35,17.3,17.3,17.3,17.1,58,414,3469
2:36:37,17.3,17.2,17.3,17.2,58,409,3467
2:37:39,17.2,17.2,17.2,17.3,58,409,3467
2:38:41,17.2,17.2,17.2,17.2,58,414,3464
2:39:43,17.2,17.3,17.2,17.1,58,414,3464
2:40:45,17.3,17.3,17.2,17.3,58,409,3464
2:41:47,17.2,17.2,17.2,17.2,58,409,3472
2:42:49,17.2,17.3,17.2,17.2,58,414,3475
2:43:52,17.2,17.2,17.2,17.2,58,414,3478
2:44:54,17.2,17.2,17.2,17.2,58,409,3456
2:45:56,17.3,17.2,17.2,17.2,58,409,3464
2:46:58,17.3,17.2,17.2,17.3,58,409,3464
2:48:0,17.3,17.2,17.2,17.3,58,406,3478
2:49:2,17.2,17.2,17.3,17.3,58,414,3453
2:50:4,17.2,17.3,17.2,17.2,58,406,3472
2:51:6,17.1,17.2,17.2,17.3,58,406,3478
2:52:9,17.2,17.1,17.2,17.2,58,406,3467
2:53:11,17.2,17.2,17.2,17.3,58,409,3453
2:54:13,17.2,17.3,17.1,17.2,58,409,3475
2:55:15,17.2,17.2,17.3,17.4,58,409,3483
2:56:17,17.3,17.2,17.3,17.2,58,406,3464
2:57:19,17.2,17.2,17.1,17.2,58,406,3475
2:58:21,17.3,17.2,17.2,17.3,58,409,3469
2:59:23,17.2,17.2,17.2,17.1,58,406,3469
3:0:25,17.2,17.3,17.3,17.2,58,409,3475
3:1:28,17.2,17.2,17.2,17.2,58,409,3464
3:2:30,17.3,17.2,17.2,17.2,58,409,3458
3:3:32,17.2,17.2,17.2,17.3,58,409,3478
3:4:34,17.2,17.1,17.2,17.3,58,409,3489
3:5:36,17.2,17.2,17.1,17.2,58,409,3453
3:6:38,17.2,17.2,17.2,17.1,58,409,3464
3:7:40,17.1,17.2,17.2,17.2,58,409,3500
3:8:42,17.2,17.2,17.2,17.2,58,406,3464
3:9:45,17.2,17.2,17.2,17.3,58,406,3483
3:10:47,17.2,17.1,17.2,17.2,58,409,3480
3:11:49,17.3,17.2,17.2,17.2,58,406,3453
3:12:51,17.2,17.2,17.1,17.2,58,409,3467
3:13:53,17.3,17.3,17.2,17.2,58,406,3453
3:14:55,17.2,17.2,17.2,17.2,58,409,3458
3:15:57,17.2,17.2,17.3,17.3,58,409,3472
3:16:59,17.2,17.2,17.1,17.2,58,409,3483
3:18:2,17.3,17.3,17.2,17.3,58,409,3467
3:19:4,17.1,17.3,17.1,17.2,58,409,3464
3:20:6,17.2,17.2,17.2,17.2,58,406,3467
3:21:8,17.3,17.1,17.3,17.2,58,406,3469
3:22:10,17.2,17.1,17.2,17.2,58,406,3461
3:23:12,17.3,17.2,17.2,17.2,58,403,3475
3:24:14,17.3,17.2,17.2,17.2,58,406,3472
3:25:16,17.2,17.2,17.2,17.2,58,406,3467
3:26:19,17.2,17.2,17.2,17.2,58,406,3475
3:27:21,17.2,17.2,17.2,17.2,58,409,3469
3:28:23,17.3,17.2,17.2,17.2,58,406,3469
3:29:25,17.2,17.3,17.1,17.2,58,406,3475
3:30:27,17.3,17.2,17.2,17.2,58,406,3469
3:31:29,17.1,17.1,17.1,17.2,58,409,3453
3:32:31,17.2,17.1,17.3,17.2,58,406,3475
3:33:33,17.2,17.2,17.2,17.2,58,406,3478
3:34:36,17.2,17.2,17.2,17.2,58,406,3453
3:35:38,17.3,17.2,17.3,17.3,58,406,3469
3:36:40,17.3,17.2,17.2,17.2,58,406,3478
3:37:42,17.2,17.2,17.1,17.2,58,406,3469
3:38:44,17.2,17.1,17.3,17.3,58,406,3478
3:39:46,17.3,17.2,17.2,17.1,58,406,3458
3:40:48,17.2,17.1,17.0,17.1,58,409,3469
3:41:50,17.3,17.2,17.2,17.3,58,409,3472
3:42:53,17.2,17.1,17.1,17.1,58,409,3458
3:43:55,17.2,17.2,17.1,17.2,58,409,3475
3:44:57,17.2,17.1,17.2,17.2,58,406,3478
3:45:59,17.1,17.2,17.1,17.3,58,406,3483
3:47:1,17.2,17.2,17.1,17.2,58,409,3469
3:48:3,17.3,17.1,17.1,17.2,58,406,3453
3:49:5,17.2,17.2,17.2,17.3,58,414,3453
3:50:8,17.2,17.1,17.1,17.2,58,409,3489
3:51:10,17.2,17.1,17.1,17.3,58,406,3475
3:52:12,17.2,17.1,17.2,17.2,58,409,3450
3:53:14,17.2,17.2,17.2,17.2,58,406,3475
3:54:16,17.3,17.2,17.2,17.2,58,406,3467
3:55:18,17.3,17.2,17.3,17.2,58,409,3472
3:56:20,17.1,17.2,17.1,17.3,58,409,3472
3:57:22,17.2,17.1,17.2,17.2,58,414,3480
3:58:24,17.2,17.2,17.2,17.2,58,414,3478
3:59:27,17.2,17.1,17.1,17.2,58,409,3478
4:0:29,17.2,17.2,17.2,17.1,58,409,3472
4:1:31,17.2,17.1,17.2,17.1,58,409,3461
4:2:33,17.1,17.2,17.2,17.2,58,403,3478
4:3:35,17.1,17.2,17.2,17.2,58,409,3469
4:4:37,17.1,17.1,17.1,17.1,58,406,3469
4:5:39,17.1,17.2,17.1,17.2,58,414,3469
4:6:41,17.2,17.2,17.1,17.2,58,409,3469
4:7:44,17.2,17.1,17.2,17.1,58,409,3469
4:8:46,17.2,17.1,17.1,17.2,58,409,3475
4:9:48,17.2,17.2,17.2,17.2,58,409,3475
4:10:50,17.2,17.1,17.1,17.2,58,409,3469
4:11:52,17.3,17.1,17.1,17.1,58,409,3480
4:12:54,17.2,17.2,17.2,17.1,58,414,3480
4:13:56,17.3,17.2,17.2,17.2,58,414,3467
4:14:58,17.3,17.2,17.2,17.2,58,414,3467
4:16:1,17.2,17.1,17.1,17.3,58,409,3475
4:17:3,17.2,17.2,17.1,17.2,58,409,3472
4:18:5,17.1,17.2,17.2,17.2,58,414,3469
4:19:7,17.3,17.1,17.2,17.2,58,414,3464
4:20:9,17.2,17.3,17.2,17.3,58,409,3469
4:21:11,17.2,17.2,17.2,17.2,58,409,3478
4:22:13,17.2,17.2,17.2,17.2,58,409,3464
4:23:15,17.1,17.1,17.3,17.2,58,406,3478
4:24:18,17.3,17.1,17.1,17.1,58,409,3467
4:25:20,17.1,17.1,17.2,17.2,58,409,3475
4:26:22,17.2,17.2,17.2,17.4,58,414,3472
4:27:24,17.1,17.1,17.2,17.2,58,414,3469
4:28:26,17.1,17.1,17.1,17.1,58,409,3464
4:29:28,17.2,17.1,17.2,17.1,58,409,3478
4:30:30,17.2,17.1,17.2,17.1,58,414,3478
4:31:32,17.2,17.3,17.0,17.2,58,414,3489
4:32:35,17.2,17.2,17.1,17.2,58,409,3500
4:33:37,17.1,17.2,17.1,17.0,58,409,3489
4:34:39,17.2,17.1,17.1,17.2,58,414,3453
4:35:41,17.3,17.2,17.2,17.2,58,414,3475
4:36:43,17.2,17.1,17.1,17.2,58,414,3453
4:37:45,17.2,17.2,17.2,17.2,58,409,3478
4:38:47,17.2,17.1,17.2,17.1,58,414,3478
4:39:49,17.1,17.1,17.2,17.1,58,409,3472
4:40:52,17.1,17.1,17.3,17.2,58,414,3472
4:41:54,17.1,17.2,17.1,17.2,58,409,3489
4:42:56,17.2,17.2,17.1,17.2,58,417,3480
4:43:58,17.2,17.1,17.2,17.2,58,417,3453
4:45:0,17.2,17.3,17.1,17.2,58,417,3480
4:46:2,17.2,17.2,17.2,17.2,58,417,3453
4:47:4,17.2,17.1,17.1,17.2,58,417,3480
4:48:7,17.1,17.2,17.2,17.2,58,417,3478
4:49:9,17.2,17.1,17.2,17.2,58,414,3475
4:50:11,17.1,17.1,17.2,17.2,58,414,3480
4:51:13,17.2,17.1,17.2,17.2,58,406,3480
4:52:15,17.2,17.1,17.2,17.2,58,409,3464
4:53:17,17.2,17.1,17.1,17.2,58,409,3464
4:54:19,17.2,17.2,17.1,17.1,58,414,3478
4:55:21,17.2,17.1,17.2,17.2,58,414,3467
4:56:24,17.3,17.1,17.1,17.2,58,414,3472
4:57:26,17.3,17.1,17.1,17.1,58,414,3464
4:58:28,17.1,17.1,17.2,17.1,58,414,3464
4:59:30,17.2,17.2,17.2,17.1,58,414,3489
5:0:32,17.2,17.1,17.2,17.2,58,414,3478
5:1:34,17.2,17.2,17.2,17.1,58,414,3469
5:2:36,17.2,17.2,17.1,17.2,58,414,3453
5:3:39,17.1,17.1,17.1,17.1,58,414,3480
5:4:41,17.1,17.1,17.1,17.2,58,414,3461
5:5:43,17.2,17.2,17.2,17.2,58,414,3483
5:6:45,17.2,17.2,17.2,17.1,58,414,3478
5:7:47,17.2,17.1,17.2,17.1,58,414,3469
5:8:49,17.2,17.2,17.1,17.2,58,409,3472
5:9:51,17.2,17.1,17.1,17.2,58,414,3480
5:10:54,17.2,17.2,17.1,17.2,58,414,3461
5:11:56,17.1,17.1,17.1,17.1,58,414,3464
5:12:58,17.3,17.1,17.1,17.2,58,414,3472
5:14:0,17.1,17.2,17.2,17.2,58,414,3467
5:15:2,17.2,17.1,17.1,17.2,58,414,3478
5:16:4,17.2,17.1,17.1,17.1,58,414,3464
5:17:6,17.1,17.1,17.1,17.1,58,409,3472
5:18:9,17.2,17.1,17.1,17.2,58,414,3472
5:19:11,17.1,17.1,17.1,17.2,58,414,3469
5:20:13,17.2,17.1,17.2,17.1,58,414,3478
5:21:15,17.2,17.1,17.1,17.2,58,414,3453
5:22:17,17.1,17.2,17.1,17.1,58,414,3475
5:23:19,17.3,17.2,17.2,17.1,58,414,3475
5:24:21,17.2,17.1,17.2,17.2,58,414,3478
5:25:23,17.1,17.1,17.2,17.2,58,417,3450
5:26:26,17.1,17.1,17.1,17.2,58,417,3478
5:27:28,17.2,17.1,17.2,17.1,58,422,3472
5:28:30,17.2,17.1,17.2,17.2,58,417,3467
5:29:32,17.1,17.2,17.1,17.1,58,422,3472
5:30:34,17.1,17.2,17.1,17.1,58,417,3472
5:31:36,17.2,17.1,17.1,17.2,58,414,3469
5:32:38,17.2,17.2,17.1,17.2,58,414,3469
5:33:41,17.2,17.1,17.1,17.1,58,417,3489
5:34:43,17.1,17.2,17.1,17.1,58,414,3494
5:35:45,17.1,17.2,17.1,17.1,58,414,3469
5:36:47,17.2,17.1,17.1,17.2,58,414,3483
5:37:49,17.2,17.1,17.2,17.1,58,414,3461
5:38:51,17.2,17.2,17.1,17.1,58,417,3480
5:39:53,17.1,17.0,17.1,17.1,58,417,3489
5:40:55,17.2,17.1,17.1,17.1,58,409,3472
5:41:58,17.2,17.2,17.1,17.1,58,417,3461
5:43:0,17.2,17.1,17.0,17.3,58,417,3453
5:44:2,17.1,17.1,17.2,17.1,58,422,3480
5:45:4,17.1,17.1,17.2,17.1,58,422,3467
5:46:6,17.1,17.2,17.2,17.1,58,422,3475
5:47:8,17.2,17.1,17.1,17.2,58,422,3464
5:48:10,17.1,17.2,17.2,17.2,58,414,3467
5:49:13,17.1,17.1,17.1,17.1,58,417,3480
5:50:15,17.1,17.1,17.1,17.1,58,422,3464
5:51:17,17.1,17.2,17.2,17.1,58,422,3467
5:52:19,17.2,17.2,17.1,17.2,58,417,3472
5:53:21,17.1,17.1,17.1,17.1,58,422,3472
5:54:23,17.2,17.2,17.1,17.1,58,417,3472
5:55:25,17.1,17.1,17.1,17.2,58,422,3475
5:56:28,17.2,17.1,17.1,17.2,58,422,3464
5:57:30,17.1,17.1,17.2,17.2,58,414,3472
5:58:32,17.2,17.1,17.1,17.2,58,414,3467
5:59:34,17.2,17.1,17.1,17.2,58,417,3483
6:0:36,17.2,17.2,17.2,17.2,58,417,3464
6:1:38,17.1,17.1,17.1,17.2,58,417,3480
6:2:40,17.1,17.1,17.1,17.2,58,417,3486
6:3:43,17.2,17.0,17.1,17.1,58,417,3475
6:4:45,17.1,17.2,17.1,17.2,58,417,3461
6:5:47,17.2,17.2,17.1,17.3,58,417,3458
6:6:49,17.2,17.1,17.0,17.1,58,417,3469
6:7:51,17.1,17.2,17.1,17.1,58,417,3475
6:8:53,17.2,17.2,17.1,17.1,58,422,3478
6:9:55,17.1,17.2,17.1,17.2,58,417,3453
6:10:57,17.2,17.1,17.0,17.2,58,417,3478
6:12:0,17.2,17.2,17.1,17.1,58,417,3478
6:13:2,17.1,17.1,17.1,17.3,58,417,3472
6:14:4,17.1,17.1,17.1,17.2,58,422,3472
6:15:6,17.2,17.1,17.1,17.2,58,417,3464
6:16:8,17.2,17.0,17.2,17.1,58,417,3472
6:17:10,17.2,17.1,17.1,17.1,58,417,3472
6:18:12,17.2,17.1,17.1,17.1,58,417,3464
6:19:15,17.1,17.1,17.1,17.2,58,422,3472
6:20:17,17.2,17.0,17.1,17.1,58,422,3469
6:21:19,17.2,17.1,17.1,17.1,58,417,3458
6:22:21,17.1,17.2,17.1,17.2,58,422,3469
6:23:23,17.1,17.0,17.1,17.1,58,417,3475
6:24:25,17.2,17.1,17.2,17.1,58,422,3486
6:25:27,17.1,17.1,17.1,17.2,58,417,3464
6:26:30,17.1,17.1,17.1,17.2,58,422,3480
6:27:32,17.1,17.1,17.1,17.1,58,417,3475
6:28:34,17.2,17.0,17.1,17.1,58,422,3469
6:29:36,17.2,17.1,17.1,17.2,58,417,3475
6:30:38,17.2,17.1,17.1,17.1,58,422,3478
6:31:40,17.1,17.1,17.1,17.1,58,417,3469
6:32:43,17.1,17.1,17.1,17.1,58,422,3475
6:33:45,17.1,17.1,17.1,17.1,58,417,3483
6:34:47,17.1,17.1,17.1,17.1,58,422,3483
6:35:49,17.1,17.1,17.0,17.1,58,414,3467
6:36:51,17.1,17.1,17.1,17.1,58,422,3472
6:37:53,17.2,17.1,17.2,17.1,58,417,3453
6:38:55,17.1,17.1,17.1,17.2,58,422,3478
6:39:57,17.1,17.1,17.1,17.1,58,417,3469
6:41:0,17.0,17.1,17.0,17.1,58,422,3478
6:42:2,17.1,17.1,17.1,17.2,58,417,3475
6:43:4,17.2,17.1,17.0,17.1,58,422,3480
6:44:6,17.1,17.1,17.1,17.1,58,422,3469
6:45:8,17.1,17.1,17.1,17.1,58,417,3469
6:46:10,17.1,17.2,17.1,17.1,58,422,3480
6:47:12,17.2,17.1,17.1,17.1,58,422,3497
6:48:15,17.2,17.2,17.1,17.1,58,422,3464
6:49:17,17.1,17.1,17.1,17.1,58,422,3458
6:50:19,17.0,17.1,17.1,17.1,58,422,3469
6:51:21,17.1,17.1,17.1,17.2,58,424,3469
6:52:23,17.1,17.0,17.0,17.2,58,424,3475
6:53:25,17.1,17.1,17.1,17.1,58,422,3469
6:54:27,17.0,17.0,17.0,17.2,58,422,3475
6:55:30,17.2,17.1,17.1,17.1,58,417,3489
6:56:32,17.1,17.0,17.1,17.2,58,422,3458
6:57:34,17.2,17.1,17.1,17.2,58,422,3458
6:58:36,17.1,17.2,17.0,17.1,58,422,3478
6:59:38,17.1,17.0,17.1,17.1,58,424,3478
7:0:40,17.1,17.1,17.0,17.1,58,422,3464
7:1:43,17.1,17.1,17.1,17.1,58,422,3478
7:2:45,17.1,17.2,17.1,17.1,58,422,3472
7:3:47,17.1,17.1,17.1,17.2,58,422,3467
7:4:49,17.1,17.0,17.1,17.1,58,424,3461
7:5:51,17.1,17.2,17.1,17.1,58,422,3478
7:6:53,17.1,17.1,17.1,17.1,58,424,3475
7:7:55,17.2,17.0,17.1,17.1,58,422,3478
7:8:57,17.2,17.1,17.1,17.2,58,422,3453
7:10:0,17.1,17.0,17.0,17.1,58,422,3480
7:11:2,17.2,17.1,17.1,17.1,58,422,3478
7:12:4,17.2,17.1,17.1,17.1,58,422,3472
7:13:6,17.1,17.0,17.1,17.0,58,422,3478
7:14:8,17.1,17.1,17.0,17.1,58,422,3475
7:15:10,17.0,17.1,17.1,17.2,58,424,3478
7:16:12,17.1,17.1,17.1,17.1,58,422,3475
7:17:15,17.0,17.1,17.1,17.2,58,424,3483
7:18:17,17.1,17.1,17.1,17.1,58,422,3472
7:19:19,17.1,17.1,17.0,17.2,58,424,3464
7:20:21,17.1,17.1,17.0,17.1,58,422,3464
7:21:23,17.1,17.1,17.1,17.1,58,424,3483
7:22:25,17.1,17.1,17.0,17.0,58,424,3453
7:23:27,17.1,17.1,17.1,17.1,58,424,3464
7:24:30,17.1,17.0,17.0,17.0,58,422,3469
7:25:32,17.2,17.1,17.2,17.1,58,424,3472
7:26:34,17.1,17.0,17.0,17.1,58,422,3480
7:27:36,17.1,17.1,17.0,17.0,58,424,3475
7:28:38,17.1,17.1,17.1,17.0,58,422,3461
7:29:40,17.1,17.1,17.1,17.1,58,424,3464
7:30:42,17.1,17.1,17.1,17.0,58,424,3469
7:31:45,17.1,17.1,17.1,17.1,58,427,3469
7:32:47,17.0,17.1,17.0,17.1,58,424,3469
7:33:49,17.1,17.0,17.1,17.1,58,424,3458
7:34:51,17.1,17.1,17.0,17.1,58,424,3472
7:35:53,17.1,17.0,17.1,17.1,58,424,3464
7:36:55,17.1,17.0,17.1,17.1,58,427,3480
7:37:57,17.1,17.1,17.1,17.1,58,424,3480
7:39:0,17.1,17.1,17.0,17.2,58,424,3472
7:40:2,17.1,17.0,17.1,17.2,58,424,3464
7:41:4,17.0,17.1,17.1,17.1,58,424,3453
7:42:6,17.1,17.1,17.1,17.1,58,434,3478
7:43:8,17.2,17.1,17.1,17.1,58,427,3467
7:44:10,17.1,17.1,17.1,17.1,58,427,3464
7:45:12,17.1,17.0,17.1,17.1,58,427,3467
7:46:15,17.1,17.0,17.1,17.1,58,424,3469
7:47:17,17.1,17.1,17.1,17.2,58,424,3478
7:48:19,17.2,17.1,17.1,17.0,58,427,3464
7:49:21,17.1,17.1,17.1,17.1,58,427,3480
7:50:23,17.1,17.0,17.1,17.1,58,424,3478
7:51:25,17.1,17.1,17.0,17.1,58,424,3469
7:52:27,17.1,17.1,17.0,17.1,58,424,3486
7:53:30,17.1,17.1,17.0,17.1,58,424,3453
7:54:32,17.1,17.0,17.0,17.1,58,427,3475
7:55:34,17.1,17.1,17.0,17.1,58,424,3486
7:56:36,17.1,17.1,17.0,17.0,58,424,3472
7:57:38,17.1,17.0,17.1,17.1,58,427,3467
7:58:40,17.1,17.0,17.0,17.1,58,434,3478
7:59:42,17.1,17.1,17.0,17.1,58,434,3480
8:0:44,17.1,17.0,17.1,17.1,58,427,3450
8:1:47,17.2,17.0,17.1,17.1,58,427,3469
8:2:49,17.1,17.1,17.0,17.1,58,434,3478
8:3:51,17.1,17.0,17.1,17.1,58,427,3464
8:4:53,17.1,17.0,17.0,17.0,58,427,3472
8:5:55,17.1,17.1,17.1,17.1,58,427,3464
8:6:57,17.1,17.0,17.1,17.1,58,427,3475
8:7:59,17.1,17.0,17.1,17.1,58,427,3472
8:9:2,17.1,17.0,17.0,17.1,58,424,3478
8:10:4,17.1,17.1,16.9,17.1,58,424,3478
8:11:6,17.1,17.0,17.1,17.1,58,427,3475
8:12:8,17.2,17.0,17.1,17.1,58,427,3469
8:13:10,17.1,17.1,17.0,17.1,58,427,3472
8:14:12,17.1,17.1,17.0,17.1,58,427,3469
8:15:14,17.1,17.1,17.0,17.1,58,427,3453
8:16:17,17.0,17.1,17.1,17.1,58,427,3453
8:17:19,17.0,17.0,17.1,17.1,58,427,3478
8:18:21,17.1,17.1,17.1,17.1,58,427,3475
8:19:23,17.1,17.1,17.1,17.1,58,427,3453
8:20:25,17.1,17.0,17.0,17.1,58,427,3464
8:21:27,17.1,17.0,17.0,17.1,58,427,3472
8:22:29,17.1,17.0,17.1,17.0,58,427,3478
8:23:32,17.1,17.1,17.0,17.1,58,427,3464
8:24:34,17.0,17.1,17.0,17.1,58,434,3478
8:25:36,17.1,17.1,17.1,17.1,58,427,3475
8:26:38,17.1,17.0,17.0,17.1,58,427,3480
8:27:40,17.1,17.0,17.0,17.1,58,434,3453
8:28:42,17.0,17.1,17.0,17.1,58,427,3480
8:29:44,17.1,17.1,17.0,17.1,58,427,3478
8:30:47,17.1,17.1,17.0,17.0,58,427,3494
8:31:49,17.0,17.0,17.0,17.1,58,434,3480
8:32:51,17.1,17.1,17.1,17.0,58,434,3478
8:33:53,17.1,17.1,17.0,17.1,58,427,3469
8:34:55,17.0,17.0,17.0,17.1,58,427,3478
8:35:57,17.1,17.1,17.1,17.1,58,434,3478
8:37:0,17.0,17.1,17.1,17.1,58,434,3475
8:38:2,17.1,17.1,17.1,17.1,58,424,3472
8:39:4,17.0,17.1,16.9,17.1,58,424,3472
8:40:6,17.1,17.1,17.0,17.1,58,434,3469
8:41:8,17.0,17.0,17.0,17.1,58,434,3472
8:42:10,17.0,17.0,17.1,17.1,58,434,3480
8:43:12,17.1,17.1,17.1,17.1,58,427,3475
8:44:14,17.1,17.1,17.0,17.0,58,434,3467
8:45:17,17.1,17.0,17.0,17.1,58,434,3469
8:46:19,17.1,17.1,17.2,17.1,58,434,3478
8:47:21,17.1,17.0,17.1,17.1,58,434,3480
8:48:23,16.9,17.0,17.0,17.1,58,434,3458
8:49:25,17.1,17.0,17.0,17.1,58,427,3467
8:50:27,17.1,17.1,17.1,17.1,58,434,3478
8:51:29,17.1,17.1,17.0,17.1,58,434,3469
8:52:32,17.0,17.0,17.1,17.1,58,434,3467
8:53:34,17.1,17.1,17.0,17.1,58,427,3478
8:54:36,17.1,17.1,17.0,17.1,58,434,3461
8:55:38,17.0,17.1,17.0,17.0,58,434,3483
8:56:40,17.0,17.1,17.1,17.1,58,427,3461
8:57:42,17.1,17.1,17.1,17.1,58,434,3469
8:58:45,17.1,17.0,17.0,17.0,58,434,3475
8:59:47,17.1,17.1,17.1,17.1,58,434,3472
9:0:49,17.1,17.1,17.0,17.1,58,434,3478
9:1:51,17.0,17.1,17.0,17.1,58,434,3480
9:2:53,17.1,17.0,17.0,17.1,58,434,3478
9:3:55,17.1,17.0,17.0,17.0,58,434,3467
9:4:57,17.1,17.0,17.1,17.1,58,434,3469
9:5:59,17.1,17.1,17.0,17.1,58,434,3467
9:7:2,17.0,17.1,17.1,17.0,58,434,3472
9:8:4,17.1,17.1,17.1,17.1,58,434,3480
9:9:6,17.0,17.1,17.1,17.0,58,434,3478
9:10:8,17.0,17.1,17.0,17.1,58,434,3464
9:11:10,17.1,17.0,17.1,17.1,58,434,3480
9:12:12,17.1,17.1,17.0,17.1,58,434,3483
9:13:14,17.0,17.0,17.1,17.1,58,434,3483
9:14:17,17.1,17.0,17.1,17.1,58,438,3464
9:15:19,17.1,17.0,17.1,17.0,58,441,3453
9:16:21,17.1,17.1,17.1,17.0,58,438,3472
9:17:23,17.1,17.1,17.0,17.0,58,438,3467
9:18:25,17.1,17.1,17.0,17.0,58,438,3483
9:19:27,17.0,16.9,17.0,17.1,58,438,3472
9:20:29,17.1,17.0,17.0,17.1,58,438,3475
9:21:32,17.1,17.0,17.0,17.0,58,438,3467
9:22:34,17.1,17.0,17.1,16.9,58,438,3461
9:23:36,17.0,17.0,17.1,17.1,58,438,3475
9:24:38,17.1,17.0,17.1,17.0,58,438,3475
9:25:40,17.1,17.1,17.0,17.1,58,438,3458
9:26:42,17.0,17.1,17.0,17.1,58,438,3472
9:27:44,17.1,17.0,17.0,17.0,58,438,3475
9:28:47,16.9,16.9,17.0,17.1,58,438,3478
9:29:49,17.0,17.0,17.0,17.0,58,438,3489
9:30:51,17.0,17.1,17.0,17.1,58,438,3464
9:31:53,17.1,17.0,17.1,17.1,58,438,3464
9:32:55,16.9,17.1,17.0,17.1,58,438,3478
9:33:57,17.0,17.0,17.0,17.1,58,438,3467
9:34:59,17.0,17.0,17.0,17.1,58,438,3472
9:36:2,17.1,17.0,17.0,17.0,58,438,3467
9:37:4,17.0,17.0,17.0,17.1,58,438,3475
9:38:6,17.1,17.0,17.1,17.1,58,438,3464
9:39:8,17.1,17.1,17.0,17.2,58,438,3472
9:40:10,16.9,16.9,17.0,17.0,58,438,3464
9:41:12,17.0,17.1,17.0,17.1,58,438,3464
9:42:14,17.1,17.0,17.0,17.1,58,438,3478
9:43:17,17.0,17.0,17.0,17.1,58,434,3458
9:44:19,17.1,17.0,17.0,17.1,58,434,3464
9:45:21,17.0,17.1,17.1,17.1,58,434,3464
9:46:23,17.1,17.0,16.9,17.0,58,438,3467
9:47:25,17.1,17.1,17.1,16.9,58,438,3475
9:48:27,17.2,17.1,17.2,17.1,58,444,3467
9:49:29,17.2,17.3,17.2,17.3,59,450,3478
9:50:32,17.3,17.3,17.2,17.1,59,450,3483
9:51:34,17.4,17.2,17.3,17.2,59,460,3472
9:52:36,17.4,17.4,17.4,17.2,59,463,3469
9:53:38,17.4,17.4,17.4,17.2,59,463,3475
9:54:40,17.5,17.5,17.4,17.3,59,466,3469
9:55:42,17.4,17.5,17.5,17.4,59,472,3464
9:56:44,17.5,17.5,17.5,17.4,59,477,3472
9:57:46,17.4,17.5,17.5,17.4,59,472,3478
9:58:48,17.6,17.7,17.5,17.4,59,481,3448
9:59:50,17.6,17.6,17.5,17.5,59,485,3458
10:0:52,17.5,17.4,17.6,17.4,59,487,3472
10:1:55,17.5,17.7,17.5,17.5,59,487,3478
10:2:57,17.6,17.6,17.6,17.4,59,493,3480
10:3:59,17.6,17.6,17.6,17.5,59,493,3480
10:5:1,17.5,17.6,17.6,17.5,59,493,3469
10:6:3,17.6,17.7,17.6,17.6,59,498,3472
10:7:5,17.6,17.7,17.6,17.6,59,498,3464
10:8:7,17.6,17.6,17.6,17.5,59,498,3475
10:9:9,17.6,17.6,17.6,17.6,59,502,3469
10:10:11,17.6,17.6,17.6,17.6,59,498,3453
10:11:13,17.6,17.7,17.6,17.5,59,506,3469
10:12:15,17.6,17.7,17.6,17.5,59,506,3475
10:13:17,17.6,17.7,17.6,17.6,59,502,3489
10:14:19,17.6,17.8,17.6,17.6,59,502,3469
10:15:21,17.7,17.7,17.6,17.6,60,502,3453
10:16:23,17.7,17.7,17.7,17.6,60,502,3469
10:17:25,17.6,17.6,17.6,17.6,59,506,3469
10:18:28,17.6,17.7,17.7,17.6,59,502,3472
10:19:30,17.6,17.7,17.6,17.6,59,506,3491
10:20:32,17.5,17.7,17.6,17.6,59,506,3478
10:21:34,17.7,17.7,17.6,17.6,60,518,3475
10:22:36,17.6,17.7,17.6,17.6,59,514,3480
10:23:38,17.6,17.6,17.6,17.6,59,514,3483
10:24:40,17.6,17.8,17.6,17.7,59,514,3453
10:25:42,17.6,17.6,17.6,17.5,60,518,3489
10:26:44,17.6,17.6,17.6,17.6,60,514,3464
10:27:46,17.6,17.6,17.6,17.5,60,518,3461
10:28:48,17.5,17.7,17.6,17.5,59,518,3464
10:29:50,17.6,17.6,17.7,17.6,60,518,3464
10:30:52,17.6,17.6,17.8,17.6,60,518,3472
10:31:54,17.6,17.7,17.6,17.7,60,526,3475
10:32:56,17.6,17.7,17.6,17.6,60,530,3489
10:33:59,17.8,17.8,17.7,17.6,60,530,3478
10:35:1,17.7,17.7,17.7,17.6,60,530,3480
10:36:3,17.7,17.7,17.7,17.7,60,534,3478
10:37:5,17.7,17.8,17.8,17.7,60,537,3467
10:38:7,17.7,17.6,17.8,17.7,60,537,3483
10:39:9,17.7,17.8,17.8,17.7,60,543,3489
10:40:11,17.6,17.7,17.9,17.8,60,549,3472
10:41:13,17.7,17.8,17.8,17.8,60,549,3478
10:42:15,17.8,17.7,17.9,17.7,60,553,3478
10:43:17,17.7,17.7,17.8,17.8,60,553,3461
10:44:19,17.8,17.9,17.9,17.8,60,564,3453
10:45:21,17.7,17.8,17.8,17.8,60,564,3469
10:46:23,17.7,17.8,17.9,17.8,60,560,3453
10:47:25,17.8,17.8,17.8,17.8,61,569,3464
10:48:27,17.8,17.8,17.9,17.8,61,572,3472
10:49:29,17.8,17.8,17.8,17.8,61,572,3483
10:50:31,17.8,17.8,17.9,17.9,61,572,3489
10:51:33,17.7,17.8,17.9,17.8,61,580,3475
10:52:35,17.8,17.9,18.0,17.9,61,580,3478
10:53:37,17.8,17.9,18.0,17.9,61,586,3478
10:54:39,17.8,17.9,18.0,17.8,61,592,3453
10:55:41,17.9,17.9,18.0,17.8,61,592,3480
10:56:43,17.8,17.9,18.0,17.9,61,592,3453
10:57:45,17.9,17.9,18.0,17.8,61,596,3472
10:58:47,17.8,17.9,18.0,17.9,61,596,3478
10:59:49,17.9,17.9,18.0,18.0,61,602,3480
11:0:51,17.9,18.0,18.0,17.9,61,611,3480
11:1:53,17.9,17.9,18.1,17.9,61,611,3486
11:2:55,17.9,18.0,18.0,17.9,61,611,3483
11:3:57,17.8,17.9,18.1,18.0,61,615,3475
11:4:59,17.8,17.9,18.0,17.9,61,620,3472
11:6:1,17.9,17.9,18.0,18.0,61,620,3464
11:7:3,18.0,18.0,18.0,17.9,61,620,3475
11:8:5,17.8,18.0,17.9,18.0,61,624,3472
11:9:7,17.9,17.9,18.1,18.0,61,624,3469
11:10:9,17.9,18.0,18.0,18.1,61,624,3472
11:11:11,18.0,17.9,18.0,17.9,61,624,3478
11:12:13,17.9,17.9,17.9,17.9,61,634,3483
11:13:15,18.0,17.9,18.0,17.9,61,634,3475
11:14:17,17.9,18.1,17.9,18.0,61,638,3478
11:15:19,17.9,17.9,17.8,18.1,61,638,3478
11:16:21,17.9,18.1,18.0,18.0,61,634,3478
11:17:23,17.9,17.9,18.0,18.0,61,634,3461
11:18:25,17.9,17.9,18.0,18.0,61,643,3483
11:19:27,17.9,18.0,18.0,17.9,61,643,3483
11:20:29,17.9,17.9,18.0,18.0,61,638,3478
11:21:31,17.9,17.9,17.9,17.9,61,638,3489
11:22:34,18.0,18.0,18.0,18.0,61,638,3480
11:23:36,17.9,17.9,18.0,17.9,61,650,3467
11:24:38,17.9,17.9,18.0,17.9,61,650,3483
11:25:40,17.8,17.9,18.0,17.8,61,643,3480
11:26:42,17.9,18.0,17.9,17.9,61,650,3478
11:27:44,17.8,18.0,18.0,18.0,61,650,3464
11:28:46,18.0,17.9,18.0,17.9,61,643,3478
11:29:48,18.0,17.9,18.0,18.0,61,657,3475
11:30:50,17.8,17.9,17.9,18.0,62,657,3478
11:31:52,18.0,18.0,18.0,18.0,62,657,3483
11:32:54,18.0,18.0,18.0,18.0,62,665,3475
11:33:56,18.0,18.0,18.0,18.0,62,665,3472
11:34:58,18.0,17.9,18.0,18.0,61,672,3486
11:36:0,18.0,18.0,18.0,18.1,62,675,3472
11:37:2,18.1,18.0,18.0,18.0,62,672,3472
11:38:4,18.0,18.1,18.1,18.1,62,675,3475
11:39:6,18.1,18.1,18.0,18.1,62,682,3478
11:40:8,18.1,18.1,18.0,18.1,62,682,3469
11:41:10,18.1,18.2,18.0,18.1,62,682,3475
11:42:12,18.1,18.1,18.1,18.1,62,690,3464
11:43:14,18.1,18.1,18.1,18.1,62,690,3475
11:44:16,18.1,18.1,18.0,18.1,62,690,3486
11:45:18,18.1,18.2,18.1,18.1,62,699,3461
11:46:20,18.1,18.1,18.0,18.1,62,699,3461
11:47:22,18.1,18.1,18.0,18.2,62,699,3464
11:48:24,18.1,18.1,18.1,18.1,61,699,3464
11:49:26,18.1,18.1,18.0,18.0,61,690,3475
11:50:28,18.1,18.1,18.0,18.1,61,690,3464
11:51:30,18.1,18.1,18.0,18.1,61,690,3478
11:52:32,18.0,18.1,18.0,18.1,62,699,3480
11:53:34,18.1,18.1,18.1,18.1,61,690,3489
11:54:36,18.1,18.1,18.1,18.1,61,699,3475
11:55:38,18.1,18.0,18.1,18.0,61,699,3464
11:56:40,18.0,18.1,18.0,18.0,62,699,3486
11:57:42,18.1,18.1,18.1,18.1,62,699,3475
11:58:44,18.0,18.1,18.1,18.0,61,690,3478
11:59:46,18.0,18.1,18.1,18.1,62,690,3464
12:0:48,18.1,18.1,18.1,18.0,61,699,3478
12:1:50,18.0,18.1,18.1,18.1,62,704,3475
12:2:52,18.1,18.2,18.1,18.0,62,704,3480
12:3:54,18.1,18.1,18.1,18.0,62,704,3478
12:4:56,18.1,18.1,18.1,18.0,62,704,3469
12:5:58,18.1,18.2,18.1,18.1,62,704,3464
12:7:0,18.1,18.1,18.0,18.0,62,704,3475
12:8:2,18.1,18.0,18.1,18.0,61,704,3494
12:9:4,18.0,18.1,18.1,18.0,62,704,3472
12:10:6,18.1,18.0,17.9,18.0,61,699,3478
12:11:8,18.1,18.1,18.0,17.9,62,699,3472
12:12:10,18.1,18.1,18.0,18.1,61,699,3486
12:13:12,18.0,18.1,17.9,18.0,61,690,3472
