0:1:3,33.0,36.7,32.6,28.8,48,1565,3513
0:2:3,33.1,36.6,32.5,28.8,48,1565,3497
0:3:3,33.0,36.6,32.6,28.7,48,1565,3505
0:4:4,32.4,35.8,32.7,29.0,48,1517,3510
0:5:4,32.3,36.1,33.1,29.1,47,1517,3508
0:6:4,32.2,36.2,33.4,29.1,48,1517,3502
0:7:4,32.2,36.3,33.6,29.2,48,1517,3510
0:8:4,32.2,36.3,33.8,29.2,48,1534,3505
0:9:5,32.2,36.3,34.0,29.4,48,1534,3502
0:10:5,32.2,36.2,34.0,29.1,48,1549,3521
0:11:5,32.3,36.3,34.1,29.2,48,1549,3510
0:12:5,32.3,36.4,34.2,29.3,48,1549,3500
0:13:5,32.4,36.2,34.2,29.4,48,1565,3516
0:14:5,32.6,36.3,34.3,29.4,48,1578,3524
0:15:6,32.5,36.3,34.3,29.5,48,1578,3500
0:16:6,32.7,36.4,34.3,29.6,48,1600,3535
0:17:6,32.8,36.5,34.4,29.5,48,1600,3505
0:18:6,32.8,36.4,34.3,29.5,48,1600,3524
0:19:6,32.9,36.4,34.3,29.5,48,1600,3497
0:20:6,32.8,36.4,34.3,29.5,48,1613,3521
0:21:6,32.9,36.4,34.3,29.6,48,1630,3516
0:22:6,33.0,36.5,34.4,29.6,48,1630,3508
0:23:7,33.0,36.4,34.4,29.6,48,1630,3494
0:24:7,33.0,36.4,34.4,29.6,48,1643,3513
0:25:7,33.0,36.5,34.5,29.6,48,1643,3508
0:26:7,33.2,36.6,34.5,29.7,48,1643,3521
0:27:7,33.1,36.6,34.6,29.7,48,1666,3527
0:28:7,33.1,36.6,34.5,29.7,48,1666,3510
0:29:7,33.1,36.4,34.5,29.7,48,1683,3516
0:30:7,33.3,36.5,34.5,29.8,48,1666,3516
0:31:7,33.1,36.6,34.5,29.8,48,1666,3502
0:32:8,33.2,36.6,34.6,29.7,48,1683,3521
0:33:8,33.3,36.5,34.5,29.7,48,1683,3519
0:34:8,33.3,36.4,34.6,29.8,48,1683,3510
0:35:8,33.3,36.5,34.5,29.8,48,1683,3505
0:36:8,33.1,36.6,34.6,29.7,48,1683,3519
0:37:8,33.3,36.5,34.5,29.7,48,1697,3521
0:38:8,33.3,36.6,34.6,29.7,48,1697,3510
0:39:8,33.3,36.7,34.6,29.8,48,1697,3494
0:40:8,33.2,36.6,34.5,29.7,48,1697,3513
0:41:8,33.3,36.6,34.6,29.7,48,1697,3519
0:42:8,33.3,36.6,34.6,29.7,48,1697,3524
0:43:9,33.2,36.6,34.6,29.7,48,1720,3513
0:44:9,33.1,36.5,34.6,29.7,48,1720,3497
0:45:9,33.3,36.7,34.6,29.8,48,1720,3513
0:46:9,33.2,36.7,34.5,29.8,49,1720,3508
0:47:9,33.2,36.5,34.6,29.7,48,1697,3510
0:48:9,33.2,36.5,34.6,29.8,48,1720,3510
0:49:9,33.3,36.6,34.6,29.7,48,1720,3521
0:50:9,33.3,36.6,34.6,29.8,48,1720,3497
0:51:9,33.2,36.6,34.5,29.8,48,1720,3519
0:52:9,33.2,36.6,34.5,29.8,48,1720,3519
0:53:9,33.2,36.7,34.6,29.8,48,1720,3497
0:54:9,33.2,36.7,34.6,29.7,48,1720,3505
0:55:10,33.3,36.6,34.6,29.9,48,1740,3513
0:56:10,33.2,36.6,34.6,29.7,48,1720,3521
0:57:10,33.2,36.6,34.6,29.8,48,1720,3521
0:58:10,33.4,36.6,34.6,29.8,48,1720,3510
0:59:10,33.3,36.6,34.6,29.7,48,1720,3516
1:0:10,33.3,36.5,34.7,29.7,48,1720,3527
1:1:10,33.4,36.7,34.6,29.9,48,1740,3510
1:2:10,33.3,36.6,34.7,29.7,48,1720,3505
1:3:10,33.3,36.7,34.6,29.8,48,1720,3510
1:4:10,33.2,36.6,34.6,29.8,48,1740,3497
1:5:10,33.3,36.6,34.6,29.8,48,1720,3510
1:6:11,33.3,36.6,34.5,29.8,48,1720,3519
1:7:11,33.3,36.7,34.6,29.8,48,1720,3521
1:8:11,33.2,36.6,34.6,29.7,48,1720,3502
1:9:11,33.2,36.6,34.6,29.7,48,1720,3513
1:10:11,33.2,36.6,34.6,29.7,48,1740,3527
1:11:11,33.3,36.7,34.5,29.7,48,1720,3508
1:12:11,33.2,36.6,34.5,29.7,48,1740,3510
1:13:11,33.3,36.7,34.5,29.7,48,1740,3502
1:14:11,33.3,36.7,34.6,29.7,48,1720,3497
1:15:11,33.3,36.8,34.6,29.7,48,1740,3502
1:16:11,33.4,36.7,34.6,29.7,48,1740,3521
1:17:11,33.5,36.7,34.6,29.7,48,1740,3521
1:18:12,33.3,36.7,34.6,29.7,48,1740,3510
1:19:12,33.3,36.6,34.6,29.8,48,1740,3516
1:20:12,33.3,36.7,34.6,29.7,48,1720,3543
1:21:12,33.3,36.6,34.6,29.7,48,1740,3510
1:22:12,33.3,36.7,34.6,29.8,48,1740,3519
1:23:12,33.4,36.7,34.6,29.7,48,1740,3502
1:24:12,33.4,36.8,34.6,29.7,48,1740,3543
1:25:12,33.4,36.8,34.6,29.7,48,1740,3510
1:26:12,33.4,36.8,34.8,29.7,48,1740,3502
1:27:12,33.3,36.6,34.6,29.8,48,1740,3521
1:28:12,33.2,36.7,34.6,29.7,48,1720,3516
1:29:12,33.3,36.7,34.7,29.8,48,1740,3516
1:30:13,33.5,36.7,34.6,29.8,48,1740,3513
1:31:13,33.3,36.7,34.6,29.7,48,1740,3521
1:32:13,33.3,36.7,34.5,29.6,48,1740,3521
1:33:13,33.3,36.8,34.7,29.7,48,1740,3521
1:34:13,33.5,36.7,34.8,29.7,48,1740,3521
1:35:13,33.4,36.7,34.6,29.7,48,1740,3508
1:36:13,33.3,36.5,34.6,29.7,48,1740,3519
1:37:13,33.1,36.3,34.4,29.8,48,1720,3519
1:38:13,33.1,36.5,34.4,29.7,48,1720,3521
1:39:13,33.1,36.6,34.4,29.8,48,1720,3500
1:40:13,33.1,36.6,34.3,29.9,48,1720,3524
1:41:14,33.1,36.6,34.3,29.7,48,1697,3521
1:42:14,33.2,36.6,34.2,29.7,48,1697,3502
1:43:14,33.3,36.7,34.2,29.6,48,1697,3510
1:44:14,33.1,36.6,34.2,29.7,48,1697,3513
1:45:14,33.3,36.6,34.3,29.7,48,1720,3510
1:46:14,33.2,36.6,34.2,29.7,48,1720,3516
1:47:14,33.1,36.6,34.2,29.7,48,1697,3521
1:48:14,33.2,36.6,34.1,29.7,48,1697,3521
1:49:14,33.2,36.7,34.2,29.7,48,1697,3513
1:50:15,33.2,36.6,34.2,29.7,48,1697,3494
1:51:15,33.1,36.7,34.1,29.7,48,1697,3508
1:52:15,33.2,36.6,34.2,29.7,48,1697,3502
1:53:15,33.3,36.6,34.2,29.7,48,1697,3510
1:54:15,33.4,36.8,34.2,29.8,48,1697,3521
1:55:15,33.4,36.7,34.2,29.7,48,1697,3505
1:56:15,33.4,36.7,34.2,29.7,48,1697,3510
1:57:15,33.5,36.7,34.1,29.7,48,1697,3510
1:58:15,33.4,36.6,34.2,29.7,48,1697,3532
1:59:15,33.4,36.7,34.2,29.7,48,1697,3508
2:0:16,33.4,36.6,34.1,29.6,48,1697,3521
2:1:16,33.5,36.8,34.2,29.6,48,1697,3513
2:2:16,33.4,36.8,34.2,29.7,48,1697,3505
2:3:16,33.4,36.7,34.2,29.8,48,1697,3521
2:4:16,33.4,36.7,34.2,29.8,48,1697,3497
2:5:16,33.4,36.8,34.1,29.8,48,1697,3513
2:6:16,33.5,36.8,34.1,29.7,48,1697,3505
2:7:16,33.5,36.8,34.2,29.7,48,1697,3502
2:8:16,33.5,36.9,34.1,29.7,48,1697,3505
2:9:16,33.6,36.9,34.2,29.8,48,1697,3508
2:10:16,33.6,36.8,34.1,29.8,48,1697,3508
2:11:17,33.6,36.9,34.1,29.8,48,1720,3513
2:12:17,33.5,36.7,34.2,29.8,48,1720,3508
2:13:17,32.6,35.9,34.3,29.8,47,1630,3513
2:14:17,32.3,36.3,34.4,29.8,47,1630,3505
2:15:17,32.3,36.4,34.4,29.7,47,1643,3521
2:16:17,32.3,36.5,34.5,29.6,47,1643,3516
2:17:17,32.6,36.6,34.7,29.5,47,1666,3527
2:18:17,32.5,36.7,34.7,29.6,47,1666,3521
2:19:17,32.4,36.7,34.6,29.6,47,1666,3500
2:20:18,32.5,36.5,34.9,29.7,47,1683,3497
2:21:18,32.5,36.6,34.8,29.8,47,1683,3516
2:22:18,32.6,36.7,34.9,29.7,47,1697,3505
2:23:18,32.6,36.7,34.9,29.6,47,1697,3497
2:24:18,32.6,36.6,34.7,29.6,47,1697,3538
2:25:18,32.6,36.9,35.0,29.7,47,1720,3489
2:26:18,32.6,36.7,34.8,29.8,47,1697,3524
2:27:18,32.5,36.6,35.0,29.7,46,1697,3508
2:28:18,32.7,36.6,35.0,29.7,46,1697,3527
2:29:18,32.6,36.5,34.9,29.6,47,1697,3510
2:30:18,32.6,36.6,35.0,29.7,46,1697,3508
2:31:18,32.6,36.6,35.0,29.8,46,1697,3510
2:32:19,32.6,36.5,34.9,29.7,46,1720,3513
2:33:19,32.6,36.6,35.0,29.7,46,1720,3513
2:34:19,32.5,36.7,35.0,29.8,46,1720,3508
2:35:19,32.6,36.5,35.0,29.7,46,1697,3524
2:36:19,32.6,36.6,35.0,29.7,46,1697,3516
2:37:19,32.5,36.6,34.9,29.7,46,1720,3524
2:38:19,32.6,36.5,34.8,29.7,46,1720,3521
2:39:19,32.5,36.6,35.0,29.7,46,1720,3505
2:40:19,32.5,36.5,35.0,29.7,46,1720,3519
2:41:19,32.6,36.6,35.0,29.7,46,1697,3521
2:42:19,32.5,36.6,34.9,29.7,46,1697,3510
2:43:19,32.6,36.7,35.0,29.6,46,1697,3500
2:44:20,32.5,36.7,34.9,29.7,46,1697,3513
2:45:20,32.7,36.7,34.9,29.7,46,1720,3513
2:46:20,32.7,36.8,34.9,29.7,46,1720,3510
2:47:20,32.6,36.8,34.9,29.7,46,1720,3508
2:48:20,32.6,36.7,34.9,29.7,46,1720,3505
2:49:20,32.5,36.8,34.9,29.6,46,1697,3508
2:50:20,32.7,36.7,35.0,29.7,46,1720,3505
2:51:20,32.7,36.8,34.9,29.7,46,1720,3510
2:52:20,32.7,36.8,34.9,29.7,46,1720,3513
2:53:20,32.6,36.8,34.9,29.6,46,1720,3513
2:54:20,32.7,36.7,34.9,29.7,46,1720,3510
2:55:20,32.7,36.8,34.9,29.7,46,1720,3497
2:56:20,32.6,36.7,34.8,29.6,46,1720,3508
2:57:21,32.7,36.7,34.8,29.7,46,1720,3497
2:58:21,32.8,36.8,34.8,29.7,46,1720,3513
2:59:21,32.8,36.7,34.8,29.7,46,1720,3510
3:0:21,32.7,36.7,34.8,29.6,46,1720,3505
3:1:21,32.8,36.8,34.8,29.7,46,1720,3519
3:2:21,32.8,36.8,34.8,29.7,46,1720,3505
3:3:21,32.8,36.8,34.8,29.7,46,1720,3510
3:4:21,32.8,36.8,34.9,29.7,46,1720,3508
3:5:21,32.8,36.7,34.9,29.7,46,1720,3489
3:6:21,32.9,36.8,34.8,29.7,46,1720,3502
3:7:21,32.7,36.9,34.8,29.8,46,1720,3524
3:8:21,32.9,36.8,34.9,29.7,46,1720,3502
3:9:21,32.9,36.8,34.9,29.6,46,1720,3510
3:10:21,32.8,36.8,34.8,29.7,46,1720,3510
3:11:21,32.8,36.8,34.7,29.6,46,1720,3505
3:12:21,32.8,36.7,34.9,29.7,46,1720,3500
3:13:22,32.9,36.9,35.0,29.7,46,1720,3497
3:14:22,32.9,36.9,34.9,29.7,46,1740,3508
3:15:22,32.9,36.8,34.9,29.7,46,1720,3500
3:16:22,32.7,36.8,34.9,29.8,46,1740,3505
3:17:22,32.8,36.7,34.8,29.6,46,1720,3516
3:18:22,32.8,36.9,34.7,29.7,46,1720,3508
3:19:22,32.8,36.9,34.9,29.7,46,1720,3516
3:20:22,32.5,36.1,34.8,30.0,46,1697,3472
3:21:22,32.3,36.9,34.7,29.9,45,1697,3510
3:22:22,32.4,37.3,34.5,29.6,46,1683,3510
3:23:22,32.4,37.5,34.5,29.6,46,1683,3521
3:24:22,32.4,37.4,34.6,29.5,45,1666,3521
3:25:22,32.5,37.3,34.7,29.6,46,1666,3491
3:26:22,32.5,37.3,34.7,29.4,46,1666,3508
3:27:23,32.5,37.3,34.7,29.4,46,1666,3510
3:28:23,32.5,37.3,34.6,29.4,46,1666,3510
3:29:23,32.5,37.4,34.7,29.4,45,1666,3532
3:30:23,32.4,37.3,34.6,29.3,46,1666,3508
3:31:23,32.4,37.4,34.6,29.5,46,1666,3513
3:32:23,32.5,37.4,34.8,29.4,46,1666,3505
3:33:23,32.4,37.3,34.6,29.4,46,1666,3521
3:34:23,32.4,37.4,34.7,29.4,46,1643,3510
3:35:23,32.3,37.5,34.8,29.4,46,1643,3505
3:36:23,32.3,37.5,34.6,29.3,46,1643,3513
3:37:24,32.3,37.6,34.7,29.3,46,1643,3497
3:38:24,32.4,37.4,34.8,29.4,46,1643,3510
3:39:24,32.4,37.4,34.8,29.3,46,1643,3521
3:40:24,32.3,37.5,34.7,29.3,46,1643,3510
3:41:24,32.4,37.4,34.7,29.4,46,1643,3508
3:42:24,32.4,37.5,34.7,29.3,46,1630,3513
3:43:24,32.4,37.4,34.7,29.2,46,1630,3510
3:44:24,32.6,37.3,34.8,29.8,46,1643,3513
3:45:24,32.8,37.3,34.7,30.0,46,1697,3513
3:46:24,33.0,37.4,34.6,30.3,47,1740,3513
3:47:24,33.0,37.6,34.6,30.5,47,1777,3521
3:48:24,33.1,37.6,34.7,30.7,47,1816,3505
3:49:24,33.3,37.5,34.6,30.8,47,1835,3502
3:50:24,33.2,37.7,34.6,30.8,47,1867,3502
3:51:24,33.4,37.7,34.7,30.9,47,1867,3521
3:52:24,33.4,37.7,34.7,31.0,47,1915,3513
3:53:24,33.5,37.7,34.8,31.1,46,1940,3527
3:54:24,33.5,37.7,34.8,31.1,46,1959,3497
3:55:24,33.5,37.7,34.9,31.2,46,1959,3508
3:56:24,33.4,37.5,34.8,30.7,46,1959,3521
3:57:24,33.4,37.6,34.9,30.3,46,1940,3510
3:58:24,33.4,37.5,34.8,30.0,46,1940,3508
3:59:24,33.4,37.5,34.9,29.7,46,1915,3516
4:0:24,33.4,37.4,34.8,29.7,45,1915,3505
4:1:24,33.3,37.5,34.7,29.5,46,1915,3502
4:2:24,33.1,37.3,35.0,29.5,46,1915,3508
4:3:24,32.9,37.6,35.2,29.7,46,1915,3513
4:4:24,32.8,37.6,35.7,29.6,46,1915,3497
4:5:24,32.6,37.5,35.8,29.7,46,1915,3513
4:6:24,32.6,37.5,35.9,29.7,46,1915,3516
4:7:24,32.6,37.5,36.0,29.7,46,1915,3510
4:8:24,32.6,37.5,35.9,29.6,46,1915,3521
4:9:24,32.6,37.6,36.0,29.7,47,1915,3497
4:10:24,32.6,37.7,36.0,29.7,47,1940,3510
4:11:24,32.5,37.5,36.2,29.6,46,1940,3497
4:12:24,32.7,37.6,36.1,29.7,47,1940,3486
4:13:24,32.5,37.4,36.1,29.7,47,1940,3508
4:14:24,32.5,37.7,36.1,29.7,47,1940,3494
4:15:24,32.5,37.5,36.1,29.8,47,1940,3491
4:16:24,32.6,37.4,36.0,29.7,47,1940,3516
4:17:24,32.5,37.5,36.1,29.8,47,1940,3505
4:18:24,32.5,37.6,36.1,29.7,46,1940,3510
4:19:24,32.5,37.5,36.1,29.7,47,1959,3497
4:20:24,32.2,36.7,36.2,30.2,47,1895,3505
4:21:24,32.0,36.4,36.5,30.5,46,1867,3502
4:22:24,31.9,36.3,36.5,30.7,46,1867,3500
4:23:24,31.8,36.2,36.5,30.7,45,1853,3516
4:24:24,31.7,36.1,36.5,30.9,45,1835,3508
4:25:24,31.8,36.1,36.4,30.8,45,1835,3510
4:26:25,31.7,36.1,36.5,30.8,45,1816,3497
4:27:25,31.6,36.3,36.5,30.6,45,1794,3502
4:28:25,31.7,36.2,36.4,30.8,45,1794,3508
4:29:25,31.7,36.1,36.3,30.7,45,1777,3510
4:30:25,31.6,36.1,36.3,30.8,45,1777,3508
4:31:25,31.7,36.1,36.4,30.8,45,1777,3497
4:32:25,31.7,36.1,36.2,30.7,45,1762,3513
4:33:25,31.5,36.1,36.3,30.7,45,1762,3510
4:34:25,31.6,36.0,36.4,30.7,45,1762,3486
4:35:25,31.7,36.1,36.3,30.7,45,1762,3510
4:36:25,31.5,35.8,36.2,30.6,45,1740,3497
4:37:26,31.7,36.0,36.3,30.6,45,1740,3486
4:38:26,31.5,35.9,36.3,30.7,45,1720,3510
4:39:26,31.5,35.7,36.3,30.7,45,1720,3510
4:40:26,31.5,35.7,36.2,30.7,45,1720,3513
4:41:26,31.5,35.8,36.1,30.6,45,1697,3519
4:42:26,31.5,35.8,36.2,30.5,45,1697,3505
4:43:26,31.4,35.7,36.2,30.6,45,1697,3500
4:44:26,31.4,35.5,36.1,30.5,45,1683,3505
4:45:26,31.2,36.1,35.5,30.1,45,1666,3510
4:46:27,31.9,36.9,34.7,29.9,45,1683,3500
4:47:27,32.3,37.0,34.0,29.7,46,1683,3510
4:48:27,32.7,37.2,33.7,29.6,46,1697,3502
4:49:27,33.0,37.3,33.4,29.4,47,1697,3500
4:50:27,33.2,37.3,33.1,29.4,47,1720,3505
4:51:27,33.4,37.1,33.0,29.3,47,1720,3521
4:52:27,33.5,37.0,32.9,29.3,47,1720,3516
4:53:27,33.6,37.2,32.9,29.3,47,1720,3516
4:54:27,33.7,37.3,32.9,29.4,47,1740,3505
4:55:27,33.7,37.1,32.8,29.3,47,1720,3502
4:56:28,33.7,37.2,32.9,29.4,47,1740,3502
4:57:28,33.6,37.2,32.8,29.3,47,1740,3505
4:58:28,33.7,37.3,32.8,29.3,47,1740,3497
4:59:28,33.7,37.3,32.7,29.4,47,1740,3502
5:0:28,33.7,37.2,32.8,29.3,47,1740,3491
5:1:28,33.8,37.2,32.7,29.3,47,1762,3508
5:2:28,33.7,37.0,32.8,29.4,47,1740,3521
5:3:28,33.8,37.0,32.7,29.3,47,1740,3516
5:4:28,33.4,36.7,32.9,29.3,47,1720,3469
5:5:28,33.1,37.2,34.2,30.0,47,1740,3497
5:6:28,32.9,37.4,35.2,30.5,47,1762,3519
5:7:28,32.6,37.4,35.7,30.7,47,1762,3508
5:8:28,32.1,36.3,35.9,31.0,47,1762,3510
5:9:28,31.7,36.2,36.6,31.1,46,1762,3532
5:10:29,31.6,36.3,36.7,31.2,46,1762,3510
5:11:29,31.5,36.2,37.0,31.4,46,1762,3521
5:12:29,31.5,36.5,37.1,31.5,46,1777,3510
5:13:29,31.5,36.6,37.3,31.5,46,1777,3502
5:14:29,31.4,36.5,37.0,31.5,46,1794,3516
5:15:29,31.4,36.6,37.2,31.7,46,1794,3469
5:16:29,31.2,35.5,36.6,31.6,46,1740,3497
5:17:29,31.6,35.9,36.1,31.9,45,1697,3497
5:18:29,32.2,36.4,36.0,32.5,45,1697,3527
5:19:29,32.8,36.5,35.8,32.8,46,1720,3510
5:20:29,33.2,36.6,35.8,33.1,46,1720,3521
5:21:29,33.5,37.0,36.1,33.3,46,1740,3502
5:22:29,33.8,37.1,36.1,33.4,47,1762,3516
5:23:29,34.0,37.0,36.1,33.5,46,1777,3521
5:24:29,34.2,37.3,36.2,33.5,47,1777,3521
5:25:29,34.4,37.4,36.3,33.6,46,1794,3532
5:26:29,34.5,37.4,36.4,33.7,47,1816,3516
5:27:29,34.6,37.5,36.5,33.7,46,1835,3516
5:28:29,34.9,37.5,36.5,33.7,47,1835,3510
5:29:29,34.8,37.6,36.6,33.8,47,1853,3502
5:30:29,34.9,37.7,36.6,33.7,47,1853,3510
5:31:28,34.9,37.6,36.8,33.9,47,1867,3497
5:32:28,35.0,37.7,36.7,33.8,46,1867,3510
5:33:28,35.0,37.7,36.7,33.8,47,1895,3516
5:34:28,35.1,37.7,36.8,33.9,47,1895,3516
5:35:28,35.1,37.8,36.7,33.8,47,1915,3532
5:36:28,35.0,37.8,36.9,33.9,47,1915,3519
5:37:28,35.2,37.8,37.0,33.9,47,1940,3521
5:38:27,35.0,37.7,36.9,33.9,47,1940,3521
5:39:27,35.2,37.9,36.8,33.9,46,1959,3532
5:40:27,35.3,37.7,36.7,33.9,47,1959,3516
5:41:27,35.3,37.8,36.9,34.0,47,1959,3519
5:42:27,35.3,37.8,36.9,34.0,47,1983,3521
5:43:27,35.3,37.9,36.9,33.9,46,1983,3508
5:44:27,35.3,37.8,37.0,33.8,46,1983,3519
5:45:26,35.2,37.8,36.9,33.9,47,2006,3510
5:46:26,35.3,37.9,36.9,34.0,47,1983,3505
5:47:26,35.3,37.9,36.9,33.9,46,2006,3502
5:48:26,35.4,37.9,36.9,34.0,46,2006,3524
5:49:26,35.4,37.8,36.9,34.0,46,2022,3524
5:50:26,35.2,37.9,36.9,34.0,47,2006,3513
5:51:26,35.3,37.8,36.9,33.9,46,2006,3521
5:52:25,35.3,37.9,36.9,33.9,46,2006,3519
5:53:25,35.1,37.7,36.9,33.6,46,2022,3508
5:54:25,34.8,37.2,37.1,33.6,46,2006,3519
5:55:25,34.6,37.2,37.5,33.7,46,2006,3516
5:56:25,34.6,37.2,37.8,34.0,47,2006,3502
5:57:25,34.8,37.4,37.9,34.0,47,2022,3521
5:58:25,34.7,37.3,37.9,33.9,46,2022,3513
5:59:25,34.6,37.4,37.9,34.0,46,2022,3508
6:0:24,34.6,37.3,37.9,34.0,46,2022,3519
6:1:24,34.6,37.4,38.0,34.1,46,2022,3521
6:2:24,34.7,37.4,37.9,34.0,46,2022,3497
6:3:24,34.6,37.4,38.1,34.0,46,2056,3513
6:4:24,34.6,37.4,38.0,34.0,46,2022,3513
6:5:24,34.5,37.5,38.1,34.1,46,2056,3519
6:6:24,34.5,37.5,38.1,34.0,46,2056,3508
6:7:24,34.5,37.5,38.0,34.0,46,2056,3510
6:8:23,34.5,37.5,38.0,34.0,46,2056,3508
6:9:23,34.5,37.5,37.9,34.1,46,2056,3513
6:10:23,34.4,37.4,38.2,34.1,45,2056,3510
6:11:23,34.4,37.4,38.1,34.0,45,2080,3456
6:12:23,34.0,36.2,37.9,36.8,45,2106,3524
6:13:23,34.0,35.5,38.1,37.8,46,2178,3524
6:14:22,33.9,35.2,38.1,38.3,46,2253,3527
6:15:22,33.9,35.1,38.1,38.4,47,2305,3521
6:16:22,34.1,35.1,38.1,38.5,47,2363,3519
6:17:22,34.0,35.0,38.1,38.5,47,2392,3510
6:18:21,34.1,34.9,38.2,38.5,47,2416,3527
6:19:21,33.9,34.9,38.2,38.5,47,2454,3519
6:20:21,34.1,34.8,38.2,38.5,47,2482,3535
6:21:20,34.0,34.8,38.2,38.6,47,2514,3524
6:22:20,33.9,35.0,38.2,38.6,47,2514,3524
6:23:20,34.0,34.9,38.1,38.6,46,2541,3508
6:24:20,34.0,34.9,38.1,38.6,46,2571,3505
6:25:19,33.9,35.0,38.2,38.5,47,2571,3524
6:26:19,33.9,35.0,38.2,38.5,46,2613,3494
6:27:19,33.9,35.1,38.1,38.6,46,2613,3524
6:28:18,33.9,35.0,38.0,38.6,46,2613,3521
6:29:18,34.0,35.1,38.1,38.5,47,2638,3510
6:30:18,34.0,34.9,38.2,38.7,46,2638,3502
6:31:17,33.9,35.0,38.1,38.5,46,2668,3513
6:32:17,33.9,34.9,38.1,38.7,46,2668,3510
6:33:17,33.8,35.1,38.2,38.6,46,2704,3508
6:34:17,34.0,34.9,38.1,38.6,46,2704,3519
6:35:16,33.9,35.0,38.2,38.5,46,2704,3510
6:36:16,33.8,34.6,37.5,37.6,46,2638,3516
6:37:16,33.2,34.1,37.8,36.8,46,2514,3513
6:38:16,32.9,33.9,38.1,36.3,45,2454,3524
6:39:15,32.5,33.8,38.2,36.2,46,2392,3521
6:40:15,32.1,33.6,38.1,35.9,46,2363,3486
6:41:15,31.8,33.6,38.0,35.7,46,2336,3513
6:42:15,31.6,33.3,38.0,35.6,46,2283,3513
6:43:15,31.6,33.2,37.9,35.5,46,2253,3516
6:44:15,31.4,33.1,37.9,35.5,46,2197,3521
6:45:15,31.2,32.9,37.5,35.4,46,2158,3508
6:46:15,30.9,31.9,35.4,35.2,46,2006,3521
6:47:15,30.5,31.0,33.5,34.6,44,1835,3508
6:48:15,30.2,30.3,32.1,34.2,45,1683,3502
6:49:16,29.6,29.4,30.6,33.6,45,1565,3516
6:50:16,29.1,28.8,29.7,33.0,45,1425,3516
6:51:16,28.6,28.2,29.1,32.7,46,1317,3516
6:52:17,28.2,27.9,28.5,32.2,47,1245,3513
6:53:18,27.7,27.3,28.0,31.6,48,1150,3521
6:54:18,27.2,27.0,27.6,31.0,48,1083,3497
6:55:19,26.7,26.6,27.2,30.3,49,1029,3502
6:56:20,26.3,26.4,26.7,30.1,50,976,3497
6:57:21,26.1,26.0,26.4,29.7,50,928,3516
6:58:21,25.6,25.8,26.2,29.4,51,887,3505
6:59:22,25.4,25.5,25.9,29.1,52,851,3510
7:0:23,25.1,25.1,25.7,28.8,52,818,3505
7:1:24,24.9,25.0,25.4,28.4,53,792,3516
7:2:25,24.8,24.8,25.3,28.4,54,757,3510
7:3:26,24.5,24.6,25.1,28.1,54,729,3497
7:4:27,24.3,24.4,24.9,27.8,54,703,3513
7:5:28,24.2,24.3,24.7,27.6,55,680,3500
7:6:29,24.0,24.1,24.5,27.5,55,657,3486
7:7:31,23.7,24.0,24.4,27.2,56,642,3497
7:8:32,24.5,24.3,24.5,29.5,56,657,3491
7:9:33,26.1,24.6,24.5,31.4,59,719,3502
7:10:34,27.4,24.7,24.7,32.4,61,781,3502
7:11:34,28.5,25.1,25.0,33.1,63,844,3500
7:12:35,29.3,25.4,25.4,33.7,65,896,3500
7:13:36,30.1,25.8,25.9,34.1,66,961,3497
7:14:36,30.7,26.3,26.2,34.4,67,1016,3505
7:15:37,31.1,26.6,26.6,34.6,67,1073,3500
7:16:37,31.4,27.0,26.9,34.9,67,1129,3502
7:17:38,31.7,27.4,27.3,35.1,67,1185,3500
7:18:38,32.1,27.6,27.6,35.3,67,1245,3519
7:19:38,32.4,27.9,28.0,35.4,67,1289,3508
7:20:38,32.5,28.2,28.2,35.6,67,1343,3513
7:21:39,32.7,28.4,28.4,35.7,66,1395,3516
7:22:39,33.0,28.7,28.6,35.8,66,1436,3502
7:23:39,33.1,28.9,28.8,35.8,65,1487,3502
7:24:39,33.3,29.0,29.1,36.1,65,1534,3510
7:25:39,33.6,29.3,29.3,36.1,64,1565,3510
7:26:39,33.7,29.4,29.4,36.2,64,1613,3502
7:27:40,33.8,29.5,29.7,36.2,64,1666,3491
7:28:40,33.9,29.6,29.6,36.3,63,1683,3486
7:29:40,34.1,29.8,29.8,36.4,63,1740,3505
7:30:40,34.2,29.9,30.0,36.4,62,1777,3513
7:31:40,34.3,30.0,30.1,36.4,62,1794,3513
7:32:40,34.3,30.0,30.2,36.5,62,1816,3513
7:33:40,34.3,30.3,30.2,35.6,61,1835,3502
7:34:40,33.9,30.8,31.3,34.8,61,1867,3497
7:35:40,33.1,31.4,34.9,34.6,62,1940,3513
7:36:40,32.7,31.9,36.2,34.6,63,2022,3516
7:37:40,32.4,32.3,36.8,34.7,61,2080,3508
7:38:40,32.3,32.6,37.0,34.9,58,2126,3508
7:39:40,32.1,32.9,37.4,35.1,57,2178,3516
7:40:40,32.1,33.2,37.3,35.0,56,2197,3500
7:41:40,32.1,33.2,37.4,35.2,55,2228,3510
7:42:40,32.1,33.5,37.5,35.2,54,2253,3497
7:43:40,32.2,33.6,37.5,35.3,53,2305,3502
7:44:40,32.1,33.5,37.5,35.4,53,2305,3513
7:45:39,32.2,33.6,37.6,35.4,52,2336,3516
7:46:39,32.2,33.6,37.7,35.3,52,2363,3524
7:47:39,32.2,33.6,37.6,35.2,51,2363,3516
7:48:39,32.3,33.7,37.7,35.2,51,2392,3502
7:49:39,32.1,33.8,37.6,35.4,51,2416,3508
7:50:39,32.2,33.9,37.6,35.4,51,2416,3516
7:51:39,32.2,33.8,37.5,35.3,51,2454,3524
7:52:39,32.2,33.9,37.6,35.3,51,2454,3510
7:53:39,32.3,33.9,37.6,35.3,50,2482,3516
7:54:38,32.4,33.9,37.6,35.3,50,2482,3524
7:55:38,32.3,33.8,37.6,35.2,50,2514,3508
7:56:38,32.2,33.9,37.6,35.3,50,2514,3513
7:57:38,32.4,33.9,37.6,35.3,50,2514,3532
7:58:38,32.4,33.9,37.6,35.3,50,2541,3458
7:59:38,32.5,35.1,36.6,34.2,50,2454,3489
8:0:38,32.6,36.6,36.3,33.4,49,2416,3516
8:1:38,32.9,37.3,36.1,32.9,49,2416,3516
8:2:38,33.0,37.4,35.9,32.5,49,2416,3521
8:3:38,33.1,37.5,35.7,32.3,49,2392,3510
8:4:38,33.3,37.4,35.8,32.0,49,2363,3508
8:5:38,33.2,37.5,35.8,31.9,48,2363,3508
8:6:37,33.2,37.4,35.7,31.8,48,2336,3524
8:7:37,33.3,37.4,35.7,31.7,48,2336,3502
8:8:37,33.2,37.5,35.4,31.6,48,2336,3516
8:9:37,33.2,37.4,35.6,31.5,48,2305,3516
8:10:37,33.2,37.3,35.5,31.5,48,2283,3508
8:11:37,33.2,37.4,35.6,31.3,48,2253,3524
8:12:37,33.2,37.4,35.5,31.4,48,2253,3508
8:13:37,33.3,37.4,35.3,31.3,48,2253,3505
8:14:37,33.1,37.3,35.3,31.2,48,2228,3497
8:15:37,33.0,37.4,35.4,31.2,48,2197,3502
8:16:37,33.1,37.3,35.2,31.2,48,2197,3510
8:17:37,33.0,37.2,35.2,31.1,48,2178,3497
8:18:37,33.0,37.3,35.2,31.2,48,2178,3519
8:19:37,33.0,37.3,35.3,31.1,48,2158,3516
8:20:37,32.9,37.3,35.2,31.0,48,2158,3521
8:21:37,32.9,37.3,35.2,31.1,47,2158,3532
8:22:37,32.9,37.3,35.2,31.1,47,2126,3502
8:23:37,32.9,37.2,35.2,31.1,48,2126,3502
8:24:37,32.9,37.3,35.2,31.1,48,2126,3516
8:25:37,32.9,37.3,35.1,31.0,48,2126,3513
8:26:37,32.9,37.2,35.0,31.0,47,2106,3513
8:27:37,32.9,37.2,35.0,31.0,48,2106,3527
8:28:37,32.9,37.1,35.2,31.0,48,2106,3510
8:29:37,32.8,37.3,35.1,30.9,48,2106,3521
8:30:37,32.9,37.3,35.2,31.0,48,2080,3508
8:31:37,32.9,37.3,35.1,30.9,48,2080,3521
8:32:37,32.8,37.0,35.0,31.0,47,2080,3494
8:33:37,32.8,37.2,35.0,30.8,48,2056,3513
8:34:37,32.8,37.1,35.0,30.7,47,2056,3502
8:35:37,32.7,37.3,35.1,30.9,48,2056,3513
8:36:37,32.9,37.0,35.1,30.9,48,2056,3532
8:37:37,32.8,37.0,35.0,30.8,47,2022,3513
8:38:37,32.9,37.2,35.0,31.0,47,2022,3519
8:39:37,32.8,37.3,35.1,30.9,47,2022,3497
8:40:38,32.8,37.3,35.1,30.9,48,2022,3521
8:41:38,32.8,37.2,35.1,30.9,47,2022,3494
8:42:38,32.8,37.2,35.1,30.9,47,2022,3521
8:43:38,32.7,37.2,35.0,30.8,48,2022,3521
8:44:38,32.8,37.2,35.0,30.9,47,2022,3510
8:45:38,32.8,37.1,34.9,30.8,47,2006,3505
8:46:38,32.8,37.1,35.0,30.8,48,2006,3516
8:47:38,32.7,37.2,35.0,30.8,48,2006,3513
8:48:38,32.8,37.0,35.1,30.9,47,2006,3532
8:49:38,32.7,37.2,35.1,30.9,47,2006,3516
8:50:38,32.8,37.2,35.0,30.8,48,2006,3505
8:51:38,32.7,37.2,34.9,30.8,48,2006,3521
8:52:38,32.8,37.2,34.8,30.8,48,2006,3469
8:53:38,32.8,37.1,34.9,30.8,47,2006,3502
8:54:38,32.8,37.2,35.0,30.7,48,1983,3521
8:55:38,32.7,37.2,34.9,30.8,48,1983,3513
8:56:38,32.8,37.3,35.0,30.8,48,1983,3510
8:57:38,32.8,37.0,34.9,30.7,48,1983,3513
8:58:38,32.8,37.2,34.9,30.9,47,1983,3513
8:59:38,32.8,37.1,35.1,30.8,48,1983,3508
9:0:38,32.8,37.3,35.0,30.8,47,2006,3508
9:1:38,32.7,37.2,35.0,30.8,47,2006,3519
9:2:38,32.8,37.2,35.1,30.8,48,1983,3513
9:3:38,32.8,37.3,34.9,30.8,47,1983,3513
9:4:38,32.8,37.2,34.8,30.8,48,1983,3524
9:5:38,32.8,37.2,35.0,30.8,47,1983,3521
9:6:38,32.8,37.2,34.9,30.8,47,1983,3508
9:7:39,32.8,37.3,35.0,30.8,48,1983,3513
9:8:41,32.7,36.9,35.1,30.8,47,1983,3494
9:9:39,34.2,35.5,33.9,32.7,47,2022,3524
9:10:39,35.6,34.6,33.0,34.3,47,2106,3519
9:11:38,36.2,33.8,32.5,35.2,49,2126,3508
9:12:38,36.4,33.4,32.1,35.9,50,2158,3505
9:13:38,36.6,33.1,31.9,36.2,51,2178,3505
9:14:38,36.8,32.9,31.8,36.4,51,2178,3510
9:15:38,36.7,32.7,31.6,36.3,51,2197,3513
9:16:38,36.7,32.6,31.5,36.4,52,2197,3516
9:17:38,36.8,32.5,31.4,36.4,52,2197,3502
9:18:38,36.8,32.5,31.5,36.5,52,2228,3510
9:19:37,36.8,32.4,31.3,36.5,52,2228,3510
9:20:37,36.8,32.2,31.3,36.4,52,2228,3505
9:21:37,36.8,32.2,31.3,36.4,52,2228,3516
9:22:37,36.8,32.2,31.3,36.4,52,2228,3508
9:23:37,36.7,32.1,31.2,36.3,53,2253,3497
9:24:37,36.6,32.2,31.2,36.5,53,2228,3521
9:25:37,36.7,32.2,31.2,36.4,53,2253,3510
9:26:36,36.7,32.1,31.2,36.3,53,2253,3510
9:27:36,36.7,32.0,31.2,36.4,53,2253,3521
9:28:36,36.6,32.1,31.2,36.3,53,2253,3516
9:29:36,36.6,32.2,31.1,36.4,53,2228,3502
9:30:36,36.7,32.2,31.2,36.4,53,2228,3508
9:31:36,36.5,32.1,31.1,36.4,53,2253,3521
9:32:36,36.5,32.1,31.2,36.4,53,2253,3532
9:33:36,36.6,32.0,31.1,36.4,53,2253,3502
9:34:36,36.6,32.0,31.1,36.4,54,2228,3508
9:35:35,36.6,32.0,31.1,36.3,54,2228,3516
9:36:35,36.5,32.0,31.1,36.1,54,2228,3521
9:37:35,36.4,32.2,31.1,36.1,54,2228,3510
9:38:35,36.5,32.1,31.1,36.0,54,2228,3519
9:39:35,36.5,32.0,31.0,36.0,54,2228,3527
9:40:35,36.4,32.2,31.1,36.0,54,2197,3521
9:41:35,36.5,32.0,31.0,36.0,54,2197,3516
9:42:35,36.5,32.0,31.0,36.0,54,2197,3510
9:43:35,36.5,32.0,31.0,36.0,54,2197,3530
9:44:35,36.6,32.1,31.1,35.9,54,2197,3513
9:45:34,36.5,31.9,31.0,36.0,54,2197,3513
9:46:34,36.5,31.9,31.0,36.0,54,2197,3505
9:47:34,36.5,32.0,30.9,36.1,54,2197,3505
9:48:34,36.5,31.9,30.9,36.1,54,2197,3508
9:49:34,36.5,31.9,30.9,36.1,54,2197,3500
9:50:34,36.6,32.0,31.0,36.1,54,2197,3510
9:51:34,36.6,31.9,30.8,36.1,54,2197,3532
9:52:34,36.2,31.8,31.1,35.5,54,2158,3516
9:53:34,36.4,32.0,31.2,36.0,54,2158,3510
9:54:34,36.4,32.0,31.2,36.2,53,2158,3527
9:55:34,36.4,32.1,31.3,36.2,54,2126,3521
9:56:33,36.6,31.9,31.3,36.4,54,2126,3513
9:57:33,36.5,32.1,31.3,36.4,54,2126,3513
9:58:33,36.5,32.1,31.3,36.5,54,2126,3505
9:59:33,36.7,32.1,31.5,36.4,54,2158,3538
10:0:33,36.6,32.1,31.4,36.4,54,2158,3513
10:1:33,36.6,32.2,31.4,36.4,54,2126,3510
10:2:33,36.7,32.1,31.4,36.5,54,2158,3508
10:3:33,36.6,32.0,31.4,36.5,54,2158,3521
10:4:33,36.6,32.1,31.4,36.5,54,2158,3516
10:5:33,36.6,32.2,31.4,36.4,54,2158,3516
10:6:33,36.5,32.3,31.5,36.3,54,2126,3502
10:7:32,36.5,32.1,31.6,36.5,54,2126,3521
10:8:32,36.4,32.0,31.5,36.3,54,2126,3505
10:9:32,36.3,32.2,31.5,35.9,54,2106,3519
10:10:32,36.7,32.2,31.5,36.5,53,2126,3521
10:11:32,36.7,32.0,31.4,36.7,54,2158,3508
10:12:32,36.9,32.0,31.5,36.8,54,2158,3516
10:13:32,36.8,32.0,31.5,36.8,54,2178,3532
10:14:32,36.8,32.1,31.5,36.8,54,2197,3513
10:15:32,36.8,32.1,31.5,37.0,54,2197,3524
10:16:32,36.8,32.1,31.5,36.8,54,2197,3535
10:17:31,36.9,32.1,31.4,36.8,54,2228,3532
10:18:31,36.9,32.1,31.5,36.9,54,2253,3516
10:19:31,36.8,32.1,31.5,36.8,54,2253,3516
10:20:31,37.0,32.1,31.5,36.8,54,2253,3505
10:21:31,36.9,32.1,31.6,36.9,53,2253,3521
10:22:31,37.0,32.1,31.5,36.8,53,2253,3502
10:23:31,36.9,32.2,31.5,36.9,54,2253,3521
10:24:31,37.0,32.1,31.5,36.9,54,2253,3508
10:25:30,36.8,32.2,31.5,36.8,54,2283,3508
10:26:30,36.9,32.1,31.4,36.8,53,2283,3521
10:27:30,36.9,32.1,31.5,36.9,54,2283,3508
10:28:30,37.0,32.2,31.6,36.8,54,2283,3505
10:29:30,36.9,32.2,31.6,36.9,53,2283,3519
10:30:30,36.9,32.1,31.5,36.8,53,2283,3521
10:31:30,36.9,32.1,31.5,36.8,54,2283,3513
10:32:29,37.0,32.1,31.5,36.8,54,2305,3505
10:33:29,36.9,32.1,31.5,36.8,54,2283,3510
10:34:29,36.9,32.1,31.6,36.8,53,2305,3516
10:35:29,36.9,32.1,31.5,36.9,53,2305,3521
10:36:29,36.8,32.1,31.5,36.9,54,2305,3521
10:37:29,37.0,32.2,31.5,36.9,54,2305,3505
10:38:29,36.9,32.2,31.5,36.8,54,2305,3513
10:39:29,37.0,32.1,31.5,36.9,54,2305,3521
10:40:28,37.0,32.1,31.6,36.9,54,2305,3508
10:41:28,36.9,32.2,31.5,36.9,54,2305,3516
10:42:28,36.8,32.2,31.5,36.8,54,2336,3527
10:43:28,37.0,32.2,31.5,36.8,53,2336,3513
10:44:28,36.9,32.1,31.5,36.8,54,2336,3508
10:45:28,36.9,32.3,31.5,36.9,54,2336,3516
10:46:28,36.9,32.3,31.6,36.8,54,2336,3510
10:47:27,37.0,32.1,31.5,36.9,54,2363,3505
10:48:27,36.9,32.2,31.5,36.8,54,2336,3505
10:49:27,36.9,32.1,31.6,36.8,54,2363,3508
10:50:27,36.8,32.1,31.5,36.8,54,2336,3519
10:51:27,37.0,32.3,31.6,36.9,54,2363,3502
10:52:27,36.9,32.3,31.6,36.8,54,2363,3508
10:53:27,37.0,32.2,31.6,36.8,54,2363,3516
10:54:26,36.9,32.2,31.6,36.9,54,2363,3502
10:55:26,37.0,32.2,31.7,36.8,54,2363,3543
10:56:26,37.0,32.2,31.6,36.9,54,2363,3521
10:57:26,36.9,32.2,31.7,36.9,54,2363,3510
10:58:26,37.0,32.1,31.6,37.0,54,2363,3502
10:59:26,37.0,32.2,31.7,36.9,54,2363,3510
11:0:26,36.9,32.2,31.6,37.0,54,2392,3527
11:1:25,37.0,32.4,31.6,36.9,54,2392,3513
11:2:25,37.1,32.3,31.7,37.0,54,2392,3516
11:3:25,37.0,32.2,31.6,36.9,54,2392,3521
11:4:25,37.0,32.2,31.6,36.9,54,2392,3502
11:5:25,37.0,32.3,31.7,36.8,54,2392,3513
11:6:25,36.9,32.3,31.6,36.9,54,2392,3505
11:7:24,37.0,32.2,31.7,36.9,54,2392,3527
11:8:24,37.0,32.2,31.6,36.8,54,2416,3530
11:9:24,36.9,32.1,31.7,36.9,54,2416,3530
11:10:24,37.0,32.2,31.6,36.9,54,2416,3521
11:11:24,37.0,32.3,31.6,36.9,54,2416,3516
11:12:24,37.0,32.4,31.6,36.9,54,2416,3508
11:13:23,36.9,32.4,31.6,36.9,54,2416,3513
11:14:23,36.9,32.4,31.5,37.0,54,2416,3510
11:15:23,37.0,32.3,31.7,37.0,54,2416,3510
11:16:23,37.1,32.4,31.7,37.0,54,2416,3519
11:17:23,37.0,32.2,31.7,36.9,54,2454,3500
11:18:23,37.0,32.2,31.7,37.0,54,2416,3519
11:19:22,37.1,32.4,31.7,36.8,54,2454,3524
11:20:22,37.0,32.1,31.8,37.2,54,2416,3502
11:21:22,37.1,32.2,31.7,37.1,54,2454,3535
11:22:22,37.0,32.4,31.7,37.0,54,2454,3543
11:23:22,37.0,32.3,31.6,37.0,54,2416,3532
11:24:22,37.2,32.2,31.7,37.0,54,2454,3519
11:25:22,37.0,32.4,31.7,36.9,54,2454,3521
11:26:21,37.0,32.3,31.7,36.9,54,2416,3532
11:27:21,36.9,32.3,31.5,37.0,54,2416,3497
11:28:21,36.9,32.4,31.7,36.9,54,2416,3508
11:29:21,37.0,32.3,31.5,36.9,54,2454,3521
11:30:21,37.0,32.4,31.7,36.9,54,2416,3516
11:31:21,37.0,32.3,31.7,36.9,54,2416,3516
11:32:20,37.1,32.2,31.6,37.0,54,2416,3502
11:33:20,36.9,32.2,31.7,37.0,54,2416,3502
11:34:20,37.1,32.2,31.6,37.0,53,2416,3508
11:35:20,37.0,32.4,31.6,37.1,54,2416,3519
11:36:20,37.1,32.2,31.6,37.0,54,2416,3513
11:37:20,37.0,32.1,31.6,36.9,54,2416,3527
11:38:19,37.1,32.3,31.8,37.0,54,2416,3510
11:39:19,37.1,32.3,31.7,36.9,53,2416,3532
11:40:19,37.0,32.3,31.7,37.0,53,2416,3516
11:41:19,37.0,32.3,31.7,37.0,54,2416,3521
11:42:19,37.0,32.3,31.7,36.9,54,2416,3521
11:43:19,37.2,32.4,31.6,37.0,54,2416,3494
11:44:19,37.0,32.2,31.7,37.0,54,2416,3532
11:45:18,37.0,32.4,31.7,37.0,53,2416,3527
11:46:18,37.1,32.3,31.8,37.1,54,2416,3519
11:47:18,37.0,32.3,31.8,36.9,54,2416,3521
11:48:18,37.2,32.4,31.6,36.8,54,2416,3521
11:49:18,37.0,32.2,31.6,36.9,54,2454,3513
11:50:18,37.0,32.3,31.7,37.0,54,2416,3513
11:51:17,37.1,32.2,31.7,37.0,54,2416,3497
11:52:17,37.0,32.3,31.7,37.0,54,2416,3510
11:53:17,37.1,32.3,31.7,37.0,53,2454,3508
11:54:17,37.2,32.3,31.7,37.0,54,2454,3510
11:55:17,37.0,32.3,31.6,37.0,54,2454,3508
11:56:17,37.2,32.5,31.7,37.1,54,2416,3513
11:57:16,37.1,32.3,31.7,37.0,54,2454,3519
11:58:16,37.2,32.1,31.7,37.2,53,2416,3510
11:59:16,37.1,32.5,31.9,36.7,54,2454,3497
12:0:16,36.5,34.1,32.4,35.8,54,2454,3502
12:1:16,36.6,35.4,32.5,35.4,54,2514,3513
12:2:16,36.7,36.2,32.8,35.0,54,2571,3519
12:3:15,36.9,36.4,32.8,35.2,54,2638,3527
12:4:15,37.1,36.7,33.0,35.2,54,2668,3513
12:5:15,37.2,36.9,33.4,35.3,53,2704,3510
12:6:15,37.2,37.0,33.4,35.3,53,2732,3519
12:7:14,37.3,37.0,33.5,35.4,53,2807,3519
12:8:14,37.4,37.2,33.7,35.4,52,2836,3510
12:9:14,37.4,37.1,33.9,35.6,52,2882,3510
12:10:14,37.5,37.3,33.8,35.7,52,2919,3519
12:11:13,37.5,37.0,34.0,35.6,52,2965,3516
12:12:13,37.5,37.3,34.0,35.8,52,2999,3521
12:13:13,37.6,37.4,34.1,35.8,52,3038,3521
12:14:12,37.5,37.4,34.2,35.9,52,3038,3508
12:15:12,37.7,37.5,34.3,36.0,51,3062,3527
12:16:12,37.7,37.4,34.2,35.9,52,3062,3527
12:17:11,37.7,37.5,34.3,36.1,51,3098,3527
12:18:11,37.7,37.5,34.4,36.1,51,3188,3527
12:19:10,37.8,37.5,34.3,36.0,51,3188,3500
12:20:10,37.9,36.8,34.8,36.2,51,3137,3530
12:21:10,38.1,36.4,35.4,36.5,50,3188,3513
12:22:9,38.2,36.1,35.9,36.7,51,3227,3532
12:23:9,38.1,36.2,36.2,36.8,51,3311,3521
12:24:9,38.2,36.0,36.2,36.9,51,3365,3524
12:25:8,38.3,36.1,36.3,37.2,51,3411,3513
12:26:8,38.4,36.0,36.5,37.4,51,3449,3516
12:27:7,38.3,36.1,36.3,37.4,51,3505,3530
12:28:7,38.4,36.0,36.3,37.5,51,3539,3519
12:29:6,37.9,35.8,35.7,38.2,51,3449,3500
12:30:6,37.8,35.6,35.9,38.5,50,3505,3508
12:31:6,37.6,35.4,36.1,38.8,50,3539,3521
12:32:5,37.5,35.3,36.2,38.9,50,3594,3505
12:33:5,37.5,35.1,36.3,38.7,50,3594,3521
12:34:4,37.5,35.0,36.5,38.8,50,3645,3527
12:35:4,37.4,35.0,36.4,38.8,50,3705,3508
12:36:3,37.5,35.1,36.4,38.6,51,3705,3516
12:37:3,37.4,35.1,36.5,38.8,50,3705,3519
12:38:2,37.4,35.1,36.6,38.9,50,3759,3513
12:39:2,37.5,35.1,36.7,38.8,50,3759,3497
12:40:1,37.5,35.0,36.6,38.7,50,3759,3521
12:41:1,37.3,35.0,36.6,38.8,50,3795,3500
12:42:0,37.4,35.1,36.7,38.9,50,3795,3505
12:43:0,37.5,35.2,36.6,38.8,50,3857,3508
12:44:0,37.4,35.1,36.7,38.7,50,3857,3516
12:44:59,37.5,35.1,36.7,38.7,50,3857,3524
12:45:59,37.5,35.2,36.8,38.8,50,3857,3510
12:46:58,37.4,35.1,36.7,38.7,50,3857,3505
12:47:58,37.3,35.2,36.7,38.8,50,3913,3505
12:48:57,37.4,35.2,36.7,38.8,50,3913,3519
12:49:57,37.4,35.1,36.7,38.8,50,3913,3521
12:50:56,37.4,35.2,36.9,38.7,50,3913,3521
12:51:56,37.5,35.2,36.7,38.8,50,3913,3491
12:52:55,37.4,35.2,36.7,38.8,49,3913,3497
12:53:55,37.5,35.2,36.8,38.8,50,3976,3500
12:54:54,37.4,35.1,36.8,38.8,50,3976,3519
12:55:54,37.4,35.3,36.6,38.8,49,3976,3510
12:56:54,37.4,35.1,36.8,38.7,49,3913,3505
12:57:53,37.5,35.2,36.7,38.8,50,3976,3505
12:58:53,37.4,35.2,36.8,38.8,49,3976,3521
12:59:52,37.4,35.1,36.8,38.8,49,3976,3502
13:0:52,37.5,35.0,36.7,38.7,49,4014,3519
13:1:51,37.4,35.1,36.7,38.8,49,3976,3516
13:2:51,37.5,35.1,36.7,38.8,49,3976,3497
13:3:50,37.5,35.1,36.8,38.9,49,3976,3516
13:4:50,37.5,35.1,36.8,39.0,49,3976,3521
13:5:49,37.5,35.1,36.7,38.9,49,3976,3513
13:6:49,37.5,35.1,36.8,38.8,49,3976,3508
13:7:48,37.4,34.9,36.4,38.3,49,3913,3478
13:8:48,36.8,34.2,36.0,38.2,48,3705,3513
13:9:48,36.5,33.8,35.8,38.3,48,3594,3519
13:10:47,36.1,33.5,35.6,38.2,48,3449,3527
13:11:47,35.8,33.2,35.6,38.1,48,3365,3519
13:12:47,35.4,32.8,35.2,38.0,49,3227,3491
13:13:47,35.2,32.7,35.1,38.0,49,3137,3497
13:14:46,35.0,32.5,34.9,37.8,49,3062,3527
13:15:46,34.7,32.3,34.9,37.9,49,2999,3521
13:16:46,34.6,32.1,34.7,37.7,49,2919,3521
13:17:46,34.5,31.9,34.6,37.8,49,2836,3532
13:18:46,34.3,31.8,34.5,37.7,50,2777,3519
13:19:46,34.3,31.6,34.4,37.6,50,2704,3508
13:20:45,33.9,31.5,34.3,37.6,50,2668,3505
13:21:45,34.0,31.4,34.2,37.5,50,2638,3510
13:22:45,33.8,31.2,34.1,37.4,50,2571,3519
13:23:45,33.7,31.1,34.0,37.4,50,2541,3516
13:24:45,33.7,31.2,34.0,37.5,50,2514,3500
13:25:45,33.6,31.0,33.9,37.5,50,2454,3521
13:26:45,33.6,31.0,33.9,37.5,51,2454,3508
13:27:45,33.4,31.0,33.8,37.4,51,2392,3510
13:28:45,33.4,30.9,33.7,37.3,51,2363,3508
13:29:45,33.0,31.6,34.8,35.6,51,2336,3527
13:30:45,32.6,32.4,36.3,34.9,52,2305,3508
13:31:45,32.2,33.0,36.8,34.4,51,2305,3510
13:32:45,31.9,33.5,37.0,34.3,51,2283,3508
13:33:45,31.8,33.8,37.2,34.1,50,2253,3508
13:34:45,31.8,34.1,37.3,34.1,50,2253,3516
13:35:45,31.8,34.3,37.4,34.1,50,2253,3513
13:36:45,31.9,34.5,37.3,34.1,50,2253,3505
13:37:45,31.7,34.5,37.5,34.1,50,2253,3508
13:38:45,31.9,34.7,37.3,34.0,50,2228,3505
13:39:45,31.9,34.8,37.5,34.2,50,2197,3505
13:40:45,31.9,34.8,37.4,34.1,49,2228,3519
13:41:45,32.0,34.8,37.5,34.2,49,2228,3508
13:42:45,31.9,34.8,37.5,34.2,49,2197,3491
13:43:45,32.0,34.9,37.6,34.2,49,2228,3510
13:44:45,32.0,34.9,37.6,34.3,49,2197,3502
13:45:44,31.9,35.0,37.5,34.4,49,2197,3521
13:46:44,31.9,34.9,37.7,34.3,49,2197,3513
13:47:44,31.9,34.9,37.6,34.3,49,2178,3519
13:48:44,32.1,35.0,37.7,34.4,48,2178,3524
13:49:44,32.1,34.8,37.3,34.6,49,2197,3516
13:50:44,32.1,34.6,36.8,34.9,49,2228,3521
13:51:44,32.3,34.6,36.6,35.1,50,2228,3516
13:52:44,32.1,34.5,36.5,35.2,50,2253,3532
13:53:44,32.1,34.5,36.3,35.4,50,2283,3516
13:54:44,32.0,34.3,36.3,35.2,50,2253,3502
13:55:44,32.2,34.1,36.4,35.3,50,2283,3502
13:56:44,32.2,34.3,36.9,35.7,51,2336,3519
13:57:44,32.1,34.4,37.3,35.9,51,2363,3513
13:58:43,32.2,34.5,37.4,35.9,52,2416,3500
13:59:43,32.1,34.6,37.5,35.8,52,2454,3508
14:0:43,32.1,34.8,37.7,35.8,52,2482,3516
14:1:43,32.4,34.7,37.7,36.1,52,2514,3521
14:2:43,32.4,34.8,37.6,36.1,52,2541,3519
14:3:43,32.3,34.8,37.6,36.1,52,2571,3519
14:4:43,32.4,34.8,37.7,36.0,52,2613,3508
14:5:42,32.4,34.9,37.7,36.1,52,2613,3510
14:6:42,32.4,34.9,37.6,36.1,52,2638,3516
14:7:42,32.4,34.9,37.7,36.1,52,2638,3519
14:8:42,32.4,34.9,37.7,36.1,52,2668,3519
14:9:42,32.4,34.9,37.7,36.1,52,2704,3508
14:10:42,32.4,34.9,37.8,36.2,52,2704,3532
14:11:41,32.4,34.8,37.8,36.0,52,2732,3538
14:12:41,32.5,34.8,37.7,36.1,51,2732,3502
14:13:41,32.3,34.8,37.8,36.2,52,2732,3510
14:14:41,32.4,34.7,37.9,36.1,52,2777,3497
14:15:41,32.4,34.8,37.8,36.1,51,2777,3510
14:16:40,32.4,34.9,37.8,36.1,52,2807,3516
14:17:40,32.4,34.9,37.9,36.2,52,2807,3527
14:18:40,32.5,34.9,37.9,36.1,52,2836,3491
14:19:40,32.4,34.7,37.8,36.1,52,2836,3513
14:20:40,32.4,34.8,37.9,36.1,52,2882,3508
14:21:40,32.4,35.0,37.9,36.1,52,2882,3505
14:22:39,32.5,35.0,37.8,36.2,52,2919,3510
14:23:39,32.5,34.9,38.0,36.2,52,2965,3497
14:24:39,32.5,35.0,37.9,36.3,52,2965,3505
14:25:39,32.5,35.0,37.8,36.3,52,2965,3519
14:26:39,32.6,34.9,37.9,36.1,52,2965,3505
14:27:42,32.6,34.7,37.7,36.2,52,2965,3516
14:28:38,33.2,33.7,37.4,37.1,52,2999,3505
14:29:38,33.7,32.9,36.9,37.8,51,2999,3519
14:30:38,34.0,32.5,36.9,38.0,52,2999,3502
14:31:38,34.3,32.3,36.6,38.2,52,2999,3516
14:32:37,34.5,32.1,36.4,38.2,52,3038,3513
14:33:37,34.5,32.0,36.3,38.2,52,2999,3505
14:34:37,34.6,31.9,36.2,38.4,52,2999,3491
14:35:37,35.0,32.2,35.9,37.7,52,2965,3489
14:36:36,37.0,33.8,35.0,36.9,52,2999,3521
14:37:36,37.6,34.7,34.3,36.3,52,2965,3497
14:38:36,37.9,35.1,33.8,36.1,52,2965,3521
14:39:36,38.0,35.4,33.6,35.8,52,2919,3510
14:40:35,38.1,35.7,33.4,35.8,52,2919,3521
14:41:35,38.0,36.0,33.4,35.7,52,2919,3513
14:42:35,38.1,36.0,33.4,35.7,52,2882,3521
14:43:35,38.2,36.0,33.4,35.9,52,2882,3513
14:44:34,38.1,36.2,33.4,35.7,52,2882,3513
14:45:34,38.1,36.2,33.4,35.8,52,2882,3521
14:46:34,38.2,36.2,33.5,35.7,52,2882,3524
14:47:33,38.2,36.4,33.6,35.8,52,2882,3521
14:48:33,38.2,36.4,33.5,35.9,52,2882,3505
14:49:33,38.3,36.4,33.5,35.8,52,2882,3519
14:50:33,38.3,36.6,33.5,35.8,52,2882,3519
14:51:32,38.2,36.5,33.5,35.9,52,2882,3527
14:52:32,38.3,36.4,33.3,35.8,52,2882,3519
14:53:32,38.2,36.4,33.3,35.7,52,2836,3543
14:54:31,38.2,36.3,33.1,35.9,52,2836,3519
14:55:31,38.3,36.4,33.1,35.8,52,2836,3519
14:56:31,38.2,36.4,33.3,35.9,52,2836,3532
14:57:31,38.3,36.4,33.1,35.8,52,2836,3510
14:58:30,38.3,36.3,33.1,35.8,52,2836,3543
14:59:30,38.3,36.3,32.9,35.8,52,2836,3516
15:0:30,38.4,36.3,32.7,35.8,52,2807,3508
15:1:29,38.3,36.2,32.8,35.8,52,2807,3519
15:2:29,38.3,36.3,32.7,35.7,52,2807,3516
15:3:29,38.4,36.2,32.5,35.8,52,2807,3519
15:4:29,38.3,35.9,32.5,35.8,52,2777,3524
15:5:28,38.2,35.7,32.6,35.7,52,2777,3532
15:6:28,38.4,35.9,32.4,35.5,52,2836,3513
15:7:28,38.5,36.0,32.3,35.2,52,2836,3516
15:8:27,38.6,36.2,32.3,35.3,52,2836,3527
15:9:27,38.6,36.4,32.3,35.3,52,2882,3524
15:10:27,38.5,36.2,32.3,35.2,52,2882,3513
15:11:26,38.6,36.4,32.4,35.2,52,2882,3502
15:12:26,38.8,36.4,32.3,35.2,52,2882,3519
15:13:26,38.7,36.4,32.3,35.0,51,2882,3521
15:14:25,38.7,36.5,32.2,35.1,51,2919,3524
15:15:25,38.7,36.5,32.1,35.0,51,2919,3513
15:16:25,38.7,36.3,32.2,35.2,51,2919,3519
15:17:25,38.0,35.9,32.2,35.0,51,2836,3513
15:18:24,37.9,35.2,32.4,35.4,51,2807,3508
15:19:24,38.0,34.9,32.4,35.9,50,2807,3543
15:20:24,37.8,34.7,32.3,36.1,51,2777,3505
15:21:23,37.7,34.5,32.3,36.2,51,2777,3543
15:22:23,37.6,34.4,32.4,36.4,51,2732,3521
15:23:23,37.7,34.2,32.3,36.5,51,2732,3516
15:24:22,37.6,34.1,32.2,36.4,51,2732,3519
15:25:22,37.5,34.0,32.3,36.5,51,2704,3532
15:26:22,37.5,33.9,32.2,36.4,51,2668,3524
15:27:22,37.3,33.8,32.1,36.3,51,2668,3521
15:28:21,37.5,33.6,31.9,36.5,51,2638,3521
15:29:21,37.5,33.6,32.0,36.4,51,2613,3519
15:30:21,37.4,33.5,31.9,36.3,51,2613,3497
15:31:21,37.4,33.4,31.9,36.3,51,2613,3516
15:32:20,37.4,33.4,31.7,36.3,51,2514,3521
15:33:20,37.5,33.4,31.4,36.1,50,2482,3521
15:34:20,37.6,33.4,31.4,36.0,51,2482,3516
15:35:20,37.7,33.4,31.3,35.9,51,2454,3510
15:36:20,37.7,33.4,31.1,35.7,51,2416,3524
15:37:20,37.7,33.6,31.1,35.8,51,2416,3519
15:38:19,37.7,33.5,31.1,35.8,51,2416,3521
15:39:19,37.6,33.5,31.0,35.7,51,2392,3497
15:40:19,37.7,33.6,31.0,35.8,51,2392,3508
15:41:19,37.8,33.6,31.0,35.8,51,2363,3508
15:42:19,37.5,33.9,31.0,35.4,51,2363,3483
15:43:19,37.1,33.9,31.2,35.2,51,2283,3502
15:44:18,37.6,34.3,31.7,35.4,51,2305,3508
15:45:18,37.8,34.6,31.9,35.4,51,2336,3510
15:46:18,37.8,34.9,32.2,35.6,50,2363,3532
15:47:18,38.1,35.2,32.3,35.9,50,2392,3510
15:48:18,38.1,35.4,32.4,35.9,50,2416,3513
15:49:17,38.3,35.5,32.5,36.0,50,2454,3510
15:50:17,38.3,35.7,32.5,36.1,50,2454,3508
15:51:17,38.3,35.8,32.4,36.0,50,2482,3521
15:52:16,37.6,37.4,32.8,35.0,50,2454,3516
15:53:16,37.3,37.9,33.2,34.1,49,2416,3513
15:54:16,36.1,36.6,33.2,33.5,49,2283,3500
15:55:16,34.7,35.0,33.2,32.7,47,2106,3521
15:56:16,33.4,34.0,32.8,32.2,46,1915,3516
15:57:16,32.4,33.0,32.6,31.5,46,1762,3519
15:58:16,31.7,32.1,32.1,31.0,45,1630,3500
18:11:50,25.9,26.8,27.1,25.7,46,0,3497
18:12:51,25.7,26.4,26.9,25.5,52,0,3486
18:13:52,25.3,26.1,26.6,25.2,52,0,3494
18:14:53,25.2,25.9,26.4,25.0,53,400,3502
18:15:54,24.9,25.7,26.1,24.9,53,400,3502
18:16:55,24.7,25.4,25.8,24.6,53,400,3502
18:17:56,24.5,25.3,25.6,24.4,53,400,3494
18:18:57,24.5,25.0,25.3,24.3,54,400,3491
18:19:58,27.0,25.6,25.2,24.3,54,400,3494
18:20:59,31.4,27.4,24.9,24.9,56,461,3505
18:22:0,33.3,29.1,25.0,25.4,59,517,3491
18:23:1,34.2,30.2,25.3,26.4,60,561,3494
18:24:1,34.7,31.0,25.7,27.1,60,600,3497
18:25:2,35.2,31.8,26.2,28.0,60,641,3491
18:26:2,35.6,32.4,26.6,28.5,59,666,3497
18:27:3,35.7,32.9,27.0,29.1,58,699,3500
18:28:3,36.1,33.2,27.5,29.7,57,730,3500
18:29:3,36.2,33.6,27.9,30.2,57,759,3502
18:30:3,36.4,33.8,28.3,30.4,56,785,3502
18:31:3,36.5,34.1,28.6,30.9,56,808,3505
18:32:3,36.6,34.4,28.8,31.2,55,836,3489
18:33:3,36.8,34.4,29.2,31.6,55,851,3502
18:34:3,36.9,34.7,29.4,31.7,54,880,3508
18:35:3,36.5,34.5,29.7,32.1,54,900,3494
18:36:3,36.8,34.4,31.3,32.5,54,945,3508
18:37:3,37.2,34.7,32.6,33.1,54,1017,3502
18:38:3,37.3,35.1,33.4,33.6,54,1095,3502
18:39:3,37.6,35.4,33.8,34.1,54,1168,3516
18:40:2,37.7,35.9,34.5,34.5,53,1235,3510
18:41:2,37.8,36.1,34.8,34.8,52,1281,3508
18:42:2,38.0,36.3,35.1,35.1,52,1352,3521
18:43:1,38.1,36.5,35.3,35.3,51,1404,3513
18:44:1,38.1,36.7,35.4,35.6,51,1474,3516
18:45:1,38.3,36.8,35.7,35.6,51,1534,3502
18:46:0,38.3,36.9,35.8,35.9,50,1590,3513
18:47:0,38.4,36.9,36.0,36.0,50,1626,3500
18:47:59,38.4,37.2,36.1,36.1,49,1669,3505
18:48:59,38.5,37.3,36.0,36.3,49,1702,3513
18:49:58,38.5,37.3,36.1,36.3,49,1749,3521
18:50:58,38.5,37.3,36.2,36.4,49,1773,3505
18:51:57,38.6,37.5,36.3,36.5,48,1825,3508
18:52:57,38.6,37.5,36.2,36.5,48,1835,3508
18:53:56,38.6,37.5,36.1,36.6,48,1865,3519
18:54:56,38.6,37.5,36.2,36.6,48,1900,3510
18:55:55,38.6,37.6,36.3,36.7,48,1916,3513
18:56:55,38.6,37.5,36.2,36.7,47,1944,3505
18:57:54,38.7,37.6,36.1,36.8,48,1961,3497
18:58:54,38.6,37.6,36.3,36.9,48,1984,3508
18:59:53,38.7,37.5,36.2,36.7,48,2001,3516
19:0:53,38.6,37.6,36.2,36.7,48,2012,3519
19:1:52,38.6,37.6,36.2,36.7,47,2029,3519
19:2:52,38.8,37.7,36.2,36.9,47,2029,3521
19:3:52,38.7,37.7,36.1,37.0,47,2056,3508
19:4:51,38.6,37.6,36.0,36.8,47,2068,3519
19:5:51,38.8,37.5,36.0,36.8,47,2092,3521
19:6:50,38.7,37.7,36.1,36.8,47,2092,3516
19:7:50,38.7,37.7,36.0,36.8,47,2110,3510
19:8:49,38.6,37.5,36.1,37.0,47,2110,3505
19:9:49,38.6,37.6,36.0,36.8,47,2092,3521
19:10:48,38.7,37.7,35.9,36.9,46,2110,3530
19:11:48,38.7,37.5,36.1,37.0,47,2110,3513
19:12:47,38.6,37.6,35.8,36.9,47,2128,3513
19:13:47,38.6,37.6,35.8,36.9,46,2110,3508
19:14:46,38.4,36.7,34.8,36.2,46,2001,3510
19:15:46,38.3,36.5,34.0,36.0,45,1961,3521
19:16:45,38.3,36.6,33.6,35.7,46,1944,3513
19:17:45,38.3,36.7,33.3,35.5,47,1916,3521
19:18:45,38.2,36.7,33.0,35.2,48,1900,3524
19:19:44,38.1,36.6,32.8,35.2,49,1865,3516
19:20:44,38.1,36.6,32.6,34.9,49,1850,3521
19:21:44,38.0,36.7,32.5,34.8,49,1825,3502
19:22:43,38.0,36.5,32.4,34.7,49,1787,3513
19:23:43,37.9,36.5,32.1,34.6,50,1787,3521
19:24:43,37.9,36.5,32.1,34.6,50,1773,3519
19:25:42,37.8,36.4,32.0,34.5,50,1762,3513
19:26:42,37.8,36.5,31.9,34.4,50,1762,3505
19:27:42,37.8,36.4,31.9,34.4,51,1735,3521
19:28:42,37.8,36.3,31.9,34.3,50,1735,3508
19:29:41,37.8,36.3,31.9,34.2,51,1702,3521
19:30:41,37.7,36.2,31.8,34.3,51,1688,3521
19:31:41,37.7,36.3,31.7,34.2,51,1673,3513
19:32:41,37.7,36.4,31.7,34.2,51,1673,3510
19:33:40,37.7,36.2,31.6,34.1,51,1669,3497
19:34:40,37.7,36.2,31.6,34.0,51,1669,3510
19:35:40,37.8,36.2,31.5,34.0,51,1654,3505
19:36:40,37.8,36.2,31.6,34.0,51,1634,3516
19:37:39,37.6,36.1,31.5,34.0,51,1626,3521
19:38:39,37.6,36.1,31.4,34.0,51,1626,3510
19:39:39,37.6,36.1,31.5,34.0,52,1626,3516
19:40:39,37.6,35.9,31.4,33.8,51,1597,3502
19:41:38,37.6,36.0,31.6,34.0,51,1597,3502
19:42:38,37.6,36.1,31.3,33.9,51,1597,3524
19:43:38,37.5,36.1,31.4,33.9,51,1590,3510
19:44:38,37.6,36.1,31.4,34.0,52,1597,3510
19:45:38,37.5,36.1,31.4,33.9,52,1597,3500
19:46:37,37.5,36.0,31.4,33.9,52,1590,3524
19:47:37,37.5,35.8,31.3,34.0,52,1590,3508
19:48:37,37.6,35.7,31.3,34.1,52,1558,3505
19:49:37,37.6,35.6,31.2,34.1,51,1574,3519
19:50:36,37.5,35.7,31.2,34.1,52,1544,3508
19:51:36,37.5,35.9,31.3,34.1,52,1558,3505
19:52:36,37.5,35.8,31.3,34.0,52,1544,3513
19:53:36,37.5,35.7,31.2,34.1,52,1544,3510
19:54:36,37.5,35.7,31.3,34.0,52,1544,3497
19:55:35,37.5,35.7,31.2,34.0,52,1521,3502
19:56:35,37.5,35.7,31.2,34.1,52,1534,3543
19:57:35,37.5,35.7,31.2,34.1,52,1521,3516
19:58:35,37.5,35.7,31.1,34.1,52,1521,3527
19:59:35,37.5,35.8,31.1,34.1,52,1521,3500
20:0:34,37.4,35.7,31.1,34.2,52,1521,3510
20:1:34,37.5,35.6,31.1,34.2,52,1534,3521
20:2:34,37.4,35.8,31.2,34.1,52,1534,3519
20:3:34,37.5,35.7,31.1,34.1,52,1507,3502
20:4:34,37.5,35.7,31.2,34.1,52,1521,3508
20:5:33,37.6,35.7,31.1,34.1,52,1507,3516
20:6:33,37.5,35.7,31.1,34.1,52,1507,3508
20:7:33,37.5,35.7,31.2,34.2,52,1507,3510
20:8:33,37.6,35.7,31.2,34.1,52,1521,3521
20:9:32,37.5,35.8,31.1,34.1,52,1521,3510
20:10:32,37.5,35.7,31.2,34.1,52,1521,3519
20:11:32,37.5,35.6,31.1,34.0,53,1507,3508
20:12:32,37.5,35.7,31.2,34.1,53,1507,3521
20:13:32,37.6,35.8,31.0,34.1,52,1521,3510
20:14:31,37.5,35.9,31.1,34.1,52,1521,3516
20:15:31,37.5,35.7,31.2,34.1,52,1507,3510
20:16:31,37.5,35.8,31.1,34.1,53,1521,3521
20:17:31,37.3,35.2,31.3,34.6,53,1491,3510
20:18:31,36.0,34.5,34.1,35.5,52,1482,3510
20:19:30,35.3,34.3,35.9,36.3,52,1507,3521
20:20:30,34.7,34.3,36.6,36.8,52,1507,3510
20:21:30,34.3,34.3,37.0,36.9,51,1507,3519
20:22:30,34.1,34.3,37.3,37.0,51,1521,3519
20:23:30,33.9,34.4,37.4,37.0,50,1521,3519
20:24:29,33.8,34.2,37.5,37.1,50,1507,3508
20:25:29,33.7,34.3,37.5,37.2,50,1521,3521
20:26:29,33.6,34.4,37.6,37.2,50,1521,3513
20:27:29,33.6,34.4,37.5,37.2,50,1521,3524
20:28:29,33.5,34.4,37.4,37.3,50,1521,3521
20:29:28,33.6,34.3,37.5,37.2,50,1521,3516
20:30:28,33.5,34.3,37.6,37.2,49,1521,3513
20:31:28,33.5,34.3,37.5,37.1,50,1507,3532
20:32:28,33.5,34.3,37.6,37.2,49,1507,3513
20:33:28,33.4,34.3,37.5,37.2,49,1491,3510
20:34:27,33.4,34.3,37.6,37.0,50,1491,3521
20:35:27,33.4,34.3,37.6,37.1,50,1491,3513
20:36:27,33.3,34.3,37.7,37.2,49,1491,3521
20:37:27,33.4,34.2,37.6,37.2,49,1491,3519
20:38:26,33.3,34.3,37.5,37.2,50,1491,3510
20:39:26,33.4,34.3,37.5,37.1,50,1474,3510
20:40:26,33.4,34.2,37.6,37.1,49,1482,3508
20:41:26,33.4,34.2,37.6,37.1,49,1482,3513
20:42:26,33.4,34.2,37.7,37.1,49,1491,3513
20:43:25,33.4,34.3,37.5,37.1,49,1482,3521
20:44:25,33.4,34.2,37.5,37.0,50,1491,3521
20:45:25,33.5,34.2,37.5,37.0,49,1482,3524
20:46:25,33.4,34.2,37.6,37.0,49,1474,3508
20:47:25,33.5,34.1,37.5,37.0,49,1465,3524
20:48:24,33.3,34.2,37.7,37.2,49,1465,3500
20:49:24,33.3,34.1,37.6,37.1,49,1465,3519
20:50:24,33.3,34.2,37.5,37.1,49,1465,3505
20:51:24,33.3,33.9,37.5,36.9,49,1465,3502
20:52:24,33.1,33.8,37.5,36.9,49,1453,3521
20:53:23,33.2,33.8,37.4,36.9,49,1436,3513
20:54:23,33.0,33.6,37.5,36.8,49,1429,3505
20:55:23,33.0,33.4,37.3,36.8,49,1416,3521
20:56:23,32.9,33.4,37.3,36.8,49,1404,3510
20:57:23,32.9,33.4,37.2,36.7,49,1397,3502
20:58:23,32.8,33.3,37.2,36.7,49,1385,3516
20:59:22,32.8,33.3,37.2,36.6,49,1380,3516
21:0:22,32.7,33.2,37.2,36.7,50,1367,3510
21:1:22,32.7,33.2,37.2,36.6,49,1367,3508
21:2:22,32.6,33.1,37.3,36.6,50,1352,3513
21:3:22,32.6,33.1,37.2,36.6,49,1341,3519
21:4:22,32.6,33.0,37.2,36.7,49,1334,3519
21:5:22,32.5,33.0,37.2,36.5,49,1334,3516
21:6:21,32.4,33.0,37.2,36.6,49,1321,3519
21:7:21,32.5,32.9,37.3,36.5,49,1310,3516
21:8:21,32.5,32.6,36.4,36.6,50,1274,3500
21:9:21,32.7,32.2,36.2,37.6,49,1274,3535
21:10:21,32.9,32.0,36.1,37.8,49,1274,3519
21:11:21,33.1,32.0,36.1,37.9,49,1262,3524
21:12:21,33.3,31.9,36.0,37.9,49,1262,3505
21:13:21,33.4,32.0,36.0,38.0,48,1252,3510
21:14:20,33.5,32.0,36.0,37.9,48,1252,3521
21:15:20,33.5,32.0,36.0,37.8,48,1252,3519
21:16:20,33.7,31.9,36.0,37.9,48,1238,3519
21:17:20,33.6,31.9,36.0,37.9,48,1238,3497
21:18:20,33.7,32.0,36.0,37.9,48,1235,3505
21:19:20,33.7,32.0,36.1,37.8,48,1235,3497
21:20:19,33.8,32.1,36.1,37.9,48,1224,3524
21:21:19,33.8,32.0,36.1,37.8,48,1224,3513
21:22:19,33.8,32.1,36.0,37.9,48,1224,3519
21:23:19,33.8,32.2,36.0,37.8,48,1224,3508
21:24:19,33.9,32.2,36.2,38.0,48,1215,3519
21:25:18,33.8,32.1,36.1,37.9,48,1215,3500
21:26:18,33.9,32.1,36.0,37.9,48,1204,3527
21:27:18,33.8,32.1,36.1,37.8,48,1215,3505
21:28:18,34.0,32.2,36.1,37.9,48,1195,3505
21:29:18,33.9,32.1,36.3,37.9,48,1195,3510
21:30:18,33.9,32.2,36.1,37.8,48,1195,3505
21:31:17,34.0,32.1,36.1,37.9,48,1191,3510
21:32:17,34.0,32.1,36.0,37.9,48,1191,3516
21:33:17,33.9,32.1,36.0,37.9,48,1191,3497
21:34:17,34.0,32.3,35.9,37.9,48,1191,3508
21:35:17,34.0,32.1,36.0,37.9,48,1178,3516
21:36:16,33.9,32.1,36.2,37.9,48,1178,3513
21:37:16,34.0,32.1,36.1,38.0,48,1191,3521
21:38:16,33.9,32.2,36.1,37.8,48,1178,3508
21:39:16,33.9,32.1,36.1,37.8,47,1178,3521
21:40:16,33.8,32.1,36.0,37.9,47,1163,3502
21:41:16,33.9,32.2,36.1,37.9,47,1168,3510
21:42:15,33.9,32.3,36.1,38.0,48,1163,3510
21:43:15,33.9,32.1,36.1,37.9,47,1163,3508
21:44:15,33.9,32.2,36.1,37.9,47,1163,3513
21:45:15,33.9,32.2,36.2,37.8,48,1153,3513
21:46:15,33.9,32.0,36.1,37.8,47,1153,3502
21:47:15,33.8,32.1,36.1,37.9,48,1153,3513
21:48:14,33.9,32.2,36.0,37.9,48,1153,3521
21:49:14,33.9,32.1,36.3,37.8,47,1147,3530
21:50:14,33.9,32.2,36.0,37.9,48,1137,3497
21:51:14,33.9,32.1,36.1,37.9,47,1153,3524
21:52:14,33.9,32.1,36.1,37.8,47,1137,3505
21:53:13,33.8,32.2,36.0,37.7,47,1122,3519
21:54:13,33.9,32.1,36.0,37.8,47,1122,3500
21:55:13,33.9,32.1,36.0,37.9,48,1122,3516
21:56:13,33.8,32.0,36.1,37.7,48,1110,3497
21:57:13,33.9,32.1,36.2,37.9,47,1110,3516
21:58:13,33.8,32.1,36.0,37.8,47,1102,3500
21:59:12,34.0,32.0,36.1,37.8,47,1110,3502
22:0:12,33.9,32.0,36.1,37.7,47,1095,3516
22:1:12,33.9,32.0,36.1,37.8,47,1102,3513
22:2:12,33.8,32.1,36.1,37.8,47,1095,3521
22:3:12,33.8,31.9,36.0,37.9,47,1102,3508
22:4:12,33.8,32.0,36.0,37.8,47,1095,3516
22:5:11,33.9,32.0,36.0,37.9,47,1095,3500
22:6:11,33.9,31.9,36.0,37.9,48,1090,3513
22:7:11,34.0,32.0,36.0,37.7,48,1090,3508
22:8:11,34.0,32.0,36.1,37.9,47,1095,3524
22:9:11,34.0,32.1,36.1,37.7,47,1077,3516
22:10:10,33.9,32.0,36.0,37.9,47,1090,3502
22:11:10,33.9,32.0,36.1,37.8,47,1077,3521
22:12:10,33.9,32.1,36.0,37.8,47,1090,3516
22:13:10,33.9,32.1,36.1,37.8,47,1077,3497
22:14:10,34.0,32.0,36.0,37.7,47,1077,3519
22:15:10,33.9,32.1,36.0,37.8,48,1077,3519
22:16:9,33.8,32.1,36.0,37.9,47,1077,3505
22:17:9,34.0,32.1,36.0,37.8,48,1071,3513
22:18:9,33.9,32.0,36.2,37.8,47,1071,3527
22:19:9,33.9,31.9,36.0,37.9,47,1071,3516
22:20:9,33.9,32.0,36.0,37.8,47,1071,3513
22:21:9,33.8,32.0,36.2,37.7,47,1062,3510
22:22:8,33.8,31.9,36.0,37.7,47,1071,3508
22:23:8,33.9,32.1,36.0,37.7,47,1062,3505
22:24:8,33.8,32.0,36.0,37.7,47,1053,3516
22:25:8,33.8,31.9,36.0,37.7,47,1053,3500
22:26:8,33.8,32.0,36.1,37.7,47,1050,3508
22:27:8,33.8,32.0,36.1,37.8,47,1053,3519
22:28:8,33.8,32.0,36.0,37.8,47,1050,3513
22:29:7,33.8,32.0,36.0,37.9,47,1050,3519
22:30:7,33.8,32.0,36.0,37.7,47,1050,3516
22:31:7,33.8,32.0,36.1,37.7,47,1041,3524
22:32:7,33.8,32.0,36.0,37.8,47,1029,3513
22:33:7,33.9,32.0,36.1,37.9,47,1041,3519
22:34:7,33.9,32.0,36.1,37.8,47,1041,3510
22:35:6,33.8,32.0,36.1,37.9,47,1041,3491
22:36:6,33.7,31.9,36.1,37.7,47,1029,3502
22:37:6,33.8,32.0,36.0,37.7,47,1017,3494
22:38:6,33.9,32.0,36.1,37.7,47,1017,3510
22:39:6,33.8,32.0,36.0,37.7,47,1017,3513
22:40:6,33.8,31.9,36.0,37.8,47,1029,3505
22:41:6,33.7,32.0,36.0,37.8,47,1017,3502
22:42:5,33.7,31.9,36.1,37.7,47,1017,3521
22:43:5,33.7,32.1,36.0,37.8,47,1017,3516
22:44:5,33.8,31.9,36.0,37.6,47,1017,3513
22:45:5,33.7,31.8,35.9,37.7,47,1017,3527
22:46:5,33.7,31.9,36.1,37.7,47,1017,3521
22:47:5,33.7,32.0,36.0,37.6,47,1012,3513
22:48:4,33.8,32.0,36.0,37.8,47,1012,3513
22:49:4,33.7,32.0,35.9,37.8,47,1012,3513
22:50:4,33.8,32.0,36.1,37.9,47,1012,3510
22:51:4,33.7,31.9,36.0,37.7,47,1007,3513
22:52:4,33.7,31.8,36.0,37.8,47,1007,3519
22:53:4,33.7,31.9,36.0,37.7,47,1007,3505
22:54:4,33.7,32.0,36.1,37.7,47,1012,3500
22:55:3,33.6,32.1,36.1,37.7,47,997,3510
22:56:3,33.7,32.0,36.1,37.7,47,1012,3510
22:57:3,33.7,31.9,36.0,37.9,47,997,3510
22:58:3,33.8,31.9,36.0,37.8,47,1007,3508
22:59:3,33.8,32.0,36.1,37.8,47,1007,3494
23:0:3,33.8,32.0,36.0,37.7,47,997,3521
23:1:2,33.7,31.9,36.1,37.8,47,997,3508
23:2:2,33.7,31.9,35.9,37.8,47,997,3516
23:3:2,33.6,31.9,36.0,37.8,47,997,3505
23:4:2,33.7,32.0,36.0,37.7,47,987,3508
23:5:2,33.7,31.9,36.0,37.7,47,990,3510
23:6:2,33.7,32.0,36.0,37.7,47,990,3521
23:7:2,33.6,31.9,36.0,37.6,47,990,3497
23:8:1,33.6,31.9,36.0,37.7,47,987,3510
23:9:1,33.7,31.9,35.9,37.7,47,990,3508
23:10:1,33.6,32.0,35.9,37.6,47,987,3508
23:11:1,33.7,31.9,36.0,37.6,47,987,3497
23:12:1,33.7,32.0,36.2,37.7,47,987,3502
23:13:1,33.6,31.9,36.1,37.6,47,975,3516
23:14:0,33.6,32.0,36.1,37.6,47,987,3505
23:15:0,33.6,31.9,36.1,37.7,47,975,3516
23:16:0,33.5,31.9,35.9,37.7,47,975,3500
23:17:0,33.5,31.9,36.0,37.8,47,975,3510
23:18:0,33.6,31.9,36.1,37.6,47,975,3521
23:19:0,33.5,31.9,36.0,37.7,47,972,3510
23:20:0,33.6,31.9,36.0,37.7,47,972,3521
23:20:59,33.5,31.9,36.0,37.7,47,975,3513
23:21:59,33.5,31.9,36.0,37.6,47,975,3516
23:22:59,33.0,31.8,36.0,36.5,47,927,3516
23:23:59,32.6,31.8,35.6,37.1,46,909,3497
23:24:59,32.6,31.7,35.4,37.3,46,900,3505
23:25:59,32.6,31.8,35.3,37.5,47,907,3521
23:26:59,32.6,31.7,35.3,37.6,47,907,3502
23:27:59,32.7,31.6,35.3,37.5,47,918,3510
23:28:59,32.7,31.6,35.3,37.6,47,909,3508
23:29:59,32.5,31.6,35.4,37.7,47,909,3519
23:30:58,32.8,31.6,35.2,37.6,47,909,3521
23:31:58,32.8,31.8,35.4,37.5,47,907,3508
23:32:58,32.6,31.7,35.4,37.4,47,909,3510
23:33:58,32.6,31.7,35.4,37.5,47,909,3497
23:34:58,32.8,31.7,35.3,37.5,47,907,3513
23:35:58,32.8,31.6,35.3,37.6,47,907,3521
23:36:58,32.7,31.7,35.3,37.6,47,907,3508
23:37:58,32.8,31.6,35.2,37.6,46,900,3519
23:38:58,32.8,31.7,35.3,37.5,47,907,3510
23:39:58,32.7,31.8,35.2,37.5,47,900,3513
23:40:57,32.8,31.6,35.2,37.4,47,900,3521
23:41:57,32.7,31.6,35.3,37.4,47,889,3521
23:42:57,32.8,31.6,35.2,37.6,47,889,3513
23:43:57,32.8,31.7,35.1,37.5,47,900,3510
23:44:57,32.8,31.7,35.2,37.5,47,900,3497
23:45:57,32.7,31.6,35.3,37.5,47,889,3494
23:46:57,32.8,31.7,35.3,37.5,47,889,3494
23:47:57,32.8,31.7,35.1,37.5,47,889,3513
23:48:57,32.8,31.7,35.1,37.4,47,882,3497
23:49:57,32.8,31.7,35.3,37.4,47,882,3508
23:50:57,32.6,31.6,35.1,37.4,47,882,3516
23:51:56,32.7,31.7,35.1,37.5,47,882,3513
23:52:56,32.8,31.6,35.2,37.5,47,880,3505
23:53:56,32.7,31.6,35.1,37.4,46,872,3497
23:54:56,32.6,31.6,35.3,37.5,47,880,3508
23:55:56,32.7,31.6,35.2,37.4,47,872,3502
23:56:56,32.7,31.6,35.1,37.4,47,868,3532
23:57:56,32.7,31.5,35.1,37.5,47,868,3516
23:58:56,32.7,31.5,35.2,37.4,47,868,3505
23:59:56,32.7,31.6,35.1,37.4,47,863,3516
0:0:56,32.8,31.5,35.2,37.4,47,868,3519
